run_ID,t1_initial,t2_initial,t3_initial,t4_initial,t5_initial,t6_initial,t7_initial,t8_initial,t9_initial,t10_initial,t11_initial,t12_initial,alpha,prior_cost_c,lambda,k,sample_amount,learning_parameter,generations,t1_final,t2_final,t3_final,t4_final,t5_final,t6_final,t7_final,t8_final,t9_final,t10_final,t11_final,t12_final
0,0.131839560808,0.101275317762,0.110473726245,0.0252255060395,0.0577774190593,0.0102670564811,0.00944751611021,0.109556065306,0.0243781036751,0.109792613839,0.124025246226,0.185941868448,1,0.1,30,20,15,10,20,9.73643910418e-06,3.39488639898e-06,9.73643910418e-06,0.0146531968358,0.000427015072985,0.000752347251462,9.73643910418e-06,3.39488639898e-06,9.73643910418e-06,0.268151649464,0.447834811515,0.268135244331
1,0.0491824282517,0.0214636744493,0.00649077653866,0.0111175119299,0.0974676671591,0.115781864743,0.227676031499,0.0744655010238,0.0405826103761,0.0748580220968,0.169978017075,0.110935894857,1,0.1,30,20,15,10,20,2.25821892175e-05,7.87392251039e-06,2.25821892175e-05,0.0143085899611,0.000747813280648,0.0024775493227,2.25821892175e-05,7.87392251039e-06,2.25821892175e-05,0.267671615335,0.447033115929,0.26765523957
2,0.0724743300896,0.19673311339,0.181216984047,0.00970589864643,0.0319643764432,0.0515942915478,0.145292652021,0.00640688686982,0.0647892869676,0.106639141311,0.00230121257901,0.130881826089,1,0.1,30,20,15,10,20,9.16174610316e-07,3.19450333984e-07,9.16174610316e-07,9.67264410676e-06,2.07718846382e-05,1.32441759034e-05,9.16174610316e-07,3.19450333984e-07,9.16174610316e-07,0.272465060776,0.455038555165,0.272448391755
3,0.0222765381,0.133964961796,0.065245615139,0.104881486384,0.252488867255,0.210394216627,0.0833167890183,0.0137779150093,0.0514052574126,0.0186362306519,0.0125284480936,0.0310836745144,1,0.1,30,20,15,10,20,4.55127716633e-05,1.58693222282e-05,4.55127716633e-05,0.0751803508043,0.00297593843895,0.00198055062579,4.55127716633e-05,1.58693222282e-05,4.55127716633e-05,0.250584347719,0.418496005353,0.250569017328
4,0.0233488212186,0.0168380242648,0.036072114521,0.20290336691,0.1567988671,0.0293905773486,0.0383988659986,0.0172518360949,0.0650498588679,0.0855860392689,0.217782606947,0.11057902146,1,0.1,30,20,15,10,20,2.04530592282e-05,7.13154078695e-06,2.04530592282e-05,0.012885489075,0.00461799600201,8.93179496105e-05,2.04530592282e-05,7.13154078695e-06,2.04530592282e-05,0.267658305002,0.447010886603,0.267641930051
5,0.046891874707,0.0540296100457,0.169214594715,0.00784049975785,0.00498442903898,0.143084224778,0.00764368139982,0.221525440547,0.0542998402594,0.024466797876,0.116834211279,0.149184795596,1,0.1,30,20,15,10,20,2.9663350406e-05,1.03429707477e-05,2.9663350406e-05,0.0246006004249,0.000753301634243,0.00443034243708,2.9663350406e-05,1.03429707477e-05,2.9663350406e-05,0.264324615234,0.441443356693,0.264308444234
6,0.0381225468523,0.0671793595992,0.0319447692716,0.0684514442321,0.277099730121,0.0802963678417,0.0148589427623,0.0173437243941,0.118630907282,0.071714269794,0.159166316551,0.0551916212979,1,0.1,30,20,15,10,20,3.48304154236e-05,1.21446149179e-05,3.48304154236e-05,0.0243390881694,0.00660531667144,0.000764553563949,3.48304154236e-05,1.21446149179e-05,3.48304154236e-05,0.263793559306,0.440556450602,0.263777420795
7,0.0125497029117,0.0636360744272,0.205391689638,0.0374423829221,0.025031367982,0.0197805028245,0.0645508441273,0.157378651441,0.0461950932208,0.0342269105112,0.0046384641743,0.329178315819,1,0.1,30,20,15,10,20,1.36313843918e-05,4.75296984615e-06,1.36313843918e-05,0.017605985261,0.00267787107331,0.000571598419874,1.36313843918e-05,4.75296984615e-06,1.36313843918e-05,0.266778034981,0.445540764903,0.266761713884
8,0.013005838896,0.0193286562536,0.0590593839927,0.0543939838702,0.115441162154,0.213001193771,0.0968450186427,0.1405933804,0.125604243169,0.0608796212234,0.0970803532846,0.00476716434242,1,0.1,30,20,15,10,20,0.000104483544914,3.64311594567e-05,0.000104483544914,0.0910395934309,0.0103819674544,0.00156980350855,0.000104483544914,3.64311594567e-05,0.000104483544914,0.244281511152,0.407969761596,0.24426656636
9,0.108016243426,0.0562123748622,0.156133460596,0.0143769393542,0.0224321541305,0.00250320077723,0.115621039024,0.014790116977,0.21108011797,0.229846423115,0.0664771467525,0.00251078301557,1,0.1,30,20,15,10,20,1.95631213073e-05,6.82123862093e-06,1.95631213073e-05,0.0539757936564,0.00035019174948,0.00051168729763,1.95631213073e-05,6.82123862093e-06,1.95631213073e-05,0.257511031331,0.430064123827,0.257495277176
10,0.057098850414,0.147893749127,0.000476259108282,0.0236292492936,0.0231558726371,0.0715619270398,0.205999801059,0.235160908883,0.0591142233629,0.0310773832819,0.0263922519527,0.118439523841,1,0.1,30,20,15,10,20,4.04833402626e-05,1.41156679328e-05,4.04833402626e-05,0.0359538982235,0.0109858006001,0.00357669443909,4.04833402626e-05,1.41156679328e-05,4.04833402626e-05,0.258661709151,0.43198584829,0.258645884599
11,0.0772642974476,0.0622948893341,0.046738723953,0.00728271575785,0.076827491882,0.052094839073,0.141932348171,0.00960261160204,0.0178327142687,0.120140030955,0.224782548015,0.16320678954,1,0.1,30,20,15,10,20,4.56324432789e-06,1.59110491405e-06,4.56324432789e-06,0.00212713881185,0.000265405835421,0.00173872187643,4.56324432789e-06,1.59110491405e-06,4.56324432789e-06,0.271346617202,0.453170664483,0.271330016605
12,0.00985266421921,0.0713187818577,0.125081061826,0.21290715587,0.196543964227,0.0439364338122,0.0508893661021,0.0670970543144,0.0691686310066,0.00576826757105,0.12986640942,0.0175702097736,1,0.1,30,20,15,10,20,0.00014108967956,4.91949293833e-05,0.00014108967956,0.094502858317,0.00742490625097,0.00532544098137,0.00014108967956,4.91949293833e-05,0.00014108967956,0.243073399429,0.405952117897,0.243058528547
13,0.0354995181233,0.0284771245971,0.127512486476,0.00885433006487,0.221944308878,0.251975855325,0.0232552044427,0.00361608998494,0.0100857612759,0.0970303625544,0.148028004333,0.0437209539443,1,0.1,30,20,15,10,20,3.49883617473e-05,1.21996873957e-05,3.49883617473e-05,0.0490656119688,0.000152877818689,0.00358568953593,3.49883617473e-05,1.21996873957e-05,3.49883617473e-05,0.258045370638,0.430956513424,0.258029583793
14,0.0348646334838,0.0681727274752,0.0366793173735,0.109142903175,0.0967698194566,0.0743998954203,0.037293974722,0.0989094731051,0.0462640267792,0.0030357217319,0.346746980932,0.0477205263447,1,0.1,30,20,15,10,20,2.37426310562e-05,8.27854356054e-06,2.37426310562e-05,0.0230928013481,0.0015089174224,0.00117105010377,2.37426310562e-05,8.27854356054e-06,2.37426310562e-05,0.26542523273,0.44328147639,0.265408994395
15,0.0948361855999,0.049352730858,0.123553488174,0.0141095363621,0.0512883571008,0.0117162342434,0.20326080941,0.0737120530502,0.0981567237275,0.158950799929,0.0684579489306,0.0526051326144,1,0.1,30,20,15,10,20,3.22369394802e-05,1.12403257716e-05,3.22369394802e-05,0.0420449286591,0.000817288779814,0.00337453221899,3.22369394802e-05,1.12403257716e-05,3.22369394802e-05,0.259838373262,0.433950971947,0.259822476723
16,0.0421706586641,0.0500866237325,0.00789841500397,0.256580810914,0.134292712697,0.00974392073847,0.0478649790261,0.011662731567,0.0873085361561,0.23488642137,0.0760890172764,0.041415172854,1,0.1,30,20,15,10,20,1.48506238738e-05,5.17809236682e-06,1.48506238738e-05,0.0385971776369,0.000684453103013,0.00386583831962,1.48506238738e-05,5.17809236682e-06,1.48506238738e-05,0.260702387902,0.435393945855,0.260686438504
17,0.120496084911,0.145649906178,0.0922988525595,0.0478847125633,0.0368868811944,0.16250995121,0.11506068739,0.0377436532708,0.0807205280901,0.141142607699,0.0157636393098,0.0038424956241,1,0.1,30,20,15,10,20,3.34751387064e-05,1.16720591463e-05,3.34751387064e-05,0.0771757583408,0.00175331207582,0.00127160189486,3.34751387064e-05,1.16720591463e-05,3.34751387064e-05,0.250582362066,0.418492689153,0.250567031797
18,0.0275026352222,0.0830455961334,0.022483885975,0.247887961414,0.069925100725,0.285988008959,0.0465930490708,0.000190786269723,0.0618026223365,0.108869146868,0.00699313875934,0.038718068267,1,0.1,30,20,15,10,20,8.51299719881e-05,2.96829858386e-05,8.51299719881e-05,0.126834252368,0.00463570265356,0.00156154903028,8.51299719881e-05,2.96829858386e-05,8.51299719881e-05,0.236121001005,0.394341053621,0.236106555461
19,0.026106889599,0.0026060491144,0.119616131766,0.112789372348,0.0383225925084,0.129384879489,0.097043152892,0.0293065100168,0.0599082998995,0.0961894400839,0.146696374965,0.142030307317,1,0.1,30,20,15,10,20,7.48599062179e-06,2.61020353261e-06,7.48599062179e-06,0.0223850700355,0.0003376384204,0.00373923342106,7.48599062179e-06,2.61020353261e-06,7.48599062179e-06,0.265258255467,0.443002610938,0.265242027348
20,0.133910750183,0.101059201229,0.0220569565405,0.0475940719405,0.0111381842538,0.0359453029806,0.0524752699636,0.0701271187238,0.211423635641,0.262917159663,0.0480185144642,0.0033338344166,1,0.1,30,20,15,10,20,1.68914801982e-05,5.88969496648e-06,1.68914801982e-05,0.0355844151241,0.00107902116274,0.000640650183069,1.68914801982e-05,5.88969496648e-06,1.68914801982e-05,0.26229196976,0.438048675346,0.262275923114
21,0.138275948129,0.154703128576,0.0582466000438,0.0262002461212,0.176519798096,0.00250674276516,0.20814016762,0.00221318305258,0.129522470878,0.0524074484465,0.00508749268778,0.0461767735844,1,0.1,30,20,15,10,20,4.10246591701e-05,1.43044141651e-05,4.10246591701e-05,0.170334527817,0.0046683820423,0.00590893009493,4.10246591701e-05,1.43044141651e-05,4.10246591701e-05,0.223131107833,0.372646887756,0.223117456992
22,0.101936102679,0.107938014494,0.0877066756317,0.00772923196205,0.150989801679,0.0411280824774,0.00317470963462,0.0596308204668,0.284464909468,0.0931774717461,0.0451142404909,0.01700993927,1,0.1,30,20,15,10,20,8.75011400006e-05,3.05097610024e-05,8.75011400006e-05,0.0585687177218,0.00914849120503,0.00355438976853,8.75011400006e-05,3.05097610024e-05,8.75011400006e-05,0.252946190075,0.422440471957,0.25293071519
23,0.0381387979766,0.0761372046562,0.00956564397341,0.165758727731,0.00340363806083,0.153733146913,0.313750361803,0.042479199121,0.132154730194,0.0243044632797,0.0319251644229,0.00864892186763,1,0.1,30,20,15,10,20,0.000114648249529,3.99753728058e-05,0.000114648249529,0.294273702533,0.00588667941806,0.00219940658065,0.000114648249529,3.99753728058e-05,0.000114648249529,0.18994496416,0.317223359965,0.1899333436
24,0.0927040105358,0.0478350381051,0.0834195275607,0.0351134473327,0.0378222967463,0.12250142214,0.0864145833207,0.0421715374868,0.0650260274735,0.0226294385882,0.251416700779,0.112945969931,1,0.1,30,20,15,10,20,4.88551300208e-05,1.70347305265e-05,4.88551300208e-05,0.00496570047699,0.00262828655126,0.000252333194817,4.88551300208e-05,1.70347305265e-05,4.88551300208e-05,0.270277655906,0.451385413184,0.270261120707
25,0.0967826078219,0.0124035971718,0.00460555776274,0.0429552511124,0.146856380432,0.0228943402893,0.157286736633,0.119813623999,0.0904829749473,0.16663289459,0.0388509530787,0.100435082161,1,0.1,30,20,15,10,20,2.25595547615e-05,7.86603036359e-06,2.25595547615e-05,0.0128132292117,0.00295584276849,0.000772702362359,2.25595547615e-05,7.86603036359e-06,2.25595547615e-05,0.267941991179,0.447484665325,0.267925598873
26,0.0430374662273,0.0294203047463,0.0123778728686,0.021084086885,0.268470219415,0.0782553193357,0.174055873634,0.00832896764963,0.104741151019,0.0357496227625,0.119036320397,0.105442795059,1,0.1,30,20,15,10,20,7.46974276582e-05,2.60453825554e-05,7.46974276582e-05,0.0480320863764,0.00334658774138,0.0030070229232,7.46974276582e-05,2.60453825554e-05,7.46974276582e-05,0.257563616928,0.430151946,0.257547859555
27,0.0645791583465,0.0350207544666,0.00611599024974,0.114683307428,0.0378218405923,0.0666479666358,0.267988706715,0.0626137560402,0.0271717365437,0.000349538064831,0.269601878488,0.0474053664284,1,0.1,30,20,15,10,20,4.85204621774e-05,1.69180390649e-05,4.85204621774e-05,0.0262158134854,0.00236096796993,0.00087581938552,4.85204621774e-05,1.69180390649e-05,4.85204621774e-05,0.264390845152,0.44155396598,0.2643746701
28,0.0246992540142,0.00421165382053,0.0867806113987,0.161948240127,0.101069419907,0.0340067919958,0.0211570050214,0.0310415924654,0.0802766664738,0.15390961788,0.299263265266,0.00163588163112,1,0.1,30,20,15,10,20,5.88465232774e-06,2.05185139417e-06,5.88465232774e-06,0.0105418840983,0.00244163496448,0.00150237619766,5.88465232774e-06,2.05185139417e-06,5.88465232774e-06,0.268523515942,0.448455858427,0.268507088058
29,0.308098040387,0.0345359999004,0.189677580293,0.0013181487915,0.0998557542344,0.0102550557386,0.0635751545492,0.191438049374,0.0138540598148,0.0279169962204,0.024459595471,0.0350155652261,1,0.1,30,20,15,10,20,6.63052422564e-06,2.31192084404e-06,6.63052422564e-06,0.000105083263379,0.000335273088298,0.000472663933604,6.63052422564e-06,2.31192084404e-06,6.63052422564e-06,0.272220872976,0.454630741907,0.272204218893
30,0.037063305727,0.0901426445452,0.208172281062,0.0798535552497,0.0548465553074,0.212447115085,0.110123790894,0.0462259109118,0.00398578303564,0.107004739728,0.0152949888164,0.0348393296379,1,0.1,30,20,15,10,20,2.51555207237e-05,8.77118772585e-06,2.51555207237e-05,0.105780329643,0.000963714069518,0.00313745810823,2.51555207237e-05,8.77118772585e-06,2.51555207237e-05,0.242505633422,0.405003903023,0.242490797276
31,0.0712444271258,0.15164040953,0.00820544953616,0.0819343209507,0.192354225535,0.117656345086,0.017930812997,0.0834117625281,0.0416254230769,0.128487404667,0.0605044921337,0.0450049268332,1,0.1,30,20,15,10,20,2.00651101982e-05,6.99627132433e-06,2.00651101982e-05,0.0597349793378,0.00268547253897,0.00222824471048,2.00651101982e-05,6.99627132433e-06,2.00651101982e-05,0.254837099306,0.425598442385,0.254821508738
32,0.0544452541079,0.0610689906263,0.00975373096802,0.0207808609712,0.0127869569102,0.0897914172209,0.010677532398,0.0576263838694,0.0679295849722,0.142976942023,0.307969388756,0.164192957176,1,0.1,30,20,15,10,20,6.85515765371e-06,2.39024567734e-06,6.85515765371e-06,0.00112114787,0.0010068916935,0.000129318297338,6.85515765371e-06,2.39024567734e-06,6.85515765371e-06,0.271854282862,0.454018506948,0.271837651207
33,0.0414922417327,0.0260486947717,0.00123653591924,0.00123115538341,0.00368041294099,0.132770122484,0.0539835831294,0.112952285716,0.0266652710426,0.112774516685,0.400511142587,0.0866540376082,1,0.1,30,20,15,10,20,6.13501761229e-06,2.13914837104e-06,6.13501761229e-06,0.00943518914491,0.000651778859882,0.000220876520333,6.13501761229e-06,2.13914837104e-06,6.13501761229e-06,0.269661622976,0.450356588667,0.269645125465
34,0.181186727459,0.00790897780074,0.122829250394,0.0627707802643,0.043495869712,0.0427954665456,0.162482812149,0.0575476615789,0.0878042436477,0.0358032245965,0.0264109999843,0.168963985868,1,0.1,30,20,15,10,20,4.08700679983e-05,1.42505115564e-05,4.08700679983e-05,0.0386259676738,0.00151296267967,0.00188333082294,4.08700679983e-05,1.42505115564e-05,4.08700679983e-05,0.26097567946,0.435850364727,0.260959713342
35,0.0439853978483,0.0360590608536,0.0643875423837,0.0224959565357,0.00173098533814,0.0444081769105,0.145197313396,0.0582821998233,0.145064060282,0.0517471627447,0.00851628085904,0.378125863025,1,0.1,30,20,15,10,20,1.22443312353e-05,4.26933431521e-06,1.22443312353e-05,0.0207127321701,0.000104601320136,1.02069113772e-05,1.22443312353e-05,4.26933431521e-06,1.22443312353e-05,0.266787416359,0.445556432558,0.266771094688
36,0.00827117378945,0.0992718062895,0.0597027353216,0.0709553673757,0.0603279242238,0.116430365423,0.0256008392468,0.307029465676,0.187497601491,0.0420369031227,0.0148902011956,0.00798561684561,1,0.1,30,20,15,10,20,0.000334316624358,0.000116568999081,0.000334316624358,0.218431300938,0.0261387002396,0.00274635830617,0.000334316624358,0.000116568999081,0.000334316624358,0.2046619357,0.341801885544,0.204649414776
37,0.00126127517366,0.0245557012484,0.109460369273,0.00766620066557,0.0685127520958,0.219538138887,0.0416268721075,0.103875291902,0.00771447588549,0.180478393426,0.197947780723,0.0373627486125,1,0.1,30,20,15,10,20,3.78946515186e-05,1.32130479796e-05,3.78946515186e-05,0.0293228045753,0.000611457670239,0.00113530451418,3.78946515186e-05,1.32130479796e-05,3.78946515186e-05,0.263963857552,0.440840862363,0.263947708623
38,0.0254129570127,0.0183378558568,0.151995337446,0.180159132258,0.0218325132708,0.125175780936,0.0614901285409,0.114635170218,0.152752150558,0.118720500339,0.00260067802265,0.0268877955412,1,0.1,30,20,15,10,20,7.70009497104e-07,2.68485710312e-07,7.70009497104e-07,2.30910484424e-05,0.000180229263057,2.13072225549e-05,7.70009497104e-07,2.68485710312e-07,7.70009497104e-07,0.272415945982,0.45495652951,0.272399279965
39,0.0107698072681,0.00944386386008,0.283730646816,0.0955857515995,0.0941480984764,0.0198152456596,0.0853910146201,0.185801169698,0.0111130904153,0.0263807446477,0.0939828747202,0.0838376922196,1,0.1,30,20,15,10,20,1.79551524695e-05,6.26057455484e-06,1.79551524695e-05,0.0867695360084,0.000251932587371,0.00200332040518,1.79551524695e-05,6.26057455484e-06,1.79551524695e-05,0.248197847635,0.414510358359,0.248182663246
40,0.0198645772354,0.032267578398,0.00632144306152,0.011405018102,0.0529653849961,0.0277107810409,0.144220627321,0.0855751408006,0.137352359805,0.329902815009,0.0442216627969,0.108192611432,1,0.1,30,20,15,10,20,5.4501305297e-06,1.90034301144e-06,5.4501305297e-06,0.00689975845145,0.000384265364045,0.000410752852764,5.4501305297e-06,1.90034301144e-06,5.4501305297e-06,0.270374503444,0.451547156359,0.27035796232
41,0.122721877892,0.187483858113,0.170486058067,0.0888629318274,0.0159471982281,0.109425495351,0.00773350774441,0.0735307751426,0.0263510761247,0.0591055135735,0.0910853434834,0.0472663644527,1,0.1,30,20,15,10,20,7.32784360719e-05,2.55506107825e-05,7.32784360719e-05,0.0493017711453,0.00884642937159,0.000632835201368,7.32784360719e-05,2.55506107825e-05,7.32784360719e-05,0.256367799437,0.428154834657,0.256352115223
42,0.0838251864378,0.0376072029171,0.11945508718,0.291279390581,0.000136519993222,0.0940221785087,0.0643303444494,0.0272248774074,0.0894292085055,0.039717063301,0.0613729110957,0.0916000296239,1,0.1,30,20,15,10,20,0.000137012997385,4.77734782016e-05,0.000137012997385,0.037163223994,0.00752494467842,0.00487455625132,0.000137012997385,4.77734782016e-05,0.000137012997385,0.258798012005,0.432213485012,0.258782179114
43,0.104161603404,0.00350776367473,0.049470468817,0.0903452817814,0.100199355861,0.121752332038,0.082046889626,0.274039150297,0.0144301587933,0.0670127535255,0.0673157685764,0.0257184736055,1,0.1,30,20,15,10,20,0.000130155677757,4.53824786905e-05,0.000130155677757,0.0998764981555,0.000348084822972,0.00803809339953,0.000130155677757,4.53824786905e-05,0.000130155677757,0.242812335422,0.405516120019,0.242797480512
44,0.12556930278,0.0138047305027,0.0960225005697,0.0889937714653,0.0964233327429,0.0371983761059,0.0822245211015,0.00164798897489,0.0833169711059,0.0146322314734,0.235414974394,0.124751298784,1,0.1,30,20,15,10,20,1.60723613055e-05,5.60408586874e-06,1.60723613055e-05,0.0376305726932,0.000233803747194,0.000700817346233,1.60723613055e-05,5.60408586874e-06,1.60723613055e-05,0.261949393999,0.437476546285,0.261933368312
45,0.107763350527,0.269638473394,0.165149816072,0.0978895369979,0.0537345675655,0.170030938769,0.0254507553116,0.0333312474668,0.00640991125156,0.0176293740814,0.0368292594707,0.016142769092,1,0.1,30,20,15,10,20,0.000196844107175,6.86352962325e-05,0.000196844107175,0.0946569486097,0.0384397406482,0.00562245293864,0.000196844107175,6.86352962325e-05,0.000196844107175,0.234428258012,0.391514036742,0.234413916028
46,0.0197079557811,0.00614551792148,0.121140564555,0.160371503766,0.193269242216,0.237501409902,0.14458045331,0.0292751660438,0.00949086098057,0.00644960695653,0.0025442424169,0.0695234761509,1,0.1,30,20,15,10,20,5.8540863192e-05,2.04119368599e-05,5.8540863192e-05,0.228989463014,0.00918353052662,0.00266651117951,5.8540863192e-05,2.04119368599e-05,5.8540863192e-05,0.206779709881,0.345338738676,0.206767059396
47,0.251349188824,0.0216496933954,0.0174326398142,0.0398500283799,0.242336894541,0.0112264932893,0.009031304486,0.220385700239,0.112766232131,0.0469076733975,0.0226397824302,0.00442436907198,1,0.1,30,20,15,10,20,0.000182937012027,6.37861919902e-05,0.000182937012027,0.200727337064,0.00417916302591,0.0222269680209,0.000182937012027,6.37861919902e-05,0.000182937012027,0.210355087215,0.35130990625,0.210342217992
48,0.0653439824563,0.0299828477262,0.115538425283,0.00555172605495,0.025762756713,0.0281804000571,0.00993862162432,0.319186721306,0.111984626038,0.0333449211535,0.0787842128489,0.176400758739,1,0.1,30,20,15,10,20,2.75957196902e-05,9.62203249503e-06,2.75957196902e-05,0.0214442116581,0.00522572040375,0.000578215160579,2.75957196902e-05,9.62203249503e-06,2.75957196902e-05,0.265018292713,0.442601853847,0.265002079274
49,0.121085656904,0.0504528892778,0.0583221602755,0.0850976245471,0.0712788294014,0.0250256692617,0.144664964955,0.0154680765031,0.0608306472979,0.125068123218,0.199119368827,0.0435859895308,1,0.1,30,20,15,10,20,1.50693000099e-05,5.25434002087e-06,1.50693000099e-05,0.0379242545019,0.000381050975479,0.000305988476243,1.50693000099e-05,5.25434002087e-06,1.50693000099e-05,0.261938116557,0.43745771205,0.261922091559
50,0.0258022677014,0.140331303238,0.209943375102,0.0273819375979,0.0388636497344,0.0522124388905,0.0644572434547,0.00825133181048,0.0326794821702,0.117198701156,0.0714493404206,0.211428928724,1,0.1,30,20,15,10,20,1.24200790505e-05,4.33061378926e-06,1.24200790505e-05,0.0201531265583,0.00185612265987,0.000612195645003,1.24200790505e-05,4.33061378926e-06,1.24200790505e-05,0.266298391668,0.444739722011,0.266282099914
51,0.136232210359,0.0788723476559,0.0784332844207,0.0765134934525,0.0605590492568,0.0387004203131,0.125591791741,0.198491874164,0.00938391026775,0.0391245189371,0.00748790635405,0.150609193079,1,0.1,30,20,15,10,20,6.23900355481e-05,2.17540602727e-05,6.23900355481e-05,0.0180318082834,0.00910835838429,0.00182261402613,6.23900355481e-05,2.17540602727e-05,6.23900355481e-05,0.264506558391,0.441747216392,0.26449037626
52,0.0955566944615,0.0723633299544,0.00735465907146,0.0235545841176,0.0516190544043,0.128120434308,0.28500893199,0.0109208696326,0.102271516482,0.0817188131731,0.101712128808,0.0397989835964,1,0.1,30,20,15,10,20,7.20991843759e-05,2.51394311407e-05,7.20991843759e-05,0.0415190989127,0.0078217355448,0.000124866239025,7.20991843759e-05,2.51394311407e-05,7.20991843759e-05,0.258907533931,0.432396395433,0.25889169434
53,0.000540024664566,0.00939703784418,0.127331861039,0.00877318187885,0.0333342286691,0.0296090288246,0.00897564920079,0.00840142844211,0.239674142747,0.191260081547,0.333290144297,0.00941319084576,1,0.1,30,20,15,10,20,3.47817479005e-06,1.21276456019e-06,3.47817479005e-06,0.00487318584573,0.000241129987998,0.000186482771696,3.47817479005e-06,1.21276456019e-06,3.47817479005e-06,0.271029334088,0.452640776176,0.271012752902
54,0.0330726949746,0.0831889465097,0.187132687409,0.15491374592,0.108363045327,0.001561826844,0.0652746354424,0.0844797074962,0.0182381792427,0.0281161503286,0.0831235891431,0.152534791363,1,0.1,30,20,15,10,20,4.71333945617e-05,1.64343984924e-05,4.71333945617e-05,0.0576206734331,0.000499447899157,0.00484630462085,4.71333945617e-05,1.64343984924e-05,4.71333945617e-05,0.255260835846,0.426306116471,0.255245219355
55,0.119419310801,0.0139995631208,0.227998190972,0.0342641937695,0.0102529648998,0.030882382559,0.180838973643,0.148656183012,0.0477336673624,0.0700829224991,0.10173219959,0.0141394477722,1,0.1,30,20,15,10,20,3.37932194042e-05,1.17829670278e-05,3.37932194042e-05,0.0515924551471,0.00307275096512,0.00495520823112,3.37932194042e-05,1.17829670278e-05,3.37932194042e-05,0.256189625309,0.42785726954,0.256173951996
56,0.0616265248709,0.145249842172,0.015307870315,0.124647170102,0.163335324342,0.0712593847013,0.0857751600301,0.0668732191609,0.0235061845495,0.0237993593434,0.206779232206,0.0118407282059,1,0.1,30,20,15,10,20,1.72548402432e-05,6.01639078017e-06,1.72548402432e-05,0.0768188406434,0.000317862898956,0.000193116293963,1.72548402432e-05,6.01639078017e-06,1.72548402432e-05,0.251385367401,0.419833772616,0.251369988005
57,0.11973899405,3.79958174623e-05,0.00247515038891,0.0125365039292,0.101856766027,0.00793785014345,0.0349515395964,0.130471403918,0.117057235063,0.140967662421,0.12970773835,0.202261160296,1,0.1,30,20,15,10,20,1.42396575585e-05,4.96506158505e-06,1.42396575585e-05,0.00227974743871,0.00159810298808,0.000612295140421,1.42396575585e-05,4.96506158505e-06,1.42396575585e-05,0.271236445405,0.452986668726,0.271219851549
58,0.00506310060863,0.15930907078,0.0469440165473,0.0818394409228,0.0424672473699,0.00793086222267,0.319376195041,0.0961816683078,0.0106506154083,0.056629012149,0.169082866541,0.00452590410223,1,0.1,30,20,15,10,20,6.71789155859e-05,2.34238394941e-05,6.71789155859e-05,0.0623726689337,0.00337351752661,0.000494889505442,6.71789155859e-05,2.34238394941e-05,6.71789155859e-05,0.254342908505,0.424773104018,0.25432734817
59,0.00791465893853,0.117966026158,0.175191194689,0.136756525818,0.00851970860053,0.322855928755,0.020665087137,0.0157659426873,0.0281147746678,0.121352971846,0.0265780106869,0.0183191700162,1,0.1,30,20,15,10,20,0.000273630592904,9.54090882974e-05,0.000273630592904,0.0312968829712,0.00348830922246,0.0112323835639,0.000273630592904,9.54090882974e-05,0.000273630592904,0.25958912709,0.433534710804,0.2595732458
60,0.0202544814695,0.019039480259,0.27920215101,0.0420225606534,0.147355743121,0.0606102748565,0.131285828106,0.00337268095809,0.093579136008,0.0188234415323,0.127938240931,0.0565159810945,1,0.1,30,20,15,10,20,5.1200662911e-05,1.78525672759e-05,5.1200662911e-05,0.0609709459933,0.00275447730044,0.00121771508896,5.1200662911e-05,1.78525672759e-05,5.1200662911e-05,0.254717019118,0.425397898817,0.254701435896
61,0.00687041322903,0.270768957381,0.0453482876539,0.0545269895988,0.0175887452621,0.0405370360966,0.0351249286094,0.0648146304875,0.074813283241,0.0957486818126,0.120951845956,0.172906200673,1,0.1,30,20,15,10,20,7.6858784125e-06,2.67990009567e-06,7.6858784125e-06,0.023098889208,0.000866453013059,0.00149331168329,7.6858784125e-06,2.67990009567e-06,7.6858784125e-06,0.265531373664,0.443458740283,0.265515128835
62,0.0469326966441,0.0741457723358,0.0184817570228,0.0288194748491,0.156870014341,0.16757593214,0.0543867443845,0.0880322142765,0.0271186097821,0.169530704607,0.13896908504,0.0291369945761,1,0.1,30,20,15,10,20,1.92401970685e-05,6.70864190106e-06,1.92401970685e-05,0.0258209186155,0.000630731392462,0.0014670610564,1.92401970685e-05,6.70864190106e-06,1.92401970685e-05,0.264846273185,0.442314567408,0.26483007027
63,0.144756558063,0.0314247044897,0.105706260588,0.0230320603091,0.00971348398088,0.0687089949977,0.159637497732,0.36559145111,0.0600057253773,0.0073846283571,0.0188159438821,0.00522269111321,1,0.1,30,20,15,10,20,0.000363721165386,0.000126821728578,0.000363721165386,0.441225786229,0.0314426576708,0.00776257225502,0.000363721165386,0.000126821728578,0.000363721165386,0.141105652529,0.235657783311,0.141097019887
64,0.0577858718243,0.0672183357428,0.0449937785254,0.17173224175,0.0540796956475,0.0299990147002,0.00631166431674,0.0277280502773,0.0346918284095,0.0183195865723,0.41738798745,0.0697519447848,1,0.1,30,20,15,10,20,5.06085748292e-06,1.76461189271e-06,5.06085748292e-06,0.0122869072181,0.000310757303954,0.00232824567633,5.06085748292e-06,1.76461189271e-06,5.06085748292e-06,0.268404675888,0.448257385984,0.268388255275
65,0.0287582805085,0.0878409092147,0.0454855478385,0.199986131766,0.0230429266968,0.122350684844,0.131752728121,0.00244488223153,0.00633681574973,0.0888978658681,0.107626707635,0.155476519527,1,0.1,30,20,15,10,20,5.38459077405e-05,1.87749071167e-05,5.38459077405e-05,0.0206479114669,0.00331797950859,0.0021609415487,5.38459077405e-05,1.87749071167e-05,5.38459077405e-05,0.265290228127,0.443056007851,0.265273998052
66,0.0474852336471,0.0850035381414,0.367583452362,0.0459783147089,0.00657756561634,0.0201574724815,0.0379272109024,0.0774196193781,0.000748744162973,0.180691028514,0.072491277162,0.0579365429238,1,0.1,30,20,15,10,20,2.90499191649e-05,1.01290804994e-05,2.90499191649e-05,0.0173574274016,0.00196483999878,0.00349484981821,2.90499191649e-05,1.01290804994e-05,2.90499191649e-05,0.266223790247,0.44461513164,0.266207503057
67,0.13871826334,0.107063437017,0.066490180698,0.0278723289093,0.169351651168,0.0955734580025,0.0356404134501,0.0396902644756,0.179529331887,0.0429530859613,0.070373761957,0.0267438231356,1,0.1,30,20,15,10,20,5.38178789695e-05,1.87651340886e-05,5.38178789695e-05,0.0949809038787,0.00503085262228,0.000835512197013,5.38178789695e-05,1.87651340886e-05,5.38178789695e-05,0.244930578711,0.409053756598,0.244915594209
68,0.192588456638,0.0175725372482,0.110902604684,0.066552999041,0.0413871516401,0.00963986282276,0.0338533868441,0.138730949917,0.0449157914075,0.0612930552602,0.086654711388,0.195908493109,1,0.1,30,20,15,10,20,4.18824640973e-05,1.4603512249e-05,4.18824640973e-05,0.0132292471537,0.00429344489029,0.000199391575,4.18824640973e-05,1.4603512249e-05,4.18824640973e-05,0.267595650791,0.446906249035,0.267579279674
69,0.0296394834616,0.366646625736,0.0937565119328,0.0184526514845,0.145062142655,0.102365866187,0.10420497714,0.0282380949687,0.0391625935001,0.052100395505,0.00930449012609,0.0110661673028,1,0.1,30,20,15,10,20,5.73890175327e-05,2.00103131122e-05,5.73890175327e-05,0.200540592027,0.0023709382126,0.0220974991529,5.73890175327e-05,2.00103131122e-05,5.73890175327e-05,0.211094642595,0.352545023189,0.211081728128
70,0.0311152566212,0.0909976235989,0.159243148293,0.0129983891555,0.171903619677,0.04803117321,0.0153081514167,0.069160657359,0.0543132740501,0.0493751880168,0.281862289316,0.0156912292856,1,0.1,30,20,15,10,20,3.76155334259e-05,1.31157255185e-05,3.76155334259e-05,0.0350311296723,0.00232664329241,0.000568632043282,3.76155334259e-05,1.31157255185e-05,3.76155334259e-05,0.262095876287,0.437721183482,0.262079841638
71,0.003115551271,0.358623940273,0.112462840794,0.0632248371588,0.178280097132,0.0373079514608,0.0361118326187,0.0297966785445,0.000652990870817,0.000350852016858,0.0976957018085,0.0823767260517,1,0.1,30,20,15,10,20,0.000145463817913,5.07200971209e-05,0.000145463817913,0.0756992509313,0.00354802456901,0.00595211885709,0.000145463817913,5.07200971209e-05,0.000145463817913,0.249076982252,0.415978583845,0.24906174408
72,0.122901583662,0.22669024569,0.182890027383,0.0151688884536,0.0478153153631,0.0101518184091,0.0355231219382,0.106222888663,0.0430581114843,0.082945286974,0.0427590591973,0.0838736527821,1,0.1,30,20,15,10,20,3.55686828335e-05,1.24020328468e-05,3.55686828335e-05,0.069538910878,0.00305336802725,0.00141071450295,3.55686828335e-05,1.24020328468e-05,3.55686828335e-05,0.252268414487,0.421308532239,0.252252981068
73,0.012224753699,0.251221184111,0.0800932372115,0.00352848516449,0.0402688212204,0.0414708796459,0.285192874707,0.00251170205559,0.0119211910332,0.236856313447,0.00697593889638,0.0277346188081,1,0.1,30,20,15,10,20,3.8072534907e-06,1.3275072082e-06,3.8072534907e-06,0.0441421751616,0.000204676835522,0.0023246065433,3.8072534907e-06,1.3275072082e-06,3.8072534907e-06,0.259756312519,0.433813923911,0.259740421001
74,0.11591697395,0.0267797754236,0.0271509371117,0.0084637336511,0.0527144031151,0.0832536669102,0.20703761584,0.255447107043,0.11929140346,0.0302339800013,0.0546876910857,0.0190227124088,1,0.1,30,20,15,10,20,6.42805927033e-05,2.24132567925e-05,6.42805927033e-05,0.178695827911,0.00138169946249,0.0106025531479,6.42805927033e-05,2.24132567925e-05,6.42805927033e-05,0.220439709936,0.368152036906,0.220426223751
75,0.078385964267,0.229366473915,0.216961066288,0.0111909880949,0.0961536789198,0.0664849534433,0.0235323948431,0.0122634027256,0.0361488393284,0.0629703187308,0.0956752280123,0.0708666914312,1,0.1,30,20,15,10,20,2.83120549034e-05,9.87180313974e-06,2.83120549034e-05,0.0161332957315,0.00168152963879,0.00379207725055,2.83120549034e-05,9.87180313974e-06,2.83120549034e-05,0.266554491679,0.445167429617,0.266538184258
76,0.00502653592666,0.0852458712584,0.324744882892,0.0633443982858,0.100626655121,0.0490202037908,0.0473290579084,0.0822790410383,0.0432016621188,0.059091773255,0.0176583825698,0.122431535834,1,0.1,30,20,15,10,20,0.000138907346227,4.8433996801e-05,0.000138907346227,0.0337098415175,0.00218358940856,0.00710137179707,0.000138907346227,4.8433996801e-05,0.000138907346227,0.260585202586,0.435198236956,0.260569260357
77,0.139646319759,0.0556149976581,0.0874209137316,0.00943539986293,0.0282662255041,0.246497423634,0.109951063521,0.0798008511443,0.0163545186416,0.0763508421693,0.00717167712231,0.143489767253,1,0.1,30,20,15,10,20,0.000151716090268,5.29001296927e-05,0.000151716090268,0.0279760549324,0.0036830604063,0.00503149169802,0.000151716090268,5.29001296927e-05,0.000151716090268,0.262286563827,0.438039647003,0.262270517512
78,0.0589444705823,0.0467870293442,0.00330962034875,0.145061741798,0.0105167461419,0.261999804304,0.0913362388927,0.0491148186404,0.10852326157,0.146067391096,0.0721270787514,0.00621179852984,1,0.1,30,20,15,10,20,0.000115613583427,4.03119639237e-05,0.000115613583427,0.0365911356498,0.0022766087481,0.00621055241941,0.000115613583427,4.03119639237e-05,0.000115613583427,0.260047310312,0.434299913618,0.260031400991
79,0.0880312511061,0.0368811189392,0.0779932487873,0.0593268400479,0.043679388391,0.0553590621382,0.19409532305,0.204399444665,0.0732947299926,0.040095638614,0.00424013887509,0.122603815394,1,0.1,30,20,15,10,20,6.62376442244e-05,2.30956384641e-05,6.62376442244e-05,0.0456327725069,0.00356503183527,0.0101815314978,6.62376442244e-05,2.30956384641e-05,6.62376442244e-05,0.256213787434,0.427897622231,0.256198112642
80,0.00111608687033,0.0551559501462,0.0997708886359,0.0302367304454,0.108660237637,0.024994286532,0.326858162502,0.033492019518,0.0146814044882,0.00327386254009,0.221431658162,0.0803287125231,1,0.1,30,20,15,10,20,2.70057952751e-05,9.41633857018e-06,2.70057952751e-05,0.0185640394097,0.00147090308282,0.00455207725387,2.70057952751e-05,9.41633857018e-06,2.70057952751e-05,0.265744146831,0.443814088578,0.265727888986
81,0.0493055064457,0.049984323738,0.22408056214,0.0940232580283,0.0283131259829,0.189957748071,0.0992863137439,0.0928571628545,0.0806668108973,0.0110503316853,0.0334776062549,0.0469972501582,1,0.1,30,20,15,10,20,0.000383107205591,0.000133581222837,0.000383107205591,0.0202483386024,0.015544352505,0.0107143918814,0.000383107205591,0.000133581222837,0.000383107205591,0.259315624993,0.433077940314,0.259299760436
82,0.0136576132589,0.108824897196,0.0050423929126,0.0815227943474,0.128348795667,0.0305951542869,0.153877563002,0.0765691325707,0.162799706821,0.0799695159756,0.137092630087,0.021699803876,1,0.1,30,20,15,10,20,9.38087820303e-05,3.2709099786e-05,9.38087820303e-05,0.0366315779057,0.000463481341464,0.00902550269704,9.38087820303e-05,3.2709099786e-05,9.38087820303e-05,0.259791224407,0.433872229569,0.259775330753
83,0.00907021439721,0.0106565904892,0.0153804891448,0.134261459323,0.210223534549,0.252344762099,0.0574947450123,0.0540023416803,0.173595916121,0.0034180407848,0.0556976820988,0.0238542243011,1,0.1,30,20,15,10,20,1.21689303044e-06,4.24304363624e-07,1.21689303044e-06,2.79259811473e-05,0.000106072134506,8.74650597172e-06,1.21689303044e-06,4.24304363624e-07,1.21689303044e-06,0.272437685307,0.45499283593,0.27242101796
84,0.0947873338104,0.00989476025633,0.067854836669,0.162970698829,0.0599511740979,0.0177219974492,0.140290724652,0.0719929895967,0.102013047406,0.027647228141,0.132213136384,0.112662072708,1,0.1,30,20,15,10,20,1.8651995968e-06,6.50354885886e-07,1.8651995968e-06,9.72447237852e-06,0.000101746085869,7.26767035807e-06,1.8651995968e-06,6.50354885886e-07,1.8651995968e-06,0.272443396739,0.455002374481,0.272426729043
85,0.156746281808,0.0227900918052,0.0863852734106,0.00636516846977,0.110433994957,0.107035471425,0.203164981242,0.118205113236,0.0113606824317,0.0920630987979,0.0347548179101,0.0506950245064,1,0.1,30,20,15,10,20,6.08023969447e-05,2.1200484921e-05,6.08023969447e-05,0.07130577718,0.00174123758815,0.00450003504534,6.08023969447e-05,2.1200484921e-05,6.08023969447e-05,0.251270439285,0.419641833423,0.25125506692
86,0.0229089688546,0.131691783129,0.0629526847146,0.0321462857904,0.0463349042878,0.0866293874424,0.241900368125,0.0566965758875,0.00253871836537,0.103261224916,0.108952062813,0.103987035674,1,0.1,30,20,15,10,20,5.89221016204e-06,2.05448664804e-06,5.89221016204e-06,0.0273175645062,0.00165733822115,0.00128219324395,5.89221016204e-06,2.05448664804e-06,5.89221016204e-06,0.26422619887,0.441278993454,0.264210033891
87,0.0474979113497,0.0318215835931,0.0561762993858,0.0656822703665,0.138448321756,0.0173605828626,0.0494655806188,0.0156053602071,0.171216653004,0.27602219746,0.0861011976325,0.044602041765,1,0.1,30,20,15,10,20,2.07487543273e-06,7.23464329285e-07,2.07487543273e-06,5.21187880034e-06,0.000141687661253,4.69729998211e-06,2.07487543273e-06,7.23464329285e-07,2.07487543273e-06,0.272434175116,0.454986973629,0.272417507984
88,0.108312895587,0.150249074495,0.00793274089297,0.0192628812123,0.148727787866,0.170164751718,0.102363310803,0.0769538352806,0.103878981426,0.0208714010386,0.0224798188888,0.0688025207916,1,0.1,30,20,15,10,20,4.54592893545e-05,1.58506741002e-05,4.54592893545e-05,0.104445845108,0.0111428894785,0.000379512949351,4.54592893545e-05,1.58506741002e-05,4.54592893545e-05,0.240821140943,0.402190665165,0.240806407851
89,0.08551814119,0.159195187042,0.0453016831675,0.109152367588,0.0457244161661,0.133498414602,0.0305611207794,0.0407937418012,0.141040251147,0.0519383614464,7.53497394082e-05,0.157200965331,1,0.1,30,20,15,10,20,6.0098145318e-05,2.09549275624e-05,6.0098145318e-05,0.0494781107601,0.00418323746419,0.00361232246106,6.0098145318e-05,2.09549275624e-05,6.0098145318e-05,0.256795393264,0.428868950724,0.256779682891
90,0.175811199153,0.0177444410492,0.135269634545,0.117656628765,0.212150844386,0.00175619264964,0.00772106962845,0.0721657325189,0.140399970569,0.0108742164976,0.089479816892,0.0189702533457,1,0.1,30,20,15,10,20,6.0320578896e-05,2.10324853554e-05,6.0320578896e-05,0.0310203231318,0.0053472456804,0.0213551822768,6.0320578896e-05,2.10324853554e-05,6.0320578896e-05,0.256672743973,0.428664116548,0.256657041103
91,0.00294078409165,0.00715550138284,0.0198318004965,0.029648197964,0.10668875649,0.0699436258362,0.240746713578,0.166432398819,0.0680410138005,0.0705082928842,0.215565118439,0.00249779621846,1,0.1,30,20,15,10,20,5.80280530489e-06,2.02331310191e-06,5.80280530489e-06,0.0228731732895,0.00125298041277,0.00136205874762,5.80280530489e-06,2.02331310191e-06,5.80280530489e-06,0.265525729802,0.443449314581,0.265509485319
92,0.00436331497704,0.0761632092643,0.176169398694,0.0421183203673,0.165500930979,0.0800374020878,0.0083939882501,0.0768230109117,0.118998557233,0.0240721695336,0.104533510231,0.12282618747,1,0.1,30,20,15,10,20,4.12995203417e-05,1.44002523296e-05,4.12995203417e-05,0.0278769144974,0.00654291104253,0.00255147806011,4.12995203417e-05,1.44002523296e-05,4.12995203417e-05,0.262351405306,0.438147937485,0.262335355023
93,0.088123904007,0.227025816816,0.0447744587923,0.0152181118132,0.0285893460012,0.173658912507,0.0288531843646,0.0522477890092,0.0310374148837,0.0353535390283,0.100649505594,0.174468017184,1,0.1,30,20,15,10,20,3.16574610369e-05,1.10382741319e-05,3.16574610369e-05,0.013852356212,0.00340174543439,0.00179335089983,3.16574610369e-05,1.10382741319e-05,3.16574610369e-05,0.267247603993,0.446324982901,0.267231254168
94,0.0126639218459,0.00629104180436,0.0591840615659,0.0332173004317,0.0195030439573,0.281022338281,0.0335988294733,0.12902984892,0.165255569412,0.00291075546559,0.122300577854,0.135022710989,1,0.1,30,20,15,10,20,1.80703973442e-05,6.30075795795e-06,1.80703973442e-05,0.0323203826109,0.000994423323161,0.0012819154089,1.80703973442e-05,6.30075795795e-06,1.80703973442e-05,0.26302815864,0.439278169957,0.263012066955
