run_ID,t1_initial,t2_initial,t3_initial,t4_initial,t5_initial,t6_initial,t7_initial,t8_initial,t9_initial,t10_initial,t11_initial,t12_initial,alpha,prior_cost_c,lambda,k,sample_amount,learning_parameter,generations,t1_final,t2_final,t3_final,t4_final,t5_final,t6_final,t7_final,t8_final,t9_final,t10_final,t11_final,t12_final
0,0.235269827847,0.0186402369675,0.00325353543533,0.0334605084399,0.0101227239413,0.0162584333163,0.0166714393263,0.0303488318552,0.136937208269,0.242399326597,0.094597945199,0.162039982807,1,0.05,30,20,15,10,20,9.03191205504e-06,5.4077393793e-06,9.03191205504e-06,0.0110022469522,0.000251900627038,0.000643996379122,9.03191205504e-06,5.4077393793e-06,9.03191205504e-06,0.300505817757,0.387061661915,0.300487433243
1,0.0124112835706,0.191123130744,0.0670233759849,0.133381012461,0.147633516577,0.00207777644207,0.0272165075819,0.00587273240791,0.0798983934357,0.148363604064,0.145109326025,0.0398893407063,1,0.05,30,20,15,10,20,5.05396309618e-06,3.02599439523e-06,5.05396309618e-06,0.042055550595,0.000415589376132,0.000773310491336,5.05396309618e-06,3.02599439523e-06,5.05396309618e-06,0.290978478433,0.374790126476,0.290960676788
2,0.00812447015876,0.0935636361979,0.131258583756,0.258658701431,0.152299908459,0.0529175760807,0.0734233202301,0.00691333057766,0.140008005699,0.00792774962021,0.0429914634209,0.0319132543693,1,0.05,30,20,15,10,20,0.000215727987771,0.000129164315106,0.000215727987771,0.215205006515,0.00473567059028,0.00302846900096,0.000215727987771,0.000129164315106,0.000215727987771,0.23598420473,0.303955641027,0.235969767555
3,0.054830402068,0.0718703747777,0.0455192450602,0.0741704411466,0.0945300927777,0.0395633225508,0.153349712728,0.183572199932,0.15392775336,0.0247836430783,0.0329022212192,0.0709805913016,1,0.05,30,20,15,10,20,1.27174694619e-05,7.61441874048e-06,1.27174694619e-05,0.138761502641,0.0119886607284,8.39060224415e-05,1.27174694619e-05,7.61441874048e-06,1.27174694619e-05,0.258244188663,0.332627253575,0.258228389654
4,0.128900834905,0.1665258511,0.0637258101786,0.00286230067369,0.0468993606373,0.0759299799854,0.253948159929,0.110758562326,0.0678710458503,0.0286724283933,0.0506146132068,0.0032910528143,1,0.05,30,20,15,10,20,0.000131298159478,7.86130581336e-05,0.000131298159478,0.201480706998,0.0035690934566,0.00433288248211,0.000131298159478,7.86130581336e-05,0.000131298159478,0.240249837826,0.309449920797,0.240235139686
5,0.0405565751229,0.0205947010163,0.106745585256,0.0586562517118,0.259387866531,0.00236948081976,0.0696962714674,0.01441902015,0.139416139422,0.186103311658,0.0788197932929,0.0232350035518,1,0.05,30,20,15,10,20,6.09646628676e-05,3.6501795647e-05,6.09646628676e-05,0.00990603680748,0.00405764868165,0.00164165476057,6.09646628676e-05,3.6501795647e-05,6.09646628676e-05,0.299296222721,0.385503662578,0.299277912208
6,0.0455449456142,0.0113725747363,0.102179431819,0.0477951831862,0.0352248502453,0.0638131779721,0.0961122097459,0.070913129166,0.018880941404,0.0184067289415,0.398673969576,0.0910828575934,1,0.05,30,20,15,10,20,2.19143361439e-06,1.31209225483e-06,2.19143361439e-06,0.0185192262626,4.93507874542e-06,7.05447010777e-05,2.19143361439e-06,1.31209225483e-06,2.19143361439e-06,0.298479946631,0.384452271352,0.298461686056
7,0.0105009097123,0.0043063545651,0.0488620711756,0.0162500798182,0.248538501269,0.0271877009313,0.205720176701,0.00334954806157,0.0278631271171,0.267397324478,0.0268692019151,0.113155004255,1,0.05,30,20,15,10,20,8.27776403287e-06,4.95620310078e-06,8.27776403287e-06,0.0262665162145,0.00119591336851,0.00158638121774,8.27776403287e-06,4.95620310078e-06,8.27776403287e-06,0.295290826955,0.380344577295,0.295272761486
8,0.259263114267,0.0488544074295,0.0023373887058,0.0764567031311,0.0355860971906,0.0843530159297,0.0419049399797,0.268594338027,0.0453576979441,0.056354694526,0.0786154898294,0.00232211304031,1,0.05,30,20,15,10,20,8.72870874595e-05,5.22620035805e-05,8.72870874595e-05,0.0897864083474,0.011621430531,0.00493759969179,8.72870874595e-05,5.22620035805e-05,8.72870874595e-05,0.271657030479,0.349903447703,0.271640410891
9,0.0271062060217,0.160333920814,0.0665713322347,0.235934194129,0.125983790617,0.000202977455695,0.0740251375285,0.012854713787,0.0228162944668,0.0366673334133,0.00821827769816,0.229285821835,1,0.05,30,20,15,10,20,5.29137992748e-05,3.16814462213e-05,5.29137992748e-05,0.0221663420323,0.00492549184131,0.00235071741282,5.29137992748e-05,3.16814462213e-05,5.29137992748e-05,0.29510051664,0.38009945117,0.295082462814
10,0.00114123671631,0.00523036008714,0.107762660254,0.0168187874555,0.022914246554,0.301174395891,0.114598850294,0.130266823077,0.145897862212,0.0218248901639,0.011050689506,0.121319197788,1,0.05,30,20,15,10,20,3.92219796039e-05,2.34836480189e-05,3.92219796039e-05,0.0755712304268,0.012048144162,0.00202509619148,3.92219796039e-05,2.34836480189e-05,3.92219796039e-05,0.276812421562,0.356543765868,0.276795486575
11,0.145307370143,0.0191748980148,0.27325295409,0.00690463211636,0.00925540613646,0.0101577454364,0.0666291640883,0.0876461810472,0.265509748252,0.0197679418121,0.0458267103523,0.0505672485109,1,0.05,30,20,15,10,20,6.92630707177e-05,4.14703589638e-05,6.92630707177e-05,0.0443558079259,0.0122120715185,0.00992337082075,6.92630707177e-05,4.14703589638e-05,6.92630707177e-05,0.283806726292,0.365552667037,0.283789363404
12,0.0342242199909,0.0325098804259,0.0102002647229,0.0661928766895,0.121947512208,0.115272108167,0.234134685447,0.0673372040803,0.0764127082825,0.0302154177473,0.121997480235,0.0895556420044,1,0.05,30,20,15,10,20,4.29277658196e-05,2.57024391152e-05,4.29277658196e-05,0.0634956602729,0.00425526705133,0.0021384027077,4.29277658196e-05,2.57024391152e-05,4.29277658196e-05,0.282814868073,0.364275120088,0.282797565865
13,0.185939902173,0.0407092274647,0.0978786613601,0.00312119510699,0.120629672612,0.070120409909,0.146571230524,0.0207467972343,0.055166138265,0.136744059265,0.0911534909038,0.0312192151826,1,0.05,30,20,15,10,20,3.37610610399e-05,2.02139943525e-05,3.37610610399e-05,0.0272663925364,0.00588471492048,0.000549324467631,3.37610610399e-05,2.02139943525e-05,3.37610610399e-05,0.293835805765,0.378470460766,0.293817829312
14,0.0582465064676,0.124070901295,0.00527135371213,0.0196669754072,0.218963527826,0.0927675423589,0.292118826981,0.0183567215387,0.0111242110329,0.0353334790492,0.0946062999805,0.0294736543512,1,0.05,30,20,15,10,20,3.9324962294e-05,2.35453075596e-05,3.9324962294e-05,0.0755175705438,0.00668948772638,0.000358701808687,3.9324962294e-05,2.35453075596e-05,3.9324962294e-05,0.278965169222,0.359316577701,0.278948102534
15,0.0907299603941,0.0634432280275,0.0693800713345,0.00450357480657,0.146458853524,0.195949926316,0.00583004757142,0.0696847949238,0.00133949927641,0.31570638184,0.0283132194558,0.00866044253068,1,0.05,30,20,15,10,20,4.32179046956e-05,2.58761559777e-05,4.32179046956e-05,0.0295241759406,0.00152824115108,0.00289836940625,4.32179046956e-05,2.58761559777e-05,4.32179046956e-05,0.293744714292,0.378353131867,0.293726743412
16,0.0860007918419,0.0764521226811,0.133909785139,0.162735154889,0.0345915228988,0.111253755681,0.0269974703733,0.132015901753,0.0350174445793,0.0772272657286,0.120622376291,0.00317640814462,1,0.05,30,20,15,10,20,4.81405118978e-05,2.88235027471e-05,4.81405118978e-05,0.0906001066287,0.00404422011413,0.00158308686946,4.81405118978e-05,2.88235027471e-05,4.81405118978e-05,0.274796195347,0.353946798278,0.27477938371
17,0.0306999418835,0.0500751817913,0.0963376494382,0.0420538126382,0.0274928736274,0.0261154081576,0.0586795848476,0.341245202907,0.0451518062656,0.0682961152599,0.0229339029546,0.190918520229,1,0.05,30,20,15,10,20,3.34534244066e-05,2.00298009363e-05,3.34534244066e-05,0.043703192851,0.00179000452866,0.00222200859247,3.34534244066e-05,2.00298009363e-05,3.34534244066e-05,0.289573855754,0.372980924934,0.289556140041
18,0.102462111316,0.0384754761787,0.146000043833,0.0221335723247,0.0714385339045,0.0680994390239,0.0383890882737,0.227552168382,0.031761999574,0.0319942746441,0.066951301077,0.154741991469,1,0.05,30,20,15,10,20,4.53162483411e-05,2.71325118295e-05,4.53162483411e-05,0.00744471850143,0.00290344489525,0.00458310279535,4.53162483411e-05,2.71325118295e-05,4.53162483411e-05,0.299525971068,0.385799586223,0.299507646499
19,0.187408620269,0.113867764778,0.0495613926087,0.0728866166083,0.0220717921716,0.0621435185923,0.0388901043223,0.0049721130857,0.155860153907,0.00346176239915,0.141517805915,0.147358355343,1,0.05,30,20,15,10,20,5.08995829811e-05,3.04754605226e-05,5.08995829811e-05,0.0307370507528,0.00348065317167,0.0012168779757,5.08995829811e-05,3.04754605226e-05,5.08995829811e-05,0.293281291727,0.377756227922,0.293263349198
20,0.0204980975192,0.154892816689,0.0180127622463,0.00796761005975,0.0604091160963,0.00288258907245,0.151910820836,0.0383365881156,0.22210005279,0.124945068954,0.188276938646,0.00976753897599,1,0.05,30,20,15,10,20,1.25129713921e-05,7.4919781921e-06,1.25129713921e-05,0.014294587662,0.0014025699634,0.00232928352004,1.25129713921e-05,7.4919781921e-06,1.25129713921e-05,0.298636462219,0.384653868725,0.298618192069
21,0.111240309744,0.0269394913081,0.0981206168542,0.225748065007,0.0398400668681,0.0477477839818,0.00890461978466,0.0445100055152,0.142558406232,0.199541894289,0.00118400519167,0.0536647352234,1,0.05,30,20,15,10,20,2.48193461265e-05,1.48602593337e-05,2.48193461265e-05,0.0519593910396,0.000471292438157,0.0033874156988,2.48193461265e-05,1.48602593337e-05,2.48193461265e-05,0.287123100032,0.369824268635,0.287105534253
22,0.111239891864,0.0573428035457,0.0723578350387,0.225908992015,0.0834468310938,0.00283031457437,0.275738148927,0.00131086439598,0.0768222582075,0.00440137940469,0.0360346299887,0.0525660509438,1,0.05,30,20,15,10,20,0.000138472979992,8.29088882075e-05,0.000138472979992,0.119710986769,0.00856046643367,0.0161045077719,0.000138472979992,8.29088882075e-05,0.000138472979992,0.260009561444,0.334901113454,0.259993654432
23,0.0188994187236,0.0142607819397,0.051450920933,0.0146906481253,0.117232574537,0.14670508405,0.068756182154,0.0652786658253,0.0926283535079,0.0310216024901,0.344705658544,0.0343701091692,1,0.05,30,20,15,10,20,1.71804286093e-05,1.02865572403e-05,1.71804286093e-05,0.0218515204726,0.00121515537574,0.000100463680926,1.71804286093e-05,1.02865572403e-05,1.71804286093e-05,0.297065598375,0.382630542939,0.297047424328
24,0.0189680207561,0.105642707609,0.0294167791686,0.0142885101109,0.141854379544,0.207979789759,0.134543058493,0.164111333318,0.1260297181,0.00539269666584,0.0320412840992,0.0197317223752,1,0.05,30,20,15,10,20,0.000820676085652,0.00049136908763,0.000820676085652,0.150634336938,0.049635982126,0.00360615750076,0.000820676085652,0.00049136908763,0.000820676085652,0.240834752242,0.310203310357,0.240820018318
25,0.0920410401778,0.0376481620453,0.0350583076113,0.0308552465536,0.130473199433,0.361496501955,0.00811400203776,0.0550476349875,0.0928072250144,0.0460101633849,0.0886467301125,0.0218017866872,1,0.05,30,20,15,10,20,4.87880442912e-05,2.92112043104e-05,4.87880442912e-05,0.0433934250412,0.0155149190663,0.000316243219266,4.87880442912e-05,2.92112043104e-05,4.87880442912e-05,0.286049166275,0.368441005615,0.286031666197
26,0.125894665805,0.0334088515204,0.00646161901807,0.000947029258185,0.029566324336,0.0327193440558,0.00476093974017,0.0890627376837,0.0550656289848,0.217735006889,0.345554047065,0.0588238056444,1,0.05,30,20,15,10,20,2.37783774571e-06,1.42369929387e-06,2.37783774571e-06,0.00106419709296,0.000385825808159,0.000390508423581,2.37783774571e-06,1.42369929387e-06,2.37783774571e-06,0.303575246264,0.391015189696,0.303556673966
27,0.0257153333033,0.073130676648,0.0192594575956,0.127375865619,0.0168395365715,0.0394384436302,0.166785762938,0.205393509266,0.0317539392278,0.203944822271,0.0689140080415,0.021448644889,1,0.05,30,20,15,10,20,1.16757630784e-05,6.99071064883e-06,1.16757630784e-05,0.0401886583887,0.000109520372733,0.00318471037473,1.16757630784e-05,6.99071064883e-06,1.16757630784e-05,0.290895492553,0.374683237853,0.290877695984
28,0.0393866738947,0.172518169569,0.169542084676,0.0282538036135,0.128482544421,0.0688395036086,0.0655510474289,0.0813585370604,0.201883243438,0.0112843795082,0.0193992677748,0.0135007450066,1,0.05,30,20,15,10,20,0.000300063189287,0.000179658915532,0.000300063189287,0.211663417252,0.0490724789745,0.0180189333644,0.000300063189287,0.000179658915532,0.000300063189287,0.218884301748,0.281930387352,0.218870910721
29,0.0452002153505,0.0641606801978,0.455498943475,0.0453379785565,0.00441084840346,0.0626208903464,0.0128789662692,0.0189159021749,0.00700034476829,0.18999870645,0.0734135833615,0.020562940646,1,0.05,30,20,15,10,20,1.92342904134e-05,1.15162801705e-05,1.92342904134e-05,0.0597131531811,0.00037180556335,0.000785710608273,1.92342904134e-05,1.15162801705e-05,1.92342904134e-05,0.285595246088,0.367856341056,0.285577773781
30,0.0674412285731,0.352064298222,0.0809265461957,0.0105341786175,0.0433596098093,0.0154571612087,0.0258946194789,0.169320045994,0.0474799923631,0.0710254708954,0.0866883633114,0.0298084853308,1,0.05,30,20,15,10,20,1.03823272008e-05,6.21628281037e-06,1.03823272008e-05,0.0804509769803,0.00156899247895,0.00132602806703,1.03823272008e-05,6.21628281037e-06,1.03823272008e-05,0.278773619924,0.359069855722,0.278756564954
31,0.0210454432593,0.156445460408,0.00994228609071,0.0596654705793,0.0206525363834,0.0590794156595,0.0997967729707,0.0808663851226,0.236860114104,0.080749368424,0.0776956812631,0.097201065735,1,0.05,30,20,15,10,20,3.70188173333e-05,2.21645333844e-05,3.70188173333e-05,0.0446681562899,0.00242731746107,0.000386170289843,3.70188173333e-05,2.21645333844e-05,3.70188173333e-05,0.289639254988,0.373065161361,0.289621535274
32,0.0224261610867,0.0104483408583,0.140180117015,0.247607368633,0.0595967748891,0.129744829796,0.0254725791899,0.042831076512,0.0648574118843,0.0963953387339,0.0307627587184,0.129677242684,1,0.05,30,20,15,10,20,4.59821307321e-05,2.75312002142e-05,4.59821307321e-05,0.0672926063781,0.00290366709149,0.000972074080863,4.59821307321e-05,2.75312002142e-05,4.59821307321e-05,0.282421041045,0.36376785755,0.282403762931
33,0.0168694144802,0.153974135965,0.0563598318804,0.00156421495771,0.0437463555661,0.103470828043,0.00676773709145,0.0580247806972,0.0594894565904,0.0517276703095,0.220462458085,0.227543116334,1,0.05,30,20,15,10,20,9.22199026902e-06,5.52154622736e-06,9.22199026902e-06,0.000286755869562,0.000108187863617,0.000844609774419,9.22199026902e-06,5.52154622736e-06,9.22199026902e-06,0.303747208008,0.391236682241,0.30372862519
34,0.0693881960435,0.193482708709,0.0131109871099,0.0396885870016,0.146642868294,0.0519696699609,0.0849949311883,0.0767769334359,0.0116267409668,0.094467807944,0.080735110257,0.137115459089,1,0.05,30,20,15,10,20,2.20413839003e-05,1.3196990733e-05,2.20413839003e-05,0.0472589548023,0.00131020436337,0.00130450644657,2.20413839003e-05,1.3196990733e-05,2.20413839003e-05,0.288935424089,0.372158603347,0.288917747435
35,0.111870324003,0.031322502046,0.0772613795288,0.12844000107,0.208938387908,0.0518452050279,0.0831279940737,0.0109751478819,0.131645394851,0.0302166818519,0.0599674520617,0.0743895296959,1,0.05,30,20,15,10,20,2.41342015964e-05,1.44500379948e-05,2.41342015964e-05,0.0963379614394,0.00193676062668,0.00370999629175,2.41342015964e-05,1.44500379948e-05,2.41342015964e-05,0.27308312375,0.351740304093,0.273066416917
36,0.0701892869437,0.0996237743131,0.0477965143774,0.108290519974,0.287133170048,0.0848098725564,0.0661350369781,0.0718690850228,0.151208500851,0.00922088393894,0.00123541148137,0.00248794351531,1,0.05,30,20,15,10,20,0.000199787216864,0.000119619986724,0.000199787216864,0.652849746919,0.0174015193823,0.0103357941659,0.000199787216864,0.000119619986724,0.000199787216864,0.0968300480654,0.124720378485,0.096824124142
37,0.145127962104,0.0272306254023,0.0336536185802,0.275667165649,0.0599008685768,0.1700720562,0.00837462245379,0.0996489907489,0.0177930248631,0.0586977130161,0.00844475894946,0.0953885934571,1,0.05,30,20,15,10,20,5.32042438702e-05,3.18553461294e-05,5.32042438702e-05,0.0655229518242,0.0048423957901,0.0104720491231,5.32042438702e-05,3.18553461294e-05,5.32042438702e-05,0.279468891823,0.359965389455,0.279451794317
38,0.0620838596567,0.0426483898097,0.0565768708179,0.267309704445,0.1350068381,0.15476129949,0.0152470704205,0.0198798758733,0.146919985885,0.019755623474,0.0391461615269,0.0406643205,1,0.05,30,20,15,10,20,0.000259902750183,0.000155613377144,0.000259902750183,0.0822268907262,0.0155265311916,0.0107026604626,0.000259902750183,0.000155613377144,0.000259902750183,0.27074223905,0.348725165387,0.270725675428
39,0.252689255386,0.0545398080166,0.111545384291,0.0109682062331,0.0209849366253,0.231539815869,0.0380499015981,0.0398080855235,0.0004850131187,0.0876358479799,0.00731560707697,0.144438138282,1,0.05,30,20,15,10,20,2.25715636653e-05,1.35144289428e-05,2.25715636653e-05,0.0408489422035,0.00213042235992,0.00194833559329,2.25715636653e-05,1.35144289428e-05,2.25715636653e-05,0.290438845915,0.374095061532,0.290421077283
40,0.0491832667944,0.0845740359862,0.111162192643,0.0561574111193,0.00509653403802,0.0955657715247,0.0401683577717,0.0386306295158,0.231176736244,0.00114702312528,0.0566451071146,0.230492934123,1,0.05,30,20,15,10,20,4.83165800291e-05,2.89289212411e-05,4.83165800291e-05,0.030619765077,0.00216336041229,0.00233446369099,4.83165800291e-05,2.89289212411e-05,4.83165800291e-05,0.293381784597,0.377885666139,0.293363835921
41,0.0121475592898,0.139519280631,0.133000215086,0.0564705908694,0.0115199024163,0.029952726359,0.384371127472,0.00516758051099,0.136118626881,0.0438782928275,0.0178269970679,0.0300271005887,1,0.05,30,20,15,10,20,0.00014438924789,8.64511763408e-05,0.00014438924789,0.110634739122,0.0111470558444,0.00632525635968,0.00014438924789,8.64511763408e-05,0.00014438924789,0.264948215648,0.341262267185,0.264932006497
42,0.112838569681,0.0338414663803,0.0613985340063,0.00691654385297,0.152052206342,0.042989600465,0.106919206952,0.107135147843,0.176225126281,0.0883802376532,0.0122253929421,0.0990779676009,1,0.05,30,20,15,10,20,2.64620944e-05,1.58438334069e-05,2.64620944e-05,0.065399461626,0.00482150076304,0.000619013731156,2.64620944e-05,1.58438334069e-05,2.64620944e-05,0.282551767895,0.363936238156,0.282534481784
43,0.0856738770445,0.419841034372,0.0338518952075,0.0686801772165,0.0406144209727,0.0897966646243,0.00715361392964,0.143282908793,0.01417232192,0.00229563533853,0.00763422453509,0.0870032260465,1,0.05,30,20,15,10,20,6.16044802497e-05,3.68848779481e-05,6.16044802497e-05,0.180090713779,0.00128590987098,0.0134741891261,6.16044802497e-05,3.68848779481e-05,6.16044802497e-05,0.244779711636,0.315284551547,0.244764736364
44,0.0517915014435,0.0445766962584,0.150704277694,0.0216147013672,0.165485210306,0.0797083532225,0.0847759477053,0.039709994305,0.143759577296,0.0547587760618,0.0958060940486,0.0673088702911,1,0.05,30,20,15,10,20,2.86323398157e-05,1.71432395045e-05,2.86323398157e-05,0.0472507231257,0.00533260345644,0.00419229570406,2.86323398157e-05,1.71432395045e-05,2.86323398157e-05,0.286825852717,0.369441404035,0.286808305123
45,0.0227029215792,0.0209214771467,0.098435384425,0.119306409416,0.102419965852,0.00475993739312,0.187615125854,0.0958886648603,0.119044610836,0.0329265646253,0.14650206347,0.0494768745426,1,0.05,30,20,15,10,20,5.18755591676e-05,3.10598135173e-05,5.18755591676e-05,0.0487075322467,0.00383394748858,0.00308977984094,5.18755591676e-05,3.10598135173e-05,5.18755591676e-05,0.287137156001,0.369842373198,0.287119589362
46,0.145527822266,0.139362051908,0.0165334913106,0.252271519677,0.0398708739702,0.0308664803255,0.0124382993049,0.0855259810651,0.0345498930714,0.0846841407766,0.101852622558,0.056516823766,1,0.05,30,20,15,10,20,1.89064080538e-05,1.13199648901e-05,1.89064080538e-05,0.072177325524,0.00370621410185,0.000148883965174,1.89064080538e-05,1.13199648901e-05,1.89064080538e-05,0.280984486923,0.361917527229,0.280967296695
47,0.0452992261857,0.0329512250391,0.0362072386536,0.06317144786,0.0490498137345,0.183280886481,0.123601951136,0.255123297645,0.0305912899761,0.114101504082,0.0268729388092,0.0397491803973,1,0.05,30,20,15,10,20,2.98282440282e-05,1.78592715323e-05,2.98282440282e-05,0.0668974224391,0.00181153521735,0.0030512402646,2.98282440282e-05,1.78592715323e-05,2.98282440282e-05,0.282266571705,0.363568895813,0.282249303042
48,0.0145438123323,0.00258002357939,0.0204379741954,0.129426026124,0.0809606832337,0.0655558782496,0.0766556295382,0.122243125867,0.121362293695,0.0422191392517,0.116511745609,0.207503668325,1,0.05,30,20,15,10,20,2.58599376733e-05,1.54832999314e-05,2.58599376733e-05,0.00664508005409,0.00101933492675,0.00392052089311,2.58599376733e-05,1.54832999314e-05,2.58599376733e-05,0.300574475524,0.387150095442,0.300556086809
49,0.0382144236415,0.0926930239086,0.0159281960167,0.0435344453779,0.0161272370985,7.96423002626e-05,0.200748873828,0.0940652260403,0.048041401519,0.0875526034675,0.298624524389,0.0643904024137,1,0.05,30,20,15,10,20,3.92618686128e-06,2.3507531042e-06,3.92618686128e-06,0.0122452852168,0.00178522799421,0.00037530267666,3.92618686128e-06,2.3507531042e-06,3.92618686128e-06,0.299751208363,0.386089699481,0.299732870015
50,0.036770784195,0.0270993350857,0.173367108888,0.16617316742,0.181975326042,0.153653933635,0.0657607798553,0.0220223845518,0.0651740439707,0.00287035167764,0.0290054470083,0.0761273376707,1,0.05,30,20,15,10,20,7.55735037371e-05,4.52486483151e-05,7.55735037371e-05,0.208672254206,0.00169254753452,0.000344155076629,7.55735037371e-05,4.52486483151e-05,7.55735037371e-05,0.239934553441,0.30904382384,0.23991987459
51,0.0110715619054,0.0735843277088,0.0400399747734,0.136133555137,0.110079698939,0.0933837302726,0.12632892437,0.0371607518764,0.298452139529,0.0187082568532,0.0196931202907,0.0353639583453,1,0.05,30,20,15,10,20,1.48772242664e-05,8.90754372162e-06,1.48772242664e-05,0.244496052363,0.000517352310598,0.00362649724861,1.48772242664e-05,8.90754372162e-06,1.48772242664e-05,0.228494227846,0.294308297351,0.228480248897
52,0.106528954621,0.0635347249656,0.13733025187,0.0128767444179,0.0467925985471,0.00494357747313,0.0202096731783,0.29790645507,0.208940555009,0.053650144731,0.0110749770984,0.0362113430179,1,0.05,30,20,15,10,20,0.000187499701453,0.000112262997356,0.000187499701453,0.0546383846092,0.00869703869216,0.0079080926837,0.000187499701453,0.000112262997356,0.000187499701453,0.282174475032,0.363450272181,0.282157212002
53,0.0236379424342,0.168536219087,0.0530673989891,0.0457644629653,0.00688756493382,0.0541115995964,0.00158098861639,0.302675656632,0.149443744647,0.105993387712,0.0704503737727,0.0178506606145,1,0.05,30,20,15,10,20,2.53382016256e-05,1.51709172871e-05,2.53382016256e-05,0.0154926857678,0.000750712816123,0.0127461048648,2.53382016256e-05,1.51709172871e-05,2.53382016256e-05,0.295281896277,0.380333074279,0.295263831354
54,0.0242177984136,0.0039308973443,0.16050533074,0.0224091123948,0.00614533449941,0.107199523692,0.076044980627,0.185419258019,0.0837476323643,0.233776925681,0.0163908241555,0.0802123820686,1,0.05,30,20,15,10,20,2.26541802574e-05,1.35638945482e-05,2.26541802574e-05,0.0261307896372,0.0028310529647,0.00130352316628,2.26541802574e-05,1.35638945482e-05,2.26541802574e-05,0.294898099841,0.379838731482,0.294880058398
55,0.0351662202999,0.0283361051714,0.00508362160289,0.0592201677059,0.189122110986,0.0905748404813,0.0326828774094,0.28053034213,0.101789904363,0.0227049096288,0.0361529446605,0.118635955561,1,0.05,30,20,15,10,20,9.73825268333e-05,5.83065160515e-05,9.73825268333e-05,0.0518599299325,0.00984479929166,0.00152523569599,9.73825268333e-05,5.83065160515e-05,9.73825268333e-05,0.28475415972,0.366772993352,0.284736738869
56,0.0561699383089,0.0545030523116,0.0480077224776,0.251666935401,0.072974839739,0.00736669027954,0.127437984534,0.000363656723252,0.0233765409242,0.109780907021,0.223862705078,0.0244890272013,1,0.05,30,20,15,10,20,2.23643104343e-06,1.33903387776e-06,2.23643104343e-06,0.0510562410471,0.000559477988851,0.000663151125965,2.23643104343e-06,1.33903387776e-06,2.23643104343e-06,0.288235214853,0.371256710157,0.288217581036
57,0.119012493642,0.0768198229603,0.23514062112,0.0590094780939,0.0180622077327,0.0679325410262,0.109089091776,0.111270319285,0.0747709746219,0.00784983156686,0.0252595813005,0.0957830368748,1,0.05,30,20,15,10,20,0.000169624430166,0.000101560412138,0.000169624430166,0.0312158254783,0.00889224343058,0.013946260968,0.000169624430166,0.000101560412138,0.000169624430166,0.287430629553,0.370220377065,0.28741304496
58,0.000664242109101,0.0103236346903,0.0676269543269,0.0247942103131,0.0718451974527,0.361859151688,0.069673152651,0.0582856020411,0.268413106327,0.0387103245414,0.000315516927407,0.0274889069312,1,0.05,30,20,15,10,20,5.58377629029e-05,3.34321312544e-05,5.58377629029e-05,0.218604843027,0.010614883532,0.00334469844335,5.58377629029e-05,3.34321312544e-05,5.58377629029e-05,0.233318655306,0.300522323171,0.233304381206
59,0.00447419112849,0.045501632537,0.147978630582,0.0668637922421,0.18459034926,0.0098847000803,0.0822127439956,0.253410607303,0.081570340304,0.103118328003,0.00537845775285,0.0150162268119,1,0.05,30,20,15,10,20,8.9519416036e-05,5.35985811598e-05,8.9519416036e-05,0.107296968111,0.00476553507421,0.00249874649234,8.9519416036e-05,5.35985811598e-05,8.9519416036e-05,0.269154754934,0.346680432129,0.269138288433
60,0.027053083981,0.0188962830221,0.0463263562804,0.0535514011102,0.0294078302869,0.12523179765,0.0990017047579,0.0970597633516,0.0715680911771,0.0590261611086,0.202978163556,0.169899363718,1,0.05,30,20,15,10,20,1.52145964864e-05,9.10954093204e-06,1.52145964864e-05,0.00280356938177,0.000567123477125,0.00190922592223,1.52145964864e-05,9.10954093204e-06,1.52145964864e-05,0.302508903402,0.389641704007,0.302490396342
61,0.0772316033294,0.084834974548,0.0035807101146,0.10325528625,0.0380683991895,0.133545796344,0.0143072824131,0.0950882055405,0.209493200279,0.139901712305,0.0555679156555,0.0451249140316,1,0.05,30,20,15,10,20,2.78879839308e-05,1.66975661402e-05,2.78879839308e-05,0.0391507782638,0.00150495484153,0.00381541061237,2.78879839308e-05,1.66975661402e-05,2.78879839308e-05,0.290569298485,0.374263088857,0.290551521873
62,0.0419579355904,0.0470648273501,0.0367461219506,0.129446263706,0.0251976909512,0.078526484382,0.208712757209,0.198314333333,0.013898330658,0.0131760786336,0.164104953927,0.0428542223093,1,0.05,30,20,15,10,20,3.99641123581e-05,2.39279903126e-05,3.99641123581e-05,0.0459189691292,0.00286285828897,0.00465298002885,3.99641123581e-05,2.39279903126e-05,3.99641123581e-05,0.287824011336,0.370727066112,0.287806402676
63,0.115144609389,0.0814780365696,0.0436931633987,0.00272387711668,0.0347613732738,0.0155625064582,0.156583858127,0.0341738575403,0.140781610453,0.256378412404,0.101433097456,0.0172855978147,1,0.05,30,20,15,10,20,3.19822440407e-06,1.91489509069e-06,3.19822440407e-06,0.0259022129108,0.000943420266378,0.000120766974042,3.19822440407e-06,1.91489509069e-06,3.19822440407e-06,0.295932198293,0.381170685281,0.295914093586
64,0.00976427137349,0.234759628678,0.115170455961,0.0314141603904,0.0879179595564,0.188827676647,0.0172325526749,0.171368613468,0.00578831589816,0.00811018597926,0.121938502505,0.00770767686905,1,0.05,30,20,15,10,20,6.13976641442e-05,3.67610495061e-05,6.13976641442e-05,0.100408819265,0.00220320114738,0.00465518238145,6.13976641442e-05,3.67610495061e-05,6.13976641442e-05,0.271417611024,0.349595067343,0.271401006084
65,0.0367553438113,0.0620935459245,0.187051831031,0.0302689463985,0.0507902731342,0.0231752734846,0.071689447729,0.104080813458,0.0330741869896,0.23383248973,0.0184583139592,0.148729534349,1,0.05,30,20,15,10,20,1.10940407972e-05,6.64241203069e-06,1.10940407972e-05,0.0169356065752,0.00134091216491,0.000304277618526,1.10940407972e-05,6.64241203069e-06,1.10940407972e-05,0.298470104279,0.384439594069,0.298451844306
66,0.152252353602,0.0270081137405,0.00208225280545,0.152201930535,0.137169840989,0.0233992780597,0.00865814181419,0.074110497198,0.131648325469,0.161126423866,0.0358049884902,0.0945378534301,1,0.05,30,20,15,10,20,1.60065921936e-05,9.58373801761e-06,1.60065921936e-05,0.0463585801152,0.00333227247572,0.000408761280411,1.60065921936e-05,9.58373801761e-06,1.60065921936e-05,0.288876243978,0.372082377361,0.288858570944
67,0.122215055239,0.312462160998,0.231470880311,0.00644321480902,0.0485129226465,0.00722337647272,0.0577432277502,0.0422593037867,0.0924378521709,0.011480175011,0.0247772597475,0.0429745710571,1,0.05,30,20,15,10,20,0.000195716348221,0.000117182607293,0.000195716348221,0.228340424912,0.0115650419631,0.00592277633074,0.000195716348221,0.000117182607293,0.000195716348221,0.229063500248,0.295041539467,0.229049486472
68,0.232473533493,0.0327216940906,0.0597671878937,0.0662905025134,0.0013456652037,0.0316028011994,0.198125879267,0.0286074130205,0.096693948356,0.114875656781,0.0415125947925,0.0959831233892,1,0.05,30,20,15,10,20,3.80078214421e-05,2.27566866774e-05,3.80078214421e-05,0.00343464546444,0.00581281557013,0.000595819895477,3.80078214421e-05,2.27566866774e-05,3.80078214421e-05,0.301084977529,0.387807639299,0.301066557582
69,0.00815600555069,0.0583938455538,0.25874499579,0.214641483331,0.263364738479,0.00406648636816,0.0866536640782,0.0653554299304,0.0109607257169,0.0137942965314,0.0149719143959,0.000896414275486,1,0.05,30,20,15,10,20,0.000699820627556,0.000419008460559,0.000699820627556,0.134714026581,0.0805115343795,0.0462049321966,0.000699820627556,0.000419008460559,0.000699820627556,0.22352138641,0.287903109308,0.223507711693
70,0.00365792683625,0.100079854611,0.0554720712284,0.00574367996605,0.148678683436,0.18385037848,0.115236597589,0.097578635914,0.132364362926,0.111851181707,0.0386958906761,0.006790736629,1,0.05,30,20,15,10,20,5.86789582945e-05,3.51332598869e-05,5.86789582945e-05,0.128717493195,0.00160720949992,0.0022880333802,5.86789582945e-05,3.51332598869e-05,5.86789582945e-05,0.263713349006,0.339671717164,0.263697215402
71,0.0631273564425,0.177114526374,0.0906548020195,0.159803815072,0.0602298101074,0.154400316589,0.0878331745628,0.0456487737685,0.00806274624601,0.0423723393403,0.00709467916781,0.103657660309,1,0.05,30,20,15,10,20,2.9586127748e-05,1.77143075717e-05,2.9586127748e-05,0.108807087605,0.0035829998221,0.00737543478496,2.9586127748e-05,1.77143075717e-05,2.9586127748e-05,0.267666673572,0.34476373298,0.267650298109
72,0.0690044663174,0.0600426080726,0.00896659967323,0.0075645675851,0.0461066001744,0.198951933538,0.137645448958,0.140323946127,0.131666900168,0.0935429320167,0.040400981148,0.065783016222,1,0.05,30,20,15,10,20,1.33325398463e-05,7.98268409986e-06,1.33325398463e-05,0.104109924991,0.000695547202279,0.000610943556002,1.33325398463e-05,7.98268409986e-06,1.33325398463e-05,0.272056486249,0.350417960251,0.272039842223
73,0.0473727934011,0.0029098345217,0.0832376911918,0.0446646793214,0.0100496650204,0.137320982669,0.0354686467062,0.220073814993,0.0379786812524,0.135517719331,0.17560680716,0.0697986844319,1,0.05,30,20,15,10,20,2.21434663742e-05,1.3258111281e-05,2.21434663742e-05,0.0152180528014,0.00129456747215,0.00330149382671,2.21434663742e-05,1.3258111281e-05,2.21434663742e-05,0.298077538106,0.383933955555,0.29805930215
74,0.0466861547153,0.136387412291,0.0317078952443,0.0410214984696,0.160621927979,0.0802633546262,0.251252415643,0.05090495134,0.0330469356797,0.0353518320063,0.0656380570658,0.06711756494,1,0.05,30,20,15,10,20,7.68688431954e-05,4.60242158976e-05,7.68688431954e-05,0.0303281142384,0.013505077056,0.00148755132079,7.68688431954e-05,4.60242158976e-05,7.68688431954e-05,0.290233475853,0.373830537942,0.290215719785
75,0.0232138714438,0.02124689703,0.112591335055,0.0758884687605,0.0185447387456,0.0879980081531,0.183191529622,0.270921189811,0.00537771072826,0.010481656833,0.100740350892,0.0898042429254,1,0.05,30,20,15,10,20,4.54850244135e-05,2.72335642985e-05,4.54850244135e-05,0.0572620051871,0.00591348515045,0.00501528152899,4.54850244135e-05,2.72335642985e-05,4.54850244135e-05,0.283327423089,0.364935308293,0.283310089524
76,0.0594355732902,0.00437774307424,0.0225862662503,0.0349928018534,0.0185508778812,0.0745731691622,0.0875366946627,0.121035239868,0.398139363054,0.0226360037499,0.0425665917088,0.113569675445,1,0.05,30,20,15,10,20,6.38597719113e-05,3.82352043746e-05,6.38597719113e-05,0.0409194610106,0.00825149525674,0.00446537006516,6.38597719113e-05,3.82352043746e-05,6.38597719113e-05,0.287724948483,0.370599469805,0.287707345883
77,0.0645172002219,0.0606559831541,0.22085619942,0.0115924864396,0.14226865187,0.119973987081,0.0759335516561,0.0250984495907,0.13488666389,0.0415570124816,0.0785022972481,0.0241575169463,1,0.05,30,20,15,10,20,3.06967120499e-05,1.83792554175e-05,3.06967120499e-05,0.0824770005741,0.0158864428002,0.00345842118697,3.06967120499e-05,1.83792554175e-05,3.06967120499e-05,0.273122280195,0.351790738919,0.273105570966
78,0.257739973925,0.0256874451607,0.138600230054,0.062427603134,0.0333498307197,0.130765855201,0.0198350280884,0.112428988154,0.00418116631147,0.0724059509773,0.0778914354045,0.0646864928697,1,0.05,30,20,15,10,20,7.21514910768e-05,4.31997629288e-05,7.21514910768e-05,0.0456990614925,0.000612634472367,0.00862829472547,7.21514910768e-05,4.31997629288e-05,7.21514910768e-05,0.28731534643,0.370071888501,0.287297768889
79,0.0141291293467,0.113914593046,0.104244325911,0.072345894908,0.111939426759,0.139433953533,0.0445221202944,0.0675572273252,0.0115969559594,0.299115446319,0.0132671629388,0.00793376366007,1,0.05,30,20,15,10,20,1.789240026e-05,1.07128409673e-05,1.789240026e-05,0.0512562836268,0.00134894982226,0.000455407210633,1.789240026e-05,1.07128409673e-05,1.789240026e-05,0.2879726999,0.370918582014,0.287955082143
80,0.0614260756195,0.0971088614955,0.0314916203189,0.00352202437719,0.0486246660272,0.122936028658,0.035234363261,0.219952439963,0.0457180393503,0.037166477834,0.238475853631,0.0583435494632,1,0.05,30,20,15,10,20,1.75310530383e-05,1.04964890378e-05,1.75310530383e-05,0.0167600530065,0.00103222618811,0.00136749497077,1.75310530383e-05,1.04964890378e-05,1.75310530383e-05,0.298283839345,0.384199678532,0.298265590768
81,0.146430157563,0.041994697688,0.1751202829,0.148589458131,0.0468797789578,0.0489293356064,0.0337928937081,0.0787001004919,0.0161933038988,0.0969116427327,0.0912097373095,0.0752486110138,1,0.05,30,20,15,10,20,3.58689082327e-05,2.1476040329e-05,3.58689082327e-05,0.0338292855279,0.00419207289084,0.00367469569925,3.58689082327e-05,2.1476040329e-05,3.58689082327e-05,0.291400694983,0.375333955679,0.291382867507
82,0.125033451268,0.0831192873784,0.0861213261162,0.0132607327972,0.0022490406484,0.00593232124011,0.0946781637333,0.0373181540418,0.0494880762967,0.0475961167558,0.01929162077,0.435911708954,1,0.05,30,20,15,10,20,4.84415391194e-06,2.90037388643e-06,4.84415391194e-06,0.012664217972,0.000427717465609,2.53553193157e-05,4.84415391194e-06,2.90037388643e-06,4.84415391194e-06,0.300141647748,0.38659259862,0.300123285512
83,0.063033919221,0.202312636269,0.0448467814669,0.0143596541814,0.0295721186113,0.452631101003,0.00942757703841,0.0335968763023,0.0461699189733,0.000953870867114,0.00169756617298,0.101397979894,1,0.05,30,20,15,10,20,0.000222204110112,0.000133041808775,0.000222204110112,0.0961348997784,0.00862827992831,0.0123420699638,0.000222204110112,0.000133041808775,0.000222204110112,0.268171284097,0.345413688411,0.268154877763
84,0.144337583386,0.0291240994622,0.051817355164,0.0603210458374,0.207560629623,0.0109029933745,0.0317648257032,0.0022815537254,0.228403898707,0.0574041487735,0.111826579203,0.0642552870402,1,0.05,30,20,15,10,20,4.40424015118e-05,2.63698126779e-05,4.40424015118e-05,0.0683554792734,0.00301654015515,0.00131722181011,4.40424015118e-05,2.63698126779e-05,4.40424015118e-05,0.281961544525,0.363176010483,0.281944294522
85,0.0502261285961,0.144399441321,0.0558455711132,0.0915878380086,0.149079519534,0.16574832424,0.0519002893903,0.0755490470235,0.0236060738198,0.0850890651574,0.0186666982714,0.0883020035242,1,0.05,30,20,15,10,20,2.72125694858e-05,1.62931705627e-05,2.72125694858e-05,0.0560035075301,0.00324076498964,0.00148964485273,2.72125694858e-05,1.62931705627e-05,2.72125694858e-05,0.285624225978,0.367893668133,0.285606751897
86,0.0294956323401,0.0429562013928,0.0678414500929,0.189493197504,0.035800052249,0.167659546326,0.0462067518838,0.0357991590144,0.0386678569656,0.17048257689,0.159694304985,0.0159032703556,1,0.05,30,20,15,10,20,2.02945571292e-05,1.21511010187e-05,2.02945571292e-05,0.0293539001485,0.00185893587793,0.00358749335522,2.02945571292e-05,1.21511010187e-05,2.02945571292e-05,0.293522571513,0.378067004451,0.293504614224
87,0.0681095877248,0.00169683236982,0.0931928198907,0.0702692611417,0.0836059619719,0.0720913682769,0.234761483797,0.185012288093,0.111466685488,0.0502787135912,0.00758780150075,0.021927196155,1,0.05,30,20,15,10,20,0.000167113684701,0.000100057136083,0.000167113684701,0.156680597962,0.0184938208494,0.0120328391478,0.000167113684701,0.000100057136083,0.000167113684701,0.246937629057,0.318064022206,0.246922521767
88,0.016569692812,0.172715355096,0.00713027404627,0.199715330242,0.000538295963432,0.0460439421605,0.110026045567,0.0243923294443,0.0067434335935,0.211341245274,0.166888655704,0.0378954000966,1,0.05,30,20,15,10,20,1.88076091524e-05,1.12608103383e-05,1.88076091524e-05,0.0321270972564,0.00218478559816,0.000122914205379,1.88076091524e-05,1.12608103383e-05,1.88076091524e-05,0.293636094566,0.378213225985,0.293618130332
89,0.175489416037,0.108095467841,0.00262790249049,0.00779342297748,0.0176750761748,0.00833542770295,0.0857514982911,0.0788722164949,0.21225693872,0.0116216347159,0.0285227469461,0.262958251607,1,0.05,30,20,15,10,20,0.000104002882307,6.22703674244e-05,0.000104002882307,0.0151524332516,0.0030253527605,0.00230504769867,0.000104002882307,6.22703674244e-05,0.000104002882307,0.29774475499,0.383505319641,0.297726539394
90,0.0462335319043,0.0762438080968,0.0467057639478,0.131782258121,0.0387016158147,0.0291607332651,0.0973112943839,0.186994942052,0.1019153208,0.0388363146149,0.149144633428,0.0569697835716,1,0.05,30,20,15,10,20,5.30176293744e-05,3.17436131373e-05,5.30176293744e-05,0.0482171706479,0.00310655433178,0.000512707070208,5.30176293744e-05,3.17436131373e-05,5.30176293744e-05,0.288289504891,0.371326637563,0.288271867753
91,0.0257632777267,0.0590322347597,0.111273721229,0.00142303516556,0.0293354873303,0.137811137243,0.0805084960664,0.0528700535817,0.275942273714,0.0864901494402,0.0159513980351,0.123598735708,1,0.05,30,20,15,10,20,2.34776290836e-05,1.40569237781e-05,2.34776290836e-05,0.0531103784753,0.000566239837684,0.00208630772436,2.34776290836e-05,1.40569237781e-05,2.34776290836e-05,0.287142001247,0.36984861404,0.287124434312
92,0.163018920165,0.153767400503,0.065592841842,0.0283896635048,0.0086310652725,0.0678535663855,0.0908564531456,0.0769915674265,0.199480151143,0.0469195551311,0.0485431831865,0.049955632294,1,0.05,30,20,15,10,20,8.91102019292e-05,5.3353569558e-05,8.91102019292e-05,0.0626349385323,0.0110102754533,0.00282316849366,8.91102019292e-05,5.3353569558e-05,8.91102019292e-05,0.280740920033,0.361603804834,0.280723744707
93,0.102661043726,0.0373444613598,0.181857720573,0.0358709798037,0.00537654458564,0.181508339935,0.0514990937862,0.0208048432077,0.192255507886,0.0493139977833,0.0105405655021,0.130966901852,1,0.05,30,20,15,10,20,5.13817803802e-05,3.07641699175e-05,5.13817803802e-05,0.0810982163411,0.00597809633401,0.00208594693216,5.13817803802e-05,3.07641699175e-05,5.13817803802e-05,0.276939859035,0.356707909645,0.276922916251
94,0.00198820569538,9.02726714772e-05,0.34633823947,0.117573582718,0.104092314082,0.0234458784426,0.105274016354,0.0623647422805,0.00852500378086,0.0906486236449,0.064059027408,0.0756000934513,1,0.05,30,20,15,10,20,3.18623243483e-05,1.90771505573e-05,3.18623243483e-05,0.0727359515138,0.00239978860509,0.000442604921274,3.18623243483e-05,1.90771505573e-05,3.18623243483e-05,0.281102109712,0.362069029362,0.281084912288
