run_ID,t1_initial,t2_initial,t3_initial,t4_initial,t5_initial,t6_initial,t7_initial,t8_initial,t9_initial,t10_initial,t11_initial,t12_initial,alpha,prior_cost_c,lambda,k,sample_amount,learning_parameter,generations,t1_final,t2_final,t3_final,t4_final,t5_final,t6_final,t7_final,t8_final,t9_final,t10_final,t11_final,t12_final
0,0.210728622456,0.0661914924698,0.116737554643,0.08848965806,0.0118078850645,0.0293128948082,0.131379209003,0.0449626284026,0.0115061443319,0.164177261123,0.0149991310431,0.109707518595,1,0.2,30,15,3,10,20,7.11433819538e-05,7.63896247046e-06,7.11433819538e-05,0.0442247322949,0.00233601549754,0.00181619111328,7.11433819538e-05,7.63896247046e-06,7.11433819538e-05,0.195432080659,0.560468015583,0.1954231134
1,0.0323098862014,0.30698881021,0.126463856632,0.00332763767862,0.0080506165862,0.0689222541687,0.0821635461517,0.0198791981813,0.00772051004073,0.162893758395,0.150814107201,0.0304658185523,1,0.2,30,15,3,10,20,2.24039763494e-05,2.40560864303e-06,2.24039763494e-05,5.63270857961e-06,0.000306991476163,0.000380075724502,2.24039763494e-05,2.40560864303e-06,2.24039763494e-05,0.205270142477,0.588682006685,0.205260723806
2,0.0592656566056,0.00237074218477,0.0979360440502,0.0255321355436,0.124385473707,0.0383462342121,0.339013438129,0.045795779431,0.134102553668,0.0871233755806,0.0244746555809,0.0216539113071,1,0.2,30,15,3,10,20,0.000183601086689,1.9714016571e-05,0.000183601086689,0.021919014609,0.00861947632596,0.00464079835454,0.000183601086689,1.9714016571e-05,0.000183601086689,0.198045927373,0.567964110779,0.198036840179
3,0.239135379406,0.0786699413029,0.15335504196,0.0671405914873,0.0194948936043,0.0406953799016,0.0494108039959,0.0675633092923,0.114137203204,0.15616788783,0.0113441976363,0.00288537037897,1,0.2,30,15,3,10,20,0.000673755615259,7.23439583258e-05,0.000673755615259,0.0464426514189,0.000698766156488,0.00759547985701,0.000673755615259,7.23439583258e-05,0.000673755615259,0.193603774753,0.555224726052,0.193594891385
4,0.234963942562,0.0964137308521,0.00813704921625,0.0527562478631,0.000189634440715,0.0657118498979,0.228739958276,0.0155893378026,0.0842218323366,0.00352957825006,0.155328845585,0.0544179929166,1,0.2,30,15,3,10,20,0.000149062723945,1.60054881099e-05,0.000149062723945,0.0105194556876,4.89529856444e-05,0.00548381502813,0.000149062723945,1.60054881099e-05,0.000149062723945,0.202005140534,0.579318502218,0.201995871675
5,0.0506956556239,0.00997647441784,0.0596950880501,0.0771006626842,0.0787101930559,0.214942381782,0.160475264567,0.0734976208204,0.0120213672404,0.080032668151,0.0901189193752,0.0927337042322,1,0.2,30,15,3,10,20,7.21188564499e-05,7.74370324693e-06,7.21188564499e-05,0.00327214829362,0.00317039600638,7.97400873552e-05,7.21188564499e-05,7.74370324693e-06,7.21188564499e-05,0.204029514884,0.585124084758,0.204020153138
6,0.0234845226762,0.0638914701505,0.0381054034012,0.240666285411,0.0218262091021,0.0251934948087,0.143636172752,0.120572371621,0.0303617659581,0.0662687937583,0.123401677296,0.102591833064,1,0.2,30,15,3,10,20,0.000360249140668,3.86814569396e-05,0.000360249140668,0.0339704759265,0.00319464945904,0.00133254235372,0.000360249140668,3.86814569396e-05,0.000360249140668,0.197211277197,0.565570467287,0.1972022283
7,0.210882075005,0.0512025200962,0.0270379028187,0.0215978406653,0.0396571242244,0.11478876518,0.000800163052643,0.0251845572518,0.151788828134,0.136115938313,0.0114385497694,0.20950573549,1,0.2,30,15,3,10,20,2.29899826244e-06,2.46853058769e-07,2.29899826244e-06,0.000564565944725,0.00149676172218,0.000843429240254,2.29899826244e-06,2.46853058769e-07,2.29899826244e-06,0.204833123296,0.587428705422,0.204823724676
8,0.0077135250198,0.222383596854,0.0453679265641,0.0871562622154,0.0311637109678,0.0616712625076,0.16151782618,0.0707137146842,0.0526135616919,0.0725627718829,0.0731217264849,0.114014114948,1,0.2,30,15,3,10,20,3.13459316487e-05,3.36574378235e-06,3.13459316487e-05,0.00991105421157,0.00291959728454,0.00460976768597,3.13459316487e-05,3.36574378235e-06,3.13459316487e-05,0.2018218853,0.578792955455,0.201812624849
9,0.120191281807,0.0914673442647,0.0216043929094,0.00218479583595,0.0672413303323,0.00362335087546,0.338341795605,0.0111079002118,0.0930443764528,0.117517054419,0.0277949195531,0.105881457733,1,0.2,30,15,3,10,20,9.45391447117e-05,1.01510633682e-05,9.45391447117e-05,0.0497453527415,8.46503961872e-05,0.00173687294923,9.45391447117e-05,1.01510633682e-05,9.45391447117e-05,0.194756508913,0.558530583642,0.194747572652
10,0.24516785929,0.0416188277173,0.00299222436239,0.00217386950675,0.0351634890034,0.00871618997519,0.128008019521,0.000699690153196,0.0165005747919,0.0760157184443,0.252444160943,0.190499376292,1,0.2,30,15,3,10,20,1.52091828854e-05,1.6330735773e-06,1.52091828854e-05,0.000199366575242,1.38958586216e-05,0.000598277270387,1.52091828854e-05,1.6330735773e-06,1.52091828854e-05,0.205251958565,0.588629858125,0.205242540727
11,0.0264109679673,0.0144585495926,0.0271442252946,0.0168414411525,0.163859049589,0.0640222288241,0.25475123662,0.0908584930266,0.0620514772652,0.0170516449173,0.0840167484338,0.178533937317,1,0.2,30,15,3,10,20,2.81051283159e-05,3.01776517416e-06,2.81051283159e-05,0.0115594657519,0.00116107525521,0.000372920312173,2.81051283159e-05,3.01776517416e-06,2.81051283159e-05,0.202717694895,0.581361994401,0.202708393341
12,0.00945539655714,0.0614092534302,0.00427409286149,0.0729983652609,0.0887722032886,0.00728326555525,0.134935031642,0.0496403602127,0.246358506586,0.0968047819689,0.0421065211143,0.185962221523,1,0.2,30,15,3,10,20,2.91723743503e-05,3.13235984453e-06,2.91723743503e-05,0.00950452431614,0.00144078424937,0.00322024110911,2.91723743503e-05,3.13235984453e-06,2.91723743503e-05,0.20249652974,0.580727728034,0.202487238334
13,0.0930053063666,0.19225359857,0.0768778156224,0.214318992704,0.0170515494604,0.0342301623522,0.0437228858434,0.109108412066,0.156032746356,0.0202165602066,0.0246867782029,0.0184951922508,1,0.2,30,15,3,10,20,0.000966284564262,0.000103754015053,0.000966284564262,0.0844871432317,0.0461485613608,0.000939813663096,0.000966284564262,0.000103754015053,0.000966284564262,0.177565390934,0.509229201048,0.177557243475
14,0.172871779157,0.0929465401513,0.0632375420319,0.120737593325,0.0476688248999,0.00425283206067,0.0149238667969,0.0292286866049,0.135861237526,0.00895712339617,0.220559403089,0.0887545709607,1,0.2,30,15,3,10,20,8.1054440189e-05,8.70315424518e-06,8.1054440189e-05,0.00667988928912,0.000882394544235,0.00304344988408,8.1054440189e-05,8.70315424518e-06,8.1054440189e-05,0.203182907544,0.582696150026,0.203173584643
15,0.143997636729,0.053087463208,0.0281986566846,0.0135228967264,0.201613867312,0.00845173035714,0.0973212256018,0.33504989348,0.0102593717166,0.0690745215996,0.0362790484512,0.00314368813338,1,0.2,30,15,3,10,20,0.000573408050281,6.15692205805e-05,0.000573408050281,0.0420243114441,0.0237790720115,0.00753898000294,0.000573408050281,6.15692205805e-05,0.000573408050281,0.189868504859,0.544512568159,0.189859792881
16,0.0411479654275,0.0472382111095,0.0624036435485,0.147311524606,0.0059272649067,0.0212847552806,0.0350548788858,0.145294738988,0.11237698166,0.281422667372,0.05783413951,0.0427032287056,1,0.2,30,15,3,10,20,2.64648512344e-05,2.84164176363e-06,2.64648512344e-05,0.022745132416,9.73126365567e-05,0.00153676086717,2.64648512344e-05,2.84164176363e-06,2.64648512344e-05,0.200400663801,0.574717119029,0.200391468562
17,0.0989796604638,0.0498879456553,0.0822611397297,0.00508174815005,0.117060498146,0.0712542173096,0.0150234090774,0.0945364497666,0.06037193014,0.120736980107,0.204678841798,0.0801271796558,1,0.2,30,15,3,10,20,4.61939674129e-07,4.96003948278e-08,4.61939674129e-07,0.019708968171,0.000163950490747,0.00192683447234,4.61939674129e-07,4.96003948278e-08,4.61939674129e-07,0.200953079994,0.576301360504,0.200943859408
18,0.0481960281067,0.101655365712,0.222058428125,0.0143121227676,0.0199898883653,0.0094329956491,0.275278773463,0.0807048197495,0.00301666811463,0.000115015363115,0.0770000309653,0.148239863619,1,0.2,30,15,3,10,20,2.84367316817e-06,3.05337081445e-07,2.84367316817e-06,0.00366949105587,0.00363099787021,0.00448482329544,2.84367316817e-06,3.05337081445e-07,2.84367316817e-06,0.203008302843,0.582195411613,0.202998987955
19,0.184106442235,0.027975278811,0.137174729818,0.0901135526419,0.0119849426095,0.00466813465356,0.0870612730192,0.0331898149245,0.0771747953251,0.211969748521,0.0109718130181,0.123609474424,1,0.2,30,15,3,10,20,9.52883719865e-06,1.02315110343e-06,9.52883719865e-06,5.05251176259e-06,7.01961637246e-06,0.00112408221653,9.52883719865e-06,1.02315110343e-06,9.52883719865e-06,0.205190190671,0.588452717665,0.205180775668
20,0.0499172991065,0.0710051765088,0.196781428768,0.0531518149847,0.0850749463495,0.0591102392193,0.123117644706,0.0635526513374,0.0504182703095,0.0137799142744,0.148822043795,0.0852685706408,1,0.2,30,15,3,10,20,0.0002123630505,2.28023089194e-05,0.0002123630505,0.0193585665432,0.00775570916025,0.00149316778643,0.0002123630505,2.28023089194e-05,0.0002123630505,0.19937109041,0.571764466868,0.199361942412
21,0.275809888574,0.000215594827736,0.204147727477,0.0399581408601,0.12932445683,0.063428650723,0.0217239763506,0.0838354314773,0.0507953511976,0.0416722407865,0.00738646460418,0.0817020762921,1,0.2,30,15,3,10,20,0.000180762038956,1.94091761419e-05,0.000180762038956,0.0242925538949,0.000428431709275,0.00921178666345,0.000180762038956,1.94091761419e-05,0.000180762038956,0.198304459834,0.568705540613,0.198295360777
22,0.0377320683369,0.135769819086,0.0509453906274,0.155284466272,0.0848552243846,0.0480968601728,0.0474704240307,0.00173881996395,0.0572138392991,0.0395160329224,0.00688047042004,0.334496584484,1,0.2,30,15,3,10,20,0.000245388460634,2.6348385331e-05,0.000245388460634,0.0115617217793,0.00346806248923,0.000116724205486,0.000245388460634,2.6348385331e-05,0.000245388460634,0.202107800267,0.579612913948,0.202098526697
23,0.0443802357136,0.0759432478825,0.0852204103597,0.099698374375,0.0309824731998,0.13251794024,0.235342406702,0.0791903818237,0.00977657500889,0.0157033551506,0.0779922925127,0.113252307031,1,0.2,30,15,3,10,20,0.000415834440072,4.46498830165e-05,0.000415834440072,0.00455858999046,0.000809572287233,0.00425172902553,0.000415834440072,4.46498830165e-05,0.000415834440072,0.203095563873,0.582445662318,0.20308624498
24,0.173457190757,0.0115908227658,0.00530341022027,0.0375746902218,0.0478941932181,0.070800485457,0.00207070983774,0.171460954178,0.0354131205517,0.109789503787,0.289100587523,0.0455443314829,1,0.2,30,15,3,10,20,1.51708697531e-06,1.62895973603e-07,1.51708697531e-06,0.0213957622196,8.02557684294e-05,0.000132500078218,1.51708697531e-06,1.62895973603e-07,1.51708697531e-06,0.200991452174,0.576411405792,0.200982229827
25,0.190576141845,0.0218427233518,0.0033517095831,0.200197829111,0.156625316961,0.0167743995993,0.0888427566833,0.101650768859,0.0350111236628,0.0927483732149,0.0379240448906,0.0544548122384,1,0.2,30,15,3,10,20,0.000258375188179,2.77428245832e-05,0.000258375188179,0.000970968446248,0.000135081886356,0.00346717912701,0.000258375188179,2.77428245832e-05,0.000258375188179,0.204268643992,0.585809868873,0.204259271274
26,0.0707410549369,0.00562153733443,0.0611788327035,0.00759965046804,0.125890674327,0.15497809871,0.0106719407724,0.377560082165,0.025781705709,0.057968404054,0.0262745752808,0.0757334435394,1,0.2,30,15,3,10,20,0.000162120779162,1.74075861125e-05,0.000162120779162,0.0778224804415,2.9171530211e-05,0.00330276491894,0.000162120779162,1.74075861125e-05,0.000162120779162,0.188619770743,0.540931398016,0.188611116061
27,0.0139246159643,0.0534151860017,0.0302591571434,0.0221762368234,0.0350134300372,0.0277358468103,0.00357762829651,0.324048254236,0.338142896122,0.0653726178855,0.0116269657721,0.0747071649083,1,0.2,30,15,3,10,20,0.000110712588009,1.18876736189e-05,0.000110712588009,6.34273402033e-05,0.0067590145241,4.05255175257e-05,0.000110712588009,1.18876736189e-05,0.000110712588009,0.203926111616,0.584827540688,0.203916754615
28,0.0124095340404,0.0763431734822,0.078681170489,0.431434803497,0.0210434522745,0.0449908045329,0.054608542821,0.0591164447402,0.142558683687,0.036698212248,0.0101283982718,0.0319867799158,1,0.2,30,15,3,10,20,1.49412752243e-08,1.60430721122e-09,1.49412752243e-08,6.39465227332e-06,1.58095760392e-08,2.4974311241e-05,1.49412752243e-08,1.60430721122e-09,1.49412752243e-08,0.205425383066,0.589127211916,0.205415957271
29,0.0778072410507,0.0544846328812,0.0201303722706,0.0373041135911,0.149617623163,0.1471620255,0.0685684487206,0.169910360859,0.0319590942161,0.105797892068,0.0196769457207,0.11758124996,1,0.2,30,15,3,10,20,5.93932918124e-07,6.37730614841e-08,5.93932918124e-07,0.0572275720861,0.00076993144644,0.000101395055622,5.93932918124e-07,6.37730614841e-08,5.93932918124e-07,0.193495965343,0.55491554587,0.193487086921
30,0.00702545417636,0.00170584105311,0.211124386876,0.00561286358947,0.0161388743367,0.0888763401804,0.09279033181,0.114241309376,0.104539153209,0.0092179691089,0.0372005889812,0.311526887302,1,0.2,30,15,3,10,20,2.04747920823e-05,2.19846405964e-06,2.04747920823e-05,0.00916932663153,0.002745274443,0.00155223921585,2.04747920823e-05,2.19846405964e-06,2.04747920823e-05,0.202647597642,0.581160966667,0.202638299304
31,0.000792320974156,0.0899861587401,0.0751642070546,0.0553287767128,0.0923577955868,0.0339929809533,0.189070227225,0.00203370497503,0.127889213778,0.170695393766,0.0650081885537,0.0976810316803,1,0.2,30,15,3,10,20,3.00921019573e-05,3.23111484436e-06,3.00921019573e-05,2.85249886752e-05,0.000581564589989,0.000206415312063,3.00921019573e-05,3.23111484436e-06,3.00921019573e-05,0.205238052278,0.588589977115,0.205228635079
32,0.0513752285323,0.0304175907706,0.0198238369014,0.0378167618489,0.171061387148,0.0538007671563,0.273945526003,0.183779482153,0.0790261043044,0.064788622429,0.0136667287679,0.020497963985,1,0.2,30,15,3,10,20,1.23617362973e-05,1.32733132797e-06,1.23617362973e-05,0.0012520196267,0.000635042412388,0.0260577330515,1.23617362973e-05,1.32733132797e-06,1.23617362973e-05,0.199680389335,0.572651486821,0.199671227146
33,0.0537987048752,0.248172225371,0.0436608186445,0.111562896495,0.038133993793,0.139606433985,0.114487220175,0.0287985108412,0.0304669967706,0.0900502483829,0.0268869601212,0.0743749905451,1,0.2,30,15,3,10,20,2.21985094723e-05,2.38354680508e-06,2.21985094723e-05,0.0893446420279,3.52146777446e-05,0.000269258418605,2.21985094723e-05,2.38354680508e-06,2.21985094723e-05,0.186995840017,0.53627422388,0.186987259848
34,0.0500130882812,0.115285255106,0.0719367234559,0.157472966685,0.230613981686,0.0110632917554,0.00644828825673,0.0205674485655,0.260514350455,0.0290794465176,0.00158243649249,0.0454227227419,1,0.2,30,15,3,10,20,0.00013695212269,1.47051222018e-05,0.00013695212269,0.00279033299132,0.03300434668,0.00185027361491,0.00013695212269,1.47051222018e-05,0.00013695212269,0.197579792176,0.566627309432,0.197570726371
35,0.127996116522,0.120617206026,0.0525624959636,0.16355288849,0.017271064359,0.0168756205432,0.0708627528102,0.00820516294907,0.126293460188,0.0266338247439,0.238749020682,0.0303803867235,1,0.2,30,15,3,10,20,2.99999272618e-05,3.2212176618e-06,2.99999272618e-05,0.020845264019,0.000468936786673,0.00594510227876,2.99999272618e-05,3.2212176618e-06,2.99999272618e-05,0.199805939308,0.573011544105,0.199796771358
36,0.227525438023,0.0173164630775,0.0646643675892,0.0605146013426,0.373773350452,0.0373829231495,0.0372518914757,0.0183795987942,0.0316465334594,0.0166336541107,0.0444875604592,0.0704236180665,1,0.2,30,15,3,10,20,8.08531926723e-05,8.68154545762e-06,8.08531926723e-05,0.0748471643975,0.000215461577462,9.95719672238e-05,8.08531926723e-05,8.68154545762e-06,8.08531926723e-05,0.189921128341,0.544663483907,0.189912413948
37,0.0522020662506,0.0124781189522,0.0279937617259,0.0416003542509,0.0147662058491,0.0502938625992,0.0134598618889,0.353758295633,0.0112033955891,0.183997264669,0.229349514126,0.00889729846596,1,0.2,30,15,3,10,20,1.37488380598e-05,1.47627024563e-06,1.37488380598e-05,1.24501618981e-06,0.000180668065205,0.000282743870163,1.37488380598e-05,1.47627024563e-06,1.37488380598e-05,0.205324483758,0.588837848805,0.205315062593
38,0.000963537111788,0.0818295393772,0.0116488307823,0.102251131463,0.0949302155177,0.0792795168743,0.0134265939515,0.0249450662213,0.296725922652,0.0702436371667,0.218620737036,0.00513527184687,1,0.2,30,15,3,10,20,4.0901248519e-05,4.39173811886e-06,4.0901248519e-05,0.0450928896162,0.00243799249249,0.000441485408347,4.0901248519e-05,4.39173811886e-06,4.0901248519e-05,0.19554137746,0.560781461366,0.195532405186
39,0.194701060906,0.0245774832959,0.121737235254,0.117759566354,0.012717305288,0.200196069915,0.0873634315901,0.167227552753,0.00747467153211,0.0416713215176,0.0176405104477,0.00693379114646,1,0.2,30,15,3,10,20,0.00124470855496,0.000133649563415,0.00124470855496,0.00261586665709,0.00558993432196,0.019012966093,0.00124470855496,0.000133649563415,0.00124470855496,0.198762519095,0.570019181466,0.198753399021
40,0.234365795866,0.0152404185976,0.00397619249348,0.0301388999481,0.108511049971,0.08617873937,0.0168708253322,0.0152459048251,0.061997325001,0.293703789601,0.100043488106,0.0337275708888,1,0.2,30,15,3,10,20,3.58967418499e-06,3.85438330696e-07,3.58967418499e-06,0.0409150257919,0.000165460949302,6.10661481025e-06,3.58967418499e-06,3.85438330696e-07,3.58967418499e-06,0.196988240725,0.564930834283,0.196979202062
41,0.0210682057404,0.0178669192748,0.113534313393,0.131147510211,0.0719457989232,0.0350397261277,0.0325287388976,0.286089318987,0.0222632489751,0.161543337594,0.0173235371867,0.0896493446896,1,0.2,30,15,3,10,20,8.26759951544e-05,8.87726738381e-06,8.26759951544e-05,0.00939077593774,0.000906322302883,0.00561915303593,8.26759951544e-05,8.87726738381e-06,8.26759951544e-05,0.202090554119,0.579563454748,0.202081281341
42,0.106599358766,0.102999609271,0.0274641746282,0.0811146864172,0.098222755657,0.000830206115555,0.0839453426904,0.173255405175,0.188837267548,0.0315585410576,0.0524038223711,0.0527688303023,1,0.2,30,15,3,10,20,0.000268195631957,2.87972867046e-05,0.000268195631957,0.033493622102,0.0080705928018,0.00175075726063,0.000268195631957,2.87972867046e-05,0.000268195631957,0.196301353403,0.562960951074,0.196292346258
43,0.093648538478,0.0184308471746,0.0920925052531,0.159382225521,0.0897587822782,0.100804766892,0.103253493912,0.18873192539,0.11741432211,0.00199638845091,0.00705666416062,0.0274295403792,1,0.2,30,15,3,10,20,0.00161798782822,0.000173730120189,0.00161798782822,0.100715632126,0.0888239521388,0.00648524044324,0.00161798782822,0.000173730120189,0.00161798782822,0.163761178049,0.469640921703,0.163753663987
44,0.179311570025,0.124158172238,0.0765868809714,0.00412725719613,0.0937582850757,0.000441446237682,0.00107994809108,0.0541614365886,0.0501191169905,0.101738746206,0.30705923929,0.00745790108985,1,0.2,30,15,3,10,20,3.31982951697e-06,3.56463980092e-07,3.31982951697e-06,0.00748037253846,0.00157842091714,9.17547006178e-05,3.31982951697e-06,3.56463980092e-07,3.31982951697e-06,0.203549155005,0.583746489292,0.2035398153
45,0.000709260934988,0.183186481219,0.0241022327565,0.0152966855084,0.0545993746761,0.0155437339948,0.127566675087,0.258109546989,0.0977704338688,0.0381702302969,0.0966575216061,0.0882878230619,1,0.2,30,15,3,10,20,2.91524063906e-05,3.13021580119e-06,2.91524063906e-05,8.83572377248e-05,0.00205500244915,0.00152531473529,2.91524063906e-05,3.13021580119e-06,2.91524063906e-05,0.204652939463,0.586911966947,0.204643549111
46,0.0759510443637,0.0207496379058,0.0896333823181,0.00258297130881,0.0857453307741,0.0770381299575,0.228991777282,0.125620257186,0.0371602529409,0.117555010561,0.106594858745,0.0323773466567,1,0.2,30,15,3,10,20,1.43942872018e-05,1.54557481953e-06,1.43942872018e-05,0.0106941999879,0.000761134707089,0.000796481671994,1.43942872018e-05,1.54557481953e-06,1.43942872018e-05,0.202902467012,0.581891891342,0.20289315698
47,0.0391865728093,0.295947721398,0.037044952318,0.0212288360235,0.00454587748267,0.170850147213,0.227430642501,0.0291930827294,0.000392211716552,0.00684492624976,0.0484724274623,0.118862602097,1,0.2,30,15,3,10,20,4.22913675003e-05,4.54100100793e-06,4.22913675003e-05,0.097743731081,0.00831699458799,0.000388654176823,4.22913675003e-05,4.54100100793e-06,4.22913675003e-05,0.183527133394,0.526326526904,0.183518712384
48,0.0791795970592,0.111434837013,0.0249645192161,0.0255993188764,0.282460182775,0.029492108403,0.0180370245971,0.047429221012,0.0323076372872,0.0486561012211,0.241669313078,0.0587701394623,1,0.2,30,15,3,10,20,0.000307544053166,3.30222912607e-05,0.000307544053166,0.0227575401361,0.000138117810405,0.00354415003564,0.000307544053166,3.30222912607e-05,0.000307544053166,0.199733979913,0.572805176045,0.199724815265
49,0.0154291612371,0.0262364674504,0.00272377199261,0.141839637962,0.0105232359825,0.0951592120209,0.148484597934,0.217208845782,0.00688710168297,0.0829255156086,0.0765848666394,0.175997585707,1,0.2,30,15,3,10,20,1.75142145412e-06,1.88057446674e-07,1.75142145412e-06,4.50377584848e-05,1.2104153914e-05,0.00186196841906,1.75142145412e-06,1.88057446674e-07,1.75142145412e-06,0.205036080604,0.588010754591,0.205026672673
50,0.0259920997359,0.199566780531,0.0144743858663,0.139526700793,0.0477296411862,0.222150391921,0.049495013457,0.01232914408,0.0491439816719,0.0421546522128,0.185076615069,0.0123605934757,1,0.2,30,15,3,10,20,0.000338305908364,3.63253203117e-05,0.000338305908364,0.0159651970001,0.00199926142258,0.00393344664576,0.000338305908364,3.63253203117e-05,0.000338305908364,0.200640396448,0.575404634,0.200631190209
51,0.217746959563,0.0314825225271,0.0793776321997,0.0561550098013,0.0832673697082,0.0887417299049,0.0445366704655,0.0292488971641,0.202121183532,0.0493792733023,0.0803801624355,0.0375625893958,1,0.2,30,15,3,10,20,3.89110618777e-05,4.17804345544e-06,3.89110618777e-05,0.12326395195,0.000273523285779,0.00363791792511,3.89110618777e-05,4.17804345544e-06,3.89110618777e-05,0.179272277087,0.514124278109,0.179264051309
52,0.00763757614861,0.110026369175,0.117812979783,0.0231944886357,0.0125403751169,0.0484104736366,0.171654065541,0.306798159268,0.0300673217999,0.0555808055941,0.0670795647048,0.0491978205959,1,0.2,30,15,3,10,20,2.15112194116e-07,2.30974959675e-08,2.15112194116e-07,0.0602398973197,0.0140606465905,2.45335206107e-06,2.15112194116e-07,2.30974959675e-08,2.15112194116e-07,0.190167455481,0.545369910828,0.190158729785
53,0.0590838449439,0.00994482399888,0.0205677067828,0.14833153623,0.205229278623,0.05188575314,0.108920301692,0.0348190783397,0.120925182686,0.0117148119596,0.195034437456,0.0335432441483,1,0.2,30,15,3,10,20,8.38879251632e-05,9.00739737763e-06,8.38879251632e-05,0.028949522531,0.00681916434739,0.00145101853011,8.38879251632e-05,9.00739737763e-06,8.38879251632e-05,0.197713096923,0.567009606171,0.197704025001
54,0.0194658356499,0.00338322858509,0.170654624763,0.193359436222,0.0330320581762,0.0145191589483,0.045778866297,0.176056152863,0.004021087107,0.0464075539163,0.0333963439018,0.25992565357,1,0.2,30,15,3,10,20,2.86313363158e-07,3.07426632793e-08,2.86313363158e-07,5.68089902014e-05,0.00157456708129,5.22603787922e-05,2.86313363158e-07,3.07426632793e-08,2.86313363158e-07,0.205085722992,0.588153121036,0.205076312783
55,0.0618900899034,0.0261923732351,0.0366880386074,0.0500847971155,0.368255526326,0.174219820751,0.0500122863702,0.0936483524769,0.0701285500703,0.0116245007762,0.000579989289822,0.0566756750781,1,0.2,30,15,3,10,20,0.000426870079528,4.58348257803e-05,0.000426870079528,0.0430398147803,0.012612751725,0.0143397023508,0.000426870079528,4.58348257803e-05,0.000426870079528,0.190683599922,0.546850130708,0.190674850544
56,0.00799324904012,0.0451797621508,0.0433496142926,0.0189399830043,0.0467360244465,0.168989892385,0.196429207022,0.0609627890309,0.109221252008,0.0552808991925,0.134304773809,0.112612553618,1,0.2,30,15,3,10,20,7.13926950054e-05,7.66573225554e-06,7.13926950054e-05,0.00312362218205,0.00184743453592,0.00196776628913,7.13926950054e-05,7.66573225554e-06,7.13926950054e-05,0.20394457333,0.584880485937,0.203935215481
57,0.0581321345623,0.140227146676,0.0704561516104,0.0269926604098,0.00223491858042,0.0626077084396,0.182162356526,0.156215700862,0.0581437633598,0.00026388518308,0.00860584471889,0.233957729072,1,0.2,30,15,3,10,20,4.1313081192e-05,4.43595831541e-06,4.1313081192e-05,0.0394357445909,0.000633913678342,0.000458967851955,4.1313081192e-05,4.43595831541e-06,4.1313081192e-05,0.197070202395,0.565165887271,0.197061159971
58,0.137846095418,0.0378279646036,0.066773238446,0.00321585490863,0.204244524225,0.140814382324,0.000112894162831,0.18403279327,0.0290151551939,0.0860960897552,0.0907007350483,0.0193202726444,1,0.2,30,15,3,10,20,2.31039390751e-07,2.48076656841e-08,2.31039390751e-07,0.000702043419386,0.00843176294095,1.15691361695e-06,2.31039390751e-07,2.48076656841e-08,2.31039390751e-07,0.203555031046,0.583763340837,0.203545691071
59,0.0300584144717,0.243725224126,0.23945138598,0.0841611344579,0.139393623987,0.0975003657815,0.0309424179795,0.0478275380434,0.0139049255007,0.0449632671308,0.024822450394,0.00324925214751,1,0.2,30,15,3,10,20,0.000237833610426,2.55371894667e-05,0.000237833610426,0.225245305331,0.0107055793972,0.00111571607361,0.000237833610426,2.55371894667e-05,0.000237833610426,0.156524887923,0.448888396562,0.156517705892
60,0.0174898241759,0.125937909091,0.000658601840358,0.0262957561287,0.084758569487,0.374764930692,0.120656753796,0.063067505108,0.0801325640601,0.0746264266555,0.0183166418731,0.0132945170928,1,0.2,30,15,3,10,20,0.000945861555037,0.000101561111136,0.000945861555037,0.0966686060448,0.0178043256454,0.00259852669256,0.000945861555037,0.000101561111136,0.000945861555037,0.180562669821,0.517824918519,0.180554384834
61,0.115374689277,0.00299754127179,0.150627678,0.0433085437972,0.0535159958691,0.113881608035,0.0104973738746,0.0532582254439,0.0336366370712,0.125687921437,0.25420420332,0.043009582603,1,0.2,30,15,3,10,20,5.33722697994e-06,5.73080383254e-07,5.33722697994e-06,0.0123597236514,0.000129048387161,6.14381369079e-06,5.33722697994e-06,5.73080383254e-07,5.33722697994e-06,0.202860368634,0.581771159912,0.202851060533
62,0.0747381470145,0.0468223394232,0.0776904465671,0.0227604944224,0.200326154605,0.0449464756522,0.00289680825749,0.22378994509,0.108906527485,0.01066604013,0.16877182422,0.0176847971334,1,0.2,30,15,3,10,20,9.17328176566e-05,9.84973629513e-06,9.17328176566e-05,0.0440276407132,0.000139454795233,0.00123362552303,9.17328176566e-05,9.84973629513e-06,9.17328176566e-05,0.196025663353,0.562170316014,0.196016668858
63,0.00869611490765,0.0521671158903,0.0316400454899,0.107324689078,0.0350290116591,0.0033939413792,0.190949638521,0.0848662683572,0.12292449827,0.183512100343,0.029310350536,0.150186225568,1,0.2,30,15,3,10,20,9.13897564399e-06,9.81290037747e-07,9.13897564399e-06,0.000671923638708,0.00216001986529,4.4683332364e-05,9.13897564399e-06,9.81290037747e-07,9.13897564399e-06,0.204832979758,0.587428293778,0.204823581145
64,0.13278001744,0.0638585479667,0.00570065471259,0.04073992244,0.0327050858126,0.156066659467,0.0499133540003,0.0180080595908,0.0291413257181,0.103357564264,0.052199855595,0.315528952992,1,0.2,30,15,3,10,20,0.000109182611636,1.17233936567e-05,0.000109182611636,0.00204144379763,0.000909156308392,0.000173092420957,0.000109182611636,1.17233936567e-05,0.000109182611636,0.204695602463,0.587034317622,0.204686210154
65,0.049781669581,0.021318711815,0.188619690204,0.072432006226,0.0372014420483,0.196301949115,0.0202993958337,0.213172833004,0.00593121424886,0.00286905214636,0.0591457280914,0.132926307686,1,0.2,30,15,3,10,20,4.0312751799e-08,4.32854876471e-09,4.0312751799e-08,1.24290430451e-07,5.31317591618e-08,5.9017080116e-08,4.0312751799e-08,4.32854876471e-09,4.0312751799e-08,0.205431759958,0.589145499824,0.205422333871
66,0.0701139184008,0.0393914410744,0.17385360499,0.189292907613,0.0235476077969,0.0786712977702,0.0509065880765,0.0207532654351,0.0248493250356,0.0414690522709,0.140693839078,0.146457152459,1,0.2,30,15,3,10,20,0.00010821438501,1.16194311144e-05,0.00010821438501,0.00751604072404,0.00406027520991,0.00144009626386,0.00010821438501,1.16194311144e-05,0.00010821438501,0.202664161157,0.581208468184,0.202654862059
67,0.024150076042,0.0626820725868,0.254266273475,0.0368713385362,0.00794094441938,0.0636857801045,0.185441925776,0.0813412128604,0.0839386214985,0.150565963779,0.0459708390008,0.00314495192173,1,0.2,30,15,3,10,20,5.27375766268e-05,5.66265417207e-06,5.27375766268e-05,0.000278806879111,0.00396321169302,0.000496500578633,5.27375766268e-05,5.66265417207e-06,5.27375766268e-05,0.204412738221,0.586223108123,0.204403358891
68,0.00503542579899,0.109956150133,0.0180961948474,0.0897314003443,0.018540240875,0.156737488455,0.00206628343805,0.0794422320608,0.024323571103,0.174371738469,0.269127054751,0.0525722197245,1,0.2,30,15,3,10,20,1.66537480745e-08,1.78818258339e-09,1.66537480745e-08,0.0135227680184,2.06461190426e-08,0.000662954215226,1.66537480745e-08,1.78818258339e-09,1.66537480745e-08,0.202517625705,0.580788227894,0.20250833333
69,0.0094869489835,0.268791535183,0.00669546162628,0.042411566082,0.209613853596,0.0411102261012,0.00958610171219,0.0463367177067,0.0222448295993,0.0683137056651,0.273013844072,0.00239520967243,1,0.2,30,15,3,10,20,0.000120719263818,1.29621322523e-05,0.000120719263818,0.030694127925,0.000291419496464,0.00407595935812,0.000120719263818,1.29621322523e-05,0.000120719263818,0.19812456947,0.568189643762,0.198115478668
70,0.0571861297367,0.00186709784211,0.281408712214,0.024989847113,0.196539828076,0.103774418661,0.005854979882,0.0645060397015,0.131807697342,0.103272549357,0.0195036762625,0.00928902381109,1,0.2,30,15,3,10,20,0.000264326128883,2.83818019758e-05,0.000264326128883,0.00855255758871,0.000148537997456,0.0120905502865,0.000264326128883,2.83818019758e-05,0.000264326128883,0.200931712227,0.576240081159,0.200922492622
71,0.0910697037313,0.250008750675,0.0117611956319,0.094189348632,0.0265261127461,0.116022666755,0.206203801046,0.128947657563,0.0207536413767,0.000359778604672,0.0378176297413,0.0163397134971,1,0.2,30,15,3,10,20,6.47446133485e-05,6.9518999231e-06,6.47446133485e-05,0.306772081491,0.00437254515131,0.000362914606327,6.47446133485e-05,6.9518999231e-06,6.47446133485e-05,0.141382216288,0.405461631143,0.141375729067
72,0.0235668511955,0.0799252633273,0.08548512448,0.00531798055648,0.105692871299,0.103844096736,0.0565521600605,0.0515181236786,0.109368452316,0.0236771563455,0.0962054431243,0.25884647688,1,0.2,30,15,3,10,20,7.56920421364e-07,8.12737113858e-08,7.56920421364e-07,0.0394667236227,0.0015489442386,3.81721717613e-06,7.56920421364e-07,8.12737113858e-08,7.56920421364e-07,0.197004479623,0.564977404853,0.196995440216
73,0.0597477665792,0.0304966851516,0.0421338725639,0.0794499950143,0.0188512120623,0.0554763680112,0.0598129177848,0.140814231136,0.0679638667004,0.0215816867203,0.168505220406,0.25516617787,1,0.2,30,15,3,10,20,3.35380030749e-06,3.6011156595e-07,3.35380030749e-06,2.36483891218e-07,1.32864951565e-06,0.000470563289855,3.35380030749e-06,3.6011156595e-07,3.35380030749e-06,0.205331949356,0.588859258948,0.205322527848
74,0.137901600619,0.108372781207,0.0309094879727,0.0997651010876,0.0390331358539,0.000630396329258,0.0402771073089,0.217903545067,0.0566456866709,0.0934426374717,0.110843035813,0.0642754845978,1,0.2,30,15,3,10,20,6.47744426462e-06,6.95510281955e-07,6.47744426462e-06,0.0434003930084,0.00339819350148,0.00402523641125,6.47744426462e-06,6.95510281955e-07,6.47744426462e-06,0.194985403348,0.559187016348,0.194976456585
75,0.0587898826395,0.0853462890463,0.0193463691146,0.032725111123,0.266701128326,0.0288168858295,0.158418140968,0.139250603962,0.0880235225937,0.0414028512555,0.0653595537441,0.0158196613979,1,0.2,30,15,3,10,20,0.000495217532143,5.3173577624e-05,0.000495217532143,0.0210516326488,0.0030561851026,0.0149160338406,0.000495217532143,5.3173577624e-05,0.000495217532143,0.19698632077,0.564925328159,0.196977282195
76,0.184973430863,0.0605642211868,0.0167917920679,0.0810698497791,0.187518504952,0.063349294427,0.000883435947321,0.173007124876,0.0553658908714,0.0732760404095,0.0976189248107,0.00558148980926,1,0.2,30,15,3,10,20,0.00031221704418,3.35240498502e-05,0.00031221704418,0.00355306272016,0.0022563184329,0.00165067907079,0.00031221704418,3.35240498502e-05,0.00031221704418,0.203628978404,0.583975410059,0.203619635036
77,0.093530157391,0.344460335906,0.00325300831475,0.00669274826324,0.0540923315243,0.0199441652277,0.00280861401803,0.120037032712,0.0252001670811,0.0439247421702,0.188651670205,0.0974050271871,1,0.2,30,15,3,10,20,0.000110891389709,1.19068723052e-05,0.000110891389709,0.00664967333379,0.000851836187306,0.00106819021655,0.000110891389709,1.19068723052e-05,0.000110891389709,0.203575339628,0.58382158261,0.203565998721
78,0.0557656704027,0.0114075510235,0.278330852437,0.104863016467,0.0609377290189,0.000440781541142,0.0184487801455,0.024453390898,0.162860165326,0.0534850661045,0.066027890194,0.162979106442,1,0.2,30,15,3,10,20,0.00012097675501,1.29897801586e-05,0.00012097675501,0.00599448500243,0.000754694758959,0.00552591700803,0.00012097675501,1.29897801586e-05,0.00012097675501,0.202805400737,0.581613520755,0.202796095158
79,0.0973072130996,0.073511553048,0.0860292712212,0.142504631701,0.0572507152037,0.0778821415285,0.0488414283295,0.0296537070846,0.0462728077881,0.193302900373,0.0881436450874,0.0592999855359,1,0.2,30,15,3,10,20,8.78483274305e-05,9.43264233306e-06,8.78483274305e-05,0.0224284155257,0.00120048215698,0.00144236635514,8.78483274305e-05,9.43264233306e-06,8.78483274305e-05,0.20020534454,0.574156974564,0.200196158263
80,0.0607955229954,0.0687612913062,0.0847956186718,0.0191697582124,0.0631147970159,0.00694136436053,0.0535742974498,0.00658624921459,0.285444392536,0.134784364927,0.0270858195718,0.188946523739,1,0.2,30,15,3,10,20,2.22344277646e-05,2.38740350236e-06,2.22344277646e-05,3.780841541e-06,0.000437159477284,4.9891718067e-05,2.22344277646e-05,2.38740350236e-06,2.22344277646e-05,0.205311759369,0.588801357288,0.205302338788
81,0.0861317647882,0.00656369671596,0.012612201347,0.294827119515,0.094070299503,0.0433980297506,0.0903486060494,0.0138111155111,0.164750050634,0.0970723549965,0.069719867177,0.0266948940122,1,0.2,30,15,3,10,20,0.00031009742397,3.32964573631e-05,0.00031009742397,0.0995380666864,0.000268674499732,0.00385790113096,0.00031009742397,3.32964573631e-05,0.00031009742397,0.183867329017,0.527302153657,0.183858892398
82,0.0769619663648,0.22794248939,0.00648002421413,0.0036454238,0.0506875721819,0.157175819256,0.0494122986844,0.167360151734,0.0276742143914,0.0549448351091,0.16393387029,0.0137813345839,1,0.2,30,15,3,10,20,0.000276968268104,2.97392413384e-05,0.000276968268104,0.0249082247843,0.00183375589355,0.00086686415155,0.000276968268104,2.97392413384e-05,0.000276968268104,0.199520296364,0.572192365731,0.19951114152
83,0.0532830415156,0.157940688316,2.52052155609e-05,0.178294201421,0.00122655204394,0.0402538784664,0.190250130777,0.0289187997571,0.12389791417,0.110485972249,0.0313049772872,0.0841186387815,1,0.2,30,15,3,10,20,3.95185140941e-06,4.24326814051e-07,3.95185140941e-06,0.0561918333259,9.39111078655e-06,0.00386863960495,3.95185140941e-06,4.24326814051e-07,3.95185140941e-06,0.193088158845,0.55374602192,0.193079299135
84,0.0419683771593,0.00292932677,0.168519246752,0.0594733001837,0.0385430720933,0.0091711452821,0.151472934727,0.132169447873,0.186629813021,0.0118500704733,0.0543122190174,0.142961046648,1,0.2,30,15,3,10,20,0.000194665488614,2.09020476815e-05,0.000194665488614,0.0563404339134,0.00669506742796,0.000198876249769,0.000194665488614,2.09020476815e-05,0.000194665488614,0.192272938824,0.551408101014,0.19226411652
85,0.0846999245877,0.0186739077629,0.0816622081519,0.0410399152293,0.185395768202,0.0649553034674,0.0253033934289,0.190058071894,0.00193302327807,0.172842051669,0.0303334506373,0.103102981692,1,0.2,30,15,3,10,20,0.000137058248492,1.4716517373e-05,0.000137058248492,0.00105136839107,0.00146926627674,0.00014914540763,0.000137058248492,1.4716517373e-05,0.000137058248492,0.204764714595,0.587232520186,0.204755319115
86,0.0618476425888,0.0145693081302,0.17178652402,0.0979626775449,0.0864392989125,0.0334553023346,0.00507474028702,0.398145967812,0.0923309785648,0.0228568418294,0.0123157862344,0.00321493174136,1,0.2,30,15,3,10,20,0.000389071430035,4.17762266952e-05,0.000389071430035,0.123887579533,0.0245021306131,0.0934420898541,0.000389071430035,4.17762266952e-05,0.000389071430035,0.15541501598,0.44570546097,0.155407884875
87,0.0456365458213,0.181450879013,0.0593014445772,0.0480539782343,0.0314335439893,0.0425036454574,0.0439512401077,0.119224646876,0.0822898828113,0.264653895743,0.0709105256198,0.0105897717487,1,0.2,30,15,3,10,20,1.21069198544e-05,1.29997062075e-06,1.21069198544e-05,0.0318608807233,0.000157152991689,0.00031347343902,1.21069198544e-05,1.29997062075e-06,1.21069198544e-05,0.198779439621,0.570067706834,0.19877031877
88,0.0111038794316,0.077110411504,0.0851168862096,0.0266261276034,0.191416134389,0.0598313286188,0.193414836314,0.0209647086429,0.163918593984,0.0375007151507,0.0549462064164,0.0780501717351,1,0.2,30,15,3,10,20,6.41969889613e-05,6.89309920226e-06,6.41969889613e-05,0.000533341175724,0.00443114818739,0.00231134713203,6.41969889613e-05,6.89309920226e-06,6.41969889613e-05,0.203881570384,0.584699803541,0.203872215426
89,0.0269826052139,0.181539742188,0.00504378695924,0.0138540687069,0.0107242094558,0.0598226939863,0.0127210813998,0.295252031221,0.112865760232,0.105165921206,0.138583779011,0.0374443204201,1,0.2,30,15,3,10,20,0.00019224288453,2.06419225486e-05,0.00019224288453,0.034765776682,0.000158355865737,0.000848953237895,0.00019224288453,2.06419225486e-05,0.00019224288453,0.197916460219,0.567592819646,0.197907378966
90,0.0128469236879,0.000584773570568,0.056600590866,0.0271857659528,0.0571875018835,0.136757413112,0.0829588729082,0.00640900111847,0.0163486743929,0.248719172501,0.214988026217,0.139413283789,1,0.2,30,15,3,10,20,2.69364621656e-08,2.89228060178e-09,2.69364621656e-08,0.0152798387524,6.29557242148e-05,9.28264769615e-05,2.69364621656e-08,2.89228060178e-09,2.69364621656e-08,0.202260852045,0.580051842019,0.202251571452
91,0.0830865712515,0.0863594494492,0.0281970622048,0.037210840882,0.0164940520691,0.152913077181,0.0926422733096,0.132722075657,0.0686339537291,0.176540190588,0.100449292807,0.0247511608722,1,0.2,30,15,3,10,20,0.0001810426533,1.94393068777e-05,0.0001810426533,0.00283420538985,0.00233247462074,0.000749572546381,0.0001810426533,1.94393068777e-05,0.0001810426533,0.204059702156,0.585210657035,0.204050339025
92,0.115379602249,0.117562906488,0.0858287739988,0.30572822799,0.00379895961151,0.0196593087071,0.0067019065345,0.0198308799879,0.0695633577966,0.0491031454362,0.00546902149886,0.201373909701,1,0.2,30,15,3,10,20,0.000120358813421,1.29234291857e-05,0.000120358813421,0.0126078105956,0.00550198925323,0.0036168909689,0.000120358813421,1.29234291857e-05,0.000120358813421,0.200864277389,0.576046688804,0.200855060877
93,0.0124074103405,0.0194283904678,0.0631870366064,0.0405622408893,0.0896241642381,0.0341486834276,0.0474008258366,0.0404252277719,0.0605468237052,0.0595589106973,0.33414382376,0.198566462259,1,0.2,30,15,3,10,20,3.64426056291e-05,3.91299498395e-06,3.64426056291e-05,0.0160571533479,1.68343924938e-05,5.19486341143e-05,3.64426056291e-05,3.91299498395e-06,3.64426056291e-05,0.202087509004,0.579554721844,0.202078236365
94,0.0372009088225,0.098918197631,0.228362213633,0.0582519546918,0.0533514996949,0.0751573972117,0.108103038312,0.0420011060226,0.0809738495507,0.0520012122624,0.0424871883742,0.123191433793,1,0.2,30,15,3,10,20,7.99824317998e-05,8.58804822086e-06,7.99824317998e-05,0.0279103205989,0.00244687043511,0.00153227209665,7.99824317998e-05,8.58804822086e-06,7.99824317998e-05,0.198811479967,0.570159593433,0.198802357646
95,0.00461410630997,0.0301288959657,0.075398672522,0.00101993395733,0.0218314150034,0.105970170696,0.0495765700594,0.259668118306,0.0088565086234,0.0443966452813,0.145246392258,0.253292571017,1,0.2,30,15,3,10,20,4.2059861834e-05,4.51614327628e-06,4.2059861834e-05,0.0034506399682,0.00124237817368,8.1708354532e-05,4.2059861834e-05,4.51614327628e-06,4.2059861834e-05,0.204414545309,0.586228290564,0.204405165896
96,0.00315880766096,0.202958450082,0.142668646743,0.0152597981151,0.0151030169907,0.00395260844432,0.0232043151104,0.107926131532,0.222530451033,0.0677157635755,0.139372909572,0.0561491011401,1,0.2,30,15,3,10,20,1.42831405795e-08,1.53364054182e-09,1.42831405795e-08,0.0523954296049,0.000118686881586,0.000344105417572,1.42831405795e-08,1.53364054182e-09,1.42831405795e-08,0.194573069101,0.558004507538,0.194564141257
97,0.033823508169,0.101424404744,0.0237691023005,0.00655260385547,0.462090190087,0.097203766791,0.0469701135485,0.0251174201543,0.00453709705503,0.0516019867984,0.082291259981,0.0646185465164,1,0.2,30,15,3,10,20,1.23542767665e-05,1.32653036694e-06,1.23542767665e-05,2.98522372001e-06,0.00411879906732,0.000186670935408,1.23542767665e-05,1.32653036694e-06,1.23542767665e-05,0.204536052664,0.586576754265,0.204526667676
98,0.0134758077074,0.0607378625914,0.301937086596,0.00245326256966,0.0898621700617,0.0059991177188,0.0731161321659,0.00675751871777,0.176638398474,0.172916632809,0.0499280129053,0.046177997684,1,0.2,30,15,3,10,20,1.40551208413e-05,1.50915710886e-06,1.40551208413e-05,0.0477577079629,2.62295876899e-05,0.000417451349931,1.40551208413e-05,1.50915710886e-06,1.40551208413e-05,0.195517573721,0.560713196041,0.195508602539
99,0.0897015151859,0.00515351530218,0.014354863125,0.106610382858,0.00192669294162,0.06665999461,0.0256849087679,0.070421327575,0.0212021098453,0.426237651344,0.0654175802572,0.106629458188,1,0.2,30,15,3,10,20,6.09854488759e-06,6.54826271135e-07,6.09854488759e-06,0.0128356983627,6.05635446918e-05,3.97555684424e-05,6.09854488759e-06,6.54826271135e-07,6.09854488759e-06,0.202769093132,0.58150939634,0.202759789219
100,0.200728908294,0.0250783945505,0.0742626213252,0.0284344662418,0.179203239701,0.0215165344188,0.106269839034,0.0269774430411,0.237017492695,0.0453860249682,0.0499227410444,0.00520229468674,1,0.2,30,15,3,10,20,0.000536679618872,5.76255352872e-05,0.000536679618872,0.00265493409037,0.0092349021772,0.00736312996597,0.000536679618872,5.76255352872e-05,0.000536679618872,0.201011990516,0.576470306478,0.201002767227
101,0.0831677770282,0.0127833410569,0.0416280748053,0.081937751143,0.103981346531,0.0216666265476,0.0138912352385,0.0153400557152,0.146760529714,0.0573169225908,0.150366985703,0.271159353928,1,0.2,30,15,3,10,20,6.36432677817e-05,6.83364384332e-06,6.36432677817e-05,0.00130327825543,0.0008441041856,0.000196321466257,6.36432677817e-05,6.83364384332e-06,6.36432677817e-05,0.204895266909,0.587606923387,0.204885865438
102,0.10368513806,0.341160934244,0.025730350134,0.0473322259502,0.0079874281606,0.0219943598139,0.0231423146285,0.0432076719484,0.0431327320295,0.0617444565503,0.118878017483,0.162004370998,1,0.2,30,15,3,10,20,6.2027111291e-06,6.66011036151e-07,6.2027111291e-06,3.85142524281e-05,0.00141796312859,4.74191003914e-05,6.2027111291e-06,6.66011036151e-07,6.2027111291e-06,0.205117524631,0.588244323059,0.205108112962
103,0.0317447772775,0.0319143217972,0.245819418494,0.0128496516647,0.0654407693424,0.124623257633,0.143846020969,0.0228930949139,0.0331194540109,0.122396927838,0.137006417339,0.0283458887213,1,0.2,30,15,3,10,20,1.88134358041e-05,2.0200772876e-06,1.88134358041e-05,0.0298119043474,0.000412450407468,0.00151650279471,1.88134358041e-05,2.0200772876e-06,1.88134358041e-05,0.198894971064,0.570399032575,0.198885844913
104,0.0694163950546,0.067595308125,0.0165981520062,0.064045676548,0.0354976164667,0.302587738603,0.0423324111768,0.0499857743125,0.0950461548969,0.125524445756,0.109183259781,0.0221870672732,1,0.2,30,15,3,10,20,5.06212910545e-05,5.43541973901e-06,5.06212910545e-05,0.0130760857681,0.0012637435107,0.0025498952111,5.06212910545e-05,5.43541973901e-06,5.06212910545e-05,0.20191832608,0.579069532222,0.201909061204
105,0.0463255792497,0.148854375757,0.12145396956,0.0490245485616,0.0217393542245,0.169594986025,0.0313078722155,0.0107765567676,0.0749472686654,0.00101000541811,0.0321769543753,0.29278852918,1,0.2,30,15,3,10,20,2.914968542e-05,3.12992363919e-06,2.914968542e-05,0.0217717803774,0.00108926317735,0.000619553857991,2.914968542e-05,3.12992363919e-06,2.914968542e-05,0.200582941957,0.575239863688,0.200573738354
106,0.0129117581766,0.107079454916,0.0654282383003,0.109948747039,0.00485152659345,0.0275541236858,0.170354971077,0.0402895135766,0.110874336081,0.154712188888,0.125438289805,0.0705568518612,1,0.2,30,15,3,10,20,2.92152100431e-05,3.13695929202e-06,2.92152100431e-05,0.0020033383642,0.00399368556071,2.92187708745e-05,2.92152100431e-05,3.13695929202e-06,2.92152100431e-05,0.204168565488,0.585522859696,0.204159197362
107,0.170729948809,0.168554122965,0.0562365846028,0.00539068256558,0.0240149435224,0.0315332783713,0.12904522608,0.0597677372205,0.0126621937127,0.0134621136805,0.0942178694328,0.234385299037,1,0.2,30,15,3,10,20,2.10826945329e-08,2.26373708826e-09,2.10826945329e-08,0.0136422682328,2.5633490328e-05,0.00308236172109,2.10826945329e-08,2.26373708826e-09,2.10826945329e-08,0.201990787683,0.579277340533,0.201981519482
108,0.0631769542031,0.0551986446878,0.0316152524121,0.108961032555,0.029971520902,0.0575283899624,0.148594570705,0.015653846005,0.175561106959,0.198962363833,0.0671686936665,0.0476076241084,1,0.2,30,15,3,10,20,6.46004427542e-05,6.93641972341e-06,6.46004427542e-05,0.000810973148793,0.00177653093797,0.000512592467242,6.46004427542e-05,6.93641972341e-06,6.46004427542e-05,0.204739051009,0.587158921119,0.204729656707
109,0.0277155186047,0.0166230608696,0.0611005024956,0.0131938492388,0.0785324699386,0.107284515072,0.0564116853138,0.0447747882577,0.23511698825,0.0705363979521,0.244030808087,0.0446794159194,1,0.2,30,15,3,10,20,7.41724367496e-05,7.9642047526e-06,7.41724367496e-05,0.000624056815825,0.00158136888695,6.66369929036e-05,7.41724367496e-05,7.9642047526e-06,7.41724367496e-05,0.204900867682,0.587622985511,0.204891465955
110,0.0342516278211,0.00722333239033,0.00671974814037,0.15767231055,0.0171238039026,0.0471276545851,0.0909595216246,0.013572501467,0.157969451595,0.253142098217,0.0498385524568,0.164399397251,1,0.2,30,15,3,10,20,1.0123770891e-05,1.08703162223e-06,1.0123770891e-05,3.71635963649e-08,0.000281391441432,5.10983022527e-05,1.0123770891e-05,1.08703162223e-06,1.0123770891e-05,0.205354766217,0.588924694065,0.205345343663
111,0.131303743103,0.0503782920378,0.0317060674549,0.0849948132765,0.227899305583,0.0264543276985,0.068102976107,0.20053064339,0.0386319206065,0.0112190226832,0.038943613927,0.0898352741322,1,0.2,30,15,3,10,20,0.000457208339203,4.90923716084e-05,0.000457208339203,0.00171050311209,0.00230985412027,0.0029230901956,0.000457208339203,4.90923716084e-05,0.000457208339203,0.203609567349,0.583919742251,0.203600224872
112,0.0304713451169,0.0731806386292,0.108597710049,0.00301812198651,0.0730220052173,0.0114417335058,0.12871956519,0.0195208110533,0.171283795149,0.189427885297,0.0634870772046,0.127829311601,1,0.2,30,15,3,10,20,1.79339514691e-06,1.92564337619e-07,1.79339514691e-06,0.0217223041911,0.000133896697636,0.000109514459533,1.79339514691e-06,1.92564337619e-07,1.79339514691e-06,0.200917833239,0.576200278434,0.20090861427
113,0.0450640447016,0.0130557726799,0.418362642771,0.0697718705065,0.0754897815709,0.0471682214307,0.0593823031323,0.00847729857295,0.00532693387456,0.0671223585687,0.174104870405,0.0166739017865,1,0.2,30,15,3,10,20,5.49153050684e-05,5.89648598296e-06,5.49153050684e-05,0.0140677282899,0.00365813507464,0.000386338693356,5.49153050684e-05,5.89648598296e-06,5.49153050684e-05,0.201663472316,0.5783386523,0.201654219134
114,0.323483392783,0.112227798989,0.0393080230165,0.0627744199217,0.0228387038817,0.0213574765851,0.0567933227667,0.0912666276718,0.111462108304,0.100519894923,0.0426511065681,0.0153171245888,1,0.2,30,15,3,10,20,0.000285233526502,3.06267167012e-05,0.000285233526502,0.022224043036,0.00731160906277,0.00294209362979,0.000285233526502,3.06267167012e-05,0.000285233526502,0.198512912657,0.56930335004,0.198503804036
115,0.216963959396,0.0241396898406,0.0351462641646,0.165840771861,0.03902565819,0.0674286521021,0.0275018749652,0.0273798236165,0.0579853155929,0.101393389437,0.194445419995,0.0427491808393,1,0.2,30,15,3,10,20,0.000309903984868,3.32756869977e-05,0.000309903984868,0.0440244758685,0.000136555664476,0.0010547081573,0.000309903984868,3.32756869977e-05,0.000309903984868,0.195874762319,0.56173755593,0.195865774747
116,0.130828349785,0.0372100661052,0.00118180857564,0.00477197111343,0.228906504961,0.0181152279381,0.131311631444,0.223893854743,0.0284792940891,0.0660497511036,0.126492318621,0.00275922152218,1,0.2,30,15,3,10,20,0.000130926196089,1.40580932598e-05,0.000130926196089,0.00509477981336,0.00191404331802,0.00125581801948,0.000130926196089,1.40580932598e-05,0.000130926196089,0.203620661368,0.583951558128,0.203611318382
117,0.121121875625,0.0615134386828,0.14033185494,0.273760051488,0.108791993163,0.0403117569419,0.0490526837792,0.0457947058505,0.0740673237392,0.0295049540846,0.0166060517954,0.0391433099107,1,0.2,30,15,3,10,20,0.000444802576838,4.77603130173e-05,0.000444802576838,0.0303056839644,0.0310891647139,0.00264782477061,0.000444802576838,4.77603130173e-05,0.000444802576838,0.191890309538,0.55031078129,0.19188150479
118,0.118282079573,0.0657655896503,0.298569292983,0.0339566944497,0.0784136701859,0.0107461758342,0.075051569846,0.0167146426767,0.164467219641,0.0909655065637,0.0164020770105,0.0306654815863,1,0.2,30,15,3,10,20,0.000124275781622,1.33440104438e-05,0.000124275781622,0.0593096731029,0.00373142377393,0.00633029824795,0.000124275781622,1.33440104438e-05,0.000124275781622,0.191073146471,0.547967288038,0.191064379219
119,0.0316063544425,0.191362900171,0.105934673162,0.313490704313,0.0362473685102,0.0852219417026,0.0601493819753,0.0641215782509,0.0162893394843,0.0239697830117,0.0256637084689,0.0459422665073,1,0.2,30,15,3,10,20,0.000114681666147,1.23138501388e-05,0.000114681666147,0.156744833353,0.0220653241225,8.86120426054e-05,0.000114681666147,1.23138501388e-05,0.000114681666147,0.168581043046,0.483463525244,0.168573307827
120,0.075841103321,0.0394272952306,0.0618779162485,0.0359454765344,0.11845869726,0.0303318296743,0.080435887703,0.127273492288,0.181447540407,0.000746524252756,0.139718217776,0.108496019304,1,0.2,30,15,3,10,20,1.7056411119e-06,1.83141819858e-07,1.7056411119e-06,0.0459186168214,0.00593351937056,6.02842905783e-05,1.7056411119e-06,1.83141819858e-07,1.7056411119e-06,0.194765902379,0.558557522603,0.194756965687
121,0.171088959815,0.05805205251,0.00293971328984,0.122511326029,0.0494004312061,0.0127811634775,0.0409192506337,0.0128212653482,0.0580924131309,0.0324820279917,0.323134808872,0.115776587696,1,0.2,30,15,3,10,20,1.94078545321e-06,2.08390251253e-07,1.94078545321e-06,0.0210780350796,3.84131360983e-05,0.00199319739155,1.94078545321e-06,2.08390251253e-07,1.94078545321e-06,0.20068270592,0.575525970811,0.200673497739
122,0.0166862269378,0.103775667662,0.084385161204,0.0664476334293,0.0176630865175,0.0744098455112,0.175781719541,0.160638569492,0.0949001613259,0.0086978037625,0.146234159922,0.0503799646946,1,0.2,30,15,3,10,20,8.49992038984e-06,9.12672002324e-07,8.49992038984e-06,0.0171043461814,0.00319895607165,0.00685177305078,8.49992038984e-06,9.12672002324e-07,8.49992038984e-06,0.199845966655,0.573126336147,0.199836796868
123,0.00669159031053,0.111532823959,0.139040091465,0.00661534429123,0.0531562614802,0.227709365427,0.0245233551722,0.215469879822,0.0187784568856,0.112758256661,0.0483110244677,0.0354135500577,1,0.2,30,15,3,10,20,0.000293042064004,3.14651520312e-05,0.000293042064004,0.0863398285659,0.00347787051992,6.97897527032e-05,0.000293042064004,3.14651520312e-05,0.000293042064004,0.186712362327,0.535461255109,0.186703795165
124,0.00509070582513,0.0443291377335,0.0818086795843,0.23250263452,0.0231580916104,0.0946389541282,0.0579311648528,0.0783766815269,0.24479392466,0.0382832990722,0.0158971224143,0.0831896040722,1,0.2,30,15,3,10,20,0.000861827184533,9.25379893093e-05,0.000861827184533,0.0101377873852,0.00537597647985,0.00460866578187,0.000861827184533,9.25379893093e-05,0.000861827184533,0.200551848129,0.575150691554,0.200542645953
125,0.116063297585,0.254212370082,0.077949737712,0.119124157461,0.0148859565016,0.0128237098634,0.0562300696106,0.0246711510617,0.155573078402,0.00967987434532,0.0396557409687,0.119130856407,1,0.2,30,15,3,10,20,1.0989691051e-06,1.18000909143e-07,1.0989691051e-06,0.00017894209461,0.00094904082415,0.0065281223219,1.0989691051e-06,1.18000909143e-07,1.0989691051e-06,0.203858084086,0.584632448589,0.203848730206
126,0.0140484843521,0.0140235282081,0.128727197969,0.1742992553,0.0910946368276,0.19374300726,0.0415057496567,0.0581610906297,0.0902962041112,0.0148350295734,0.0252062866831,0.154059529429,1,0.2,30,15,3,10,20,7.68654549413e-06,8.25336537913e-07,7.68654549413e-06,0.000345661973237,0.00621210100899,0.000438759794484,7.68654549413e-06,8.25336537913e-07,7.68654549413e-06,0.203987879517,0.58500468117,0.203978519681
127,0.0847368062105,0.057687989471,0.0069792229811,0.0398285387153,0.052728621871,0.308852093954,0.0613442085503,0.0307793978923,0.00475878888804,0.191674428542,0.0848087386878,0.0758211642368,1,0.2,30,15,3,10,20,1.30127608274e-05,1.39723455461e-06,1.30127608274e-05,0.00937375337832,0.00146905492279,0.000838215491995,1.30127608274e-05,1.39723455461e-06,1.30127608274e-05,0.203020922169,0.582231601825,0.203011606701
128,0.0496551132908,0.23450873006,0.017985317389,0.161166267964,0.00066699587825,0.296467010092,0.0583194791833,0.0249776913918,0.0646516858838,0.0753543915522,0.0117876127499,0.00445970456581,1,0.2,30,15,3,10,20,0.000116181289177,1.24748709355e-05,0.000116181289177,0.0171251175108,0.0215939021428,0.0076181208935,0.000116181289177,1.24748709355e-05,0.000116181289177,0.195812124415,0.561557920421,0.195803139718
129,0.0930151355038,0.0178097440435,0.0587338452851,0.0644939541529,0.193621740383,0.0652149948853,0.0236528198515,0.232786663939,0.0374998124028,0.0601647277211,0.00288124348334,0.150125318349,1,0.2,30,15,3,10,20,1.34122356596e-05,1.4401278381e-06,1.34122356596e-05,0.0536987040588,0.00010149954951,0.000601212275129,1.34122356596e-05,1.4401278381e-06,1.34122356596e-05,0.194244447387,0.55706207291,0.194235534621
130,0.0084271956683,0.0951744937808,0.0898294828458,0.0664221697882,0.19295579067,0.110245411803,0.0606540535684,0.00560161020582,0.139413664745,0.112323548207,0.077295902867,0.041656675851,1,0.2,30,15,3,10,20,1.22561033048e-05,1.31598907176e-06,1.22561033048e-05,0.058258056703,0.00100425812537,5.34054724718e-05,1.22561033048e-05,1.31598907176e-06,1.22561033048e-05,0.193235893801,0.554169702195,0.193227027312
131,0.34940343583,0.00243211598771,0.0840453133122,0.041818271701,0.000426399062163,0.162011658005,0.0733761675203,0.0947946350253,0.0360455879253,0.00537633804093,0.128650240642,0.0216198369481,1,0.2,30,15,3,10,20,4.1246111101e-05,4.42876745665e-06,4.1246111101e-05,0.00020175104954,0.000694572983849,0.00764344820104,4.1246111101e-05,4.42876745665e-06,4.1246111101e-05,0.203641789604,0.584012150535,0.203632445648
132,0.0876256123859,0.0227869354557,0.0371369102731,0.082129414269,0.0333326698259,0.064481466176,0.200422135637,0.0214433301463,0.291661016613,0.0326154582498,0.109369245783,0.0169958051854,1,0.2,30,15,3,10,20,1.44960555987e-06,1.55650211793e-07,1.44960555987e-06,0.147046624881,0.000369509354524,9.19162305171e-06,1.44960555987e-06,1.55650211793e-07,1.44960555987e-06,0.175144731843,0.502287137122,0.175136695454
133,0.00806391940346,0.274107137609,0.0227468319301,0.0794984039976,0.138852262346,0.0626078730045,0.0210755419166,0.0386753840616,0.00299686510291,0.184158723431,0.113766503366,0.0534505538303,1,0.2,30,15,3,10,20,1.58750618724e-06,1.7045717891e-07,1.58750618724e-06,0.0118963962268,0.000965287776188,0.000906048048306,1.58750618724e-06,1.7045717891e-07,1.58750618724e-06,0.202602138327,0.581030596607,0.202592842075
134,0.106335223257,0.0343541031945,0.0509112788556,0.315303133688,0.0557695718707,0.0887664700796,0.0442755531198,0.106948616843,0.0826199053378,0.0126153539865,0.0204763062656,0.0816244835015,1,0.2,30,15,3,10,20,0.000288734230419,3.10026019221e-05,0.000288734230419,0.165949292577,0.0031211794748,0.000272544819347,0.000288734230419,3.10026019221e-05,0.000288734230419,0.170393396642,0.488661066097,0.170385578264
135,0.17326698022,0.154932818944,0.163592180035,0.0894198650207,0.02460426169,0.0194468895525,0.000465746364977,0.0782038150007,0.0284618386162,0.0937018980261,0.107301465517,0.0666022410122,1,0.2,30,15,3,10,20,3.22853918945e-05,3.46661755814e-06,3.22853918945e-05,0.02827991625,0.00140577672617,0.000935072247225,3.22853918945e-05,3.46661755814e-06,3.22853918945e-05,0.19911340909,0.571025477969,0.199104272915
136,0.114119670711,0.00117106223389,0.00441580309711,0.101821639344,0.0547603158982,0.0208353516679,0.0319023910731,0.0713632509724,0.199372628359,0.14295949633,0.134792910012,0.122485480302,1,0.2,30,15,3,10,20,1.65629109346e-07,1.77842901977e-08,1.65629109346e-07,0.0194099742127,0.000519708706098,0.00132205030536,1.65629109346e-07,1.77842901977e-08,1.65629109346e-07,0.201065917293,0.576624959868,0.20105669153
137,0.143917297817,0.176821650499,0.0967495655832,0.0326249606759,0.0442498299514,0.0127556395042,0.0721402548184,0.072848776712,0.0349506297084,0.0822261629116,0.210431501802,0.0202837300167,1,0.2,30,15,3,10,20,7.69047228075e-05,8.25758173416e-06,7.69047228075e-05,0.00057266759945,0.000930730092573,0.000524290701898,7.69047228075e-05,8.25758173416e-06,7.69047228075e-05,0.204948704213,0.587760173047,0.204939300291
138,0.00672844106832,0.137776250752,0.0410777109751,0.132852422912,0.0875417199754,0.114866843555,0.0164496485264,0.140125167297,0.000657149111785,0.12112045412,0.156237721138,0.0445664705686,1,0.2,30,15,3,10,20,2.60564688526e-06,2.79779203928e-07,2.60564688526e-06,1.64417584285e-06,0.000410505889114,0.000146789538039,2.60564688526e-06,2.79779203928e-07,2.60564688526e-06,0.205314763359,0.588809972252,0.20530534264
139,0.0765637611534,0.184439968028,0.0466897941835,0.242212849368,0.130528384482,0.102445320147,0.00904244972834,0.0182823548646,0.0498992589426,0.0652614150169,0.0256532908689,0.0489811532161,1,0.2,30,15,3,10,20,2.0794644454e-05,2.23280794654e-06,2.0794644454e-05,0.110944566635,3.95766724852e-05,0.00150235745988,2.0794644454e-05,2.23280794654e-06,2.0794644454e-05,0.182305529312,0.522823161372,0.182297164355
140,0.00612851957019,0.131157460671,0.0265431095515,0.0432819726702,0.0313017018056,0.150730577224,0.0254222264863,0.226863160065,0.127413731539,0.085550749408,0.0170277172545,0.128579073754,1,0.2,30,15,3,10,20,2.86754130246e-05,3.0789990285e-06,2.86754130246e-05,0.0282525915985,1.57448803682e-05,0.00283412877521,2.86754130246e-05,3.0789990285e-06,2.86754130246e-05,0.199017578241,0.57075065039,0.199008446464
141,0.0299793981727,0.0292124764997,0.111127926422,0.0121589209122,0.146490122554,0.137707223112,0.246403301508,0.0327080584577,0.0790456502252,0.0331608352374,0.0357124854228,0.106293601476,1,0.2,30,15,3,10,20,3.53000717425e-07,3.79031634201e-08,3.53000717425e-07,0.0725508435251,0.00252806744292,7.47517825775e-05,3.53000717425e-07,3.79031634201e-08,3.53000717425e-07,0.189992582311,0.544868402489,0.18998386464
142,0.00575288787837,0.14604096731,0.0379273917658,0.0415270183624,0.0805619669509,0.241522289103,0.104599328475,0.00541497995752,0.0482483409359,0.0296495212797,0.218678620537,0.0400766874437,1,0.2,30,15,3,10,20,0.000247645724088,2.65907571489e-05,0.000247645724088,0.00559517305903,0.00213654911501,0.0017367358615,0.000247645724088,2.65907571489e-05,0.000247645724088,0.203272298199,0.582952508158,0.203262971197
143,0.0657987891925,0.0266405435933,0.0682973418575,0.142952852119,0.149315188791,0.0718927153438,0.228372626428,0.0143726543014,0.0389799395334,0.0529107735894,0.0889442909938,0.0515222842575,1,0.2,30,15,3,10,20,0.000654281422023,7.02529327493e-05,0.000654281422023,0.034115115521,0.00395194628183,0.00102038912537,0.000654281422023,7.02529327493e-05,0.000654281422023,0.196835531002,0.56449288717,0.196826499346
144,0.328527774056,0.0396051293828,0.0379766125765,0.0327908475887,0.10351388546,0.0314769625443,0.0540129819175,0.0982661680923,0.171598795088,0.000901251342035,0.0497235412859,0.0516060506648,1,0.2,30,15,3,10,20,0.000120460779617,1.29343777227e-05,0.000120460779617,0.0128473520449,0.00814026592262,0.0144663670786,0.000120460779617,1.29343777227e-05,0.000120460779617,0.198044165743,0.567959058706,0.19803507863
145,0.0221958712333,0.121030022954,0.0193555714871,0.0500580266489,0.0523316717197,0.202270661578,0.0488198502108,0.128933962522,0.00361949242819,0.223829784754,0.0677405963543,0.0598144881104,1,0.2,30,15,3,10,20,1.28266255555e-05,1.37724843197e-06,1.28266255555e-05,0.0184894419841,0.000554512861677,0.00536617961625,1.28266255555e-05,1.37724843197e-06,1.28266255555e-05,0.200406118663,0.574732762703,0.200396923173
146,0.0331055932569,0.198795966664,0.146270031745,0.0391148792284,0.0687408749282,0.0344537627874,0.032580803944,0.28745609677,0.0792830475665,0.0228587081946,0.0072610435122,0.0500791914027,1,0.2,30,15,3,10,20,0.000421888733955,4.52999578722e-05,0.000421888733955,0.0595682511848,0.0163708836247,0.011243499482,0.000421888733955,4.52999578722e-05,0.000421888733955,0.187156464527,0.536734869341,0.187147876989
147,0.00584134824029,0.0363547809362,0.370747082364,0.0412550223798,0.0724315473539,0.0344581906019,0.0544032270907,0.0290885443559,0.258923069041,0.0744559340223,0.00875079880535,0.0132904548094,1,0.2,30,15,3,10,20,1.06055917151e-05,1.13876673928e-06,1.06055917151e-05,0.21313243524,0.00273284509982,8.03321986332e-05,1.06055917151e-05,1.13876673928e-06,1.06055917151e-05,0.161060555386,0.461895966935,0.161053165239
148,0.0170324821178,0.0863017263915,0.0419851339543,0.0230200744356,0.0368224506539,0.274318752303,0.158568196749,0.0922453593442,0.0976318334023,0.126827066997,0.00266738954016,0.0425795341115,1,0.2,30,15,3,10,20,0.000372239706643,3.99689341576e-05,0.000372239706643,0.0866739804415,0.00487205046422,0.000127954087689,0.000372239706643,3.99689341576e-05,0.000372239706643,0.186276786362,0.534212092763,0.186268239187
149,0.146825195758,0.0642388715275,0.116286089401,0.0156127426836,0.119290484582,0.209332802089,0.0125022287894,0.00093505549512,0.226613815273,0.00579839573187,0.0447636824703,0.0378006361989,1,0.2,30,15,3,10,20,0.00107814909832,0.000115765377937,0.00107814909832,0.0825589579365,0.00915235033867,0.0275602687965,0.00107814909832,0.000115765377937,0.00107814909832,0.17999615507,0.516200244632,0.179987896077
150,0.0489814215959,0.142950197566,0.0365946097402,0.0796128030063,0.0053102310984,0.229022889526,0.084174880063,0.164795346211,0.0163810923401,0.0307248743937,0.073985608579,0.0874660458801,1,0.2,30,15,3,10,20,0.0002814138598,3.02165831121e-05,0.0002814138598,0.00364315405489,0.00341968000672,0.00339228328557,0.0002814138598,3.02165831121e-05,0.0002814138598,0.203040369036,0.582287372336,0.203031052676
151,0.0171062599205,0.237635706155,0.173661758728,0.0216613182634,0.00614609619816,0.0931202259637,0.154840605122,0.0425375469903,0.0211868012541,0.173589556132,0.010499561062,0.0480145642114,1,0.2,30,15,3,10,20,3.51129406514e-06,3.7702232941e-07,3.51129406514e-06,0.06448437488,0.00535730195319,0.00231080879248,3.51129406514e-06,3.7702232941e-07,3.51129406514e-06,0.190606385073,0.546628690843,0.190597639237
152,0.118301105092,0.0707087783326,0.0472503018674,0.00496326039506,0.0978606534157,0.109838961883,0.0861365777052,0.0611451869036,0.12922567587,0.120885257943,0.0162072164267,0.137477024166,1,0.2,30,15,3,10,20,1.80311027405e-05,1.93607491454e-06,1.80311027405e-05,0.0572803030762,1.2209648483e-05,0.00601865443886,1.80311027405e-05,1.93607491454e-06,1.80311027405e-05,0.192410101541,0.551801461792,0.192401272943
153,0.204354956468,0.0573034741093,0.0144825753266,0.0554896423999,0.0881872771659,0.184693053403,0.0505866304994,0.0229746607302,0.00505524471033,0.192115190007,0.124094144809,0.000663150372243,1,0.2,30,15,3,10,20,1.27357313005e-06,1.36748873566e-07,1.27357313005e-06,0.0346043934691,0.000103067129877,0.00025372059364,1.27357313005e-06,1.36748873566e-07,1.27357313005e-06,0.198248600818,0.568545345873,0.198239504325
154,0.0505472160955,0.146066664602,0.0443811116703,0.0202498673561,0.00635247939263,0.237409372224,0.0570115104758,0.0214860408339,0.0730299893638,0.175441114702,0.110641159201,0.0573834740839,1,0.2,30,15,3,10,20,9.50767571455e-06,1.02087890637e-06,9.50767571455e-06,4.71492570267e-06,0.000701708263016,0.000556938902243,9.50767571455e-06,1.02087890637e-06,9.50767571455e-06,0.205164076472,0.58837782631,0.205154662667
155,0.0355134067723,0.0139887119247,0.0367283506317,0.031738356904,0.00065755110547,0.292798563126,0.471426537964,0.000311426195784,0.0360864778907,0.0108403384023,0.0226771027413,0.0472331763422,1,0.2,30,15,3,10,20,6.6416671271e-05,7.13143577546e-06,6.6416671271e-05,5.30531664886e-05,2.15362670794e-05,0.0291031806288,6.6416671271e-05,7.13143577546e-06,6.6416671271e-05,0.199380293898,0.571790861004,0.199371145478
156,0.0838946705307,0.154187050496,0.00343549384713,0.0347046573924,0.0768365383356,0.155785897391,0.0202794213822,0.126919275301,0.1345275696,0.00971251479684,0.127219601634,0.0724973092928,1,0.2,30,15,3,10,20,0.00020808693555,2.23431645729e-05,0.00020808693555,0.000982299504879,0.000734179465212,0.00186786852133,0.00020808693555,2.23431645729e-05,0.00020808693555,0.204515333596,0.586517335283,0.204505949558
157,0.0178026822417,0.0133396212665,0.0728548682325,0.0271527452686,0.0191946011211,0.302153086979,0.0325754621729,0.0199961860054,0.19915380171,0.204688548188,0.0338501956247,0.0572382011895,1,0.2,30,15,3,10,20,5.99657634043e-07,6.43877481753e-08,5.99657634043e-07,0.0291742444008,0.00199417957423,4.88421433714e-07,5.99657634043e-07,6.43877481753e-08,5.99657634043e-07,0.199028237093,0.570781218277,0.199019104827
158,0.0338498322887,0.0401307974234,0.000472068237472,0.208657810711,0.101052306879,0.0826442419235,0.101379521437,0.145992583476,0.0077554828881,0.0486777740689,0.131355825457,0.0980317552102,1,0.2,30,15,3,10,20,3.8088209256e-05,4.08969032795e-06,3.8088209256e-05,0.0182771870389,0.00307948041829,0.00564299667928,3.8088209256e-05,4.08969032795e-06,3.8088209256e-05,0.199852274229,0.573144425263,0.199843104153
159,0.0170633968066,0.013409119848,0.0828517482461,0.0814795469542,0.0244008475988,0.173640758407,0.0172188308891,0.110835237721,0.0234226410955,0.272130831808,0.111720405124,0.0718266355018,1,0.2,30,15,3,10,20,1.22067714662e-05,1.31069210593e-06,1.22067714662e-05,0.014068919694,4.19662246885e-05,0.00064073376344,1.22067714662e-05,1.31069210593e-06,1.22067714662e-05,0.202390821856,0.580424574693,0.2023815353
160,0.219825390638,0.0614241793903,0.0085294602144,0.0502136833949,0.119090777645,0.107093364257,0.0985101871529,0.00282574872508,0.0910573819197,0.00978024488887,0.107266253899,0.124383327875,1,0.2,30,15,3,10,20,0.00021933510283,2.3550927338e-05,0.00021933510283,0.00429412316105,0.00286821160444,0.00260694696178,0.00021933510283,2.3550927338e-05,0.00021933510283,0.203235012001,0.582845577295,0.20322568671
161,0.13430848103,0.0387863476284,0.00532378538767,0.229839692673,0.0310304025591,0.293743842193,0.0918259950955,0.0120530854352,0.069190176713,0.00450830835551,0.0108692495867,0.0785206333437,1,0.2,30,15,3,10,20,2.09436039339e-06,2.24880234892e-07,2.09436039339e-06,0.116507770881,3.21307258808e-05,0.0146094273168,2.09436039339e-06,2.24880234892e-07,2.09436039339e-06,0.17848778164,0.511874470376,0.178479591858
162,0.0192000870393,0.0101833202928,0.070693056766,0.072648416663,0.0251799748342,0.102914895924,0.316114133352,0.0198827515309,0.196800316777,0.0256555328916,0.0579811593145,0.0827463546148,1,0.2,30,15,3,10,20,0.00010682981575,1.14707641221e-05,0.00010682981575,0.000168041873095,0.0042312477811,0.00128965140858,0.00010682981575,1.14707641221e-05,0.00010682981575,0.20417065588,0.585528854607,0.204161287658
163,0.0796824530593,0.0370723607406,0.0589315121499,0.272205785392,0.0848031319497,0.0558009360568,0.112131192644,0.0706985781352,0.118863185796,0.043047844118,0.0162298921192,0.0505331278399,1,0.2,30,15,3,10,20,0.000166022446846,1.78265244902e-05,0.000166022446846,0.028130712407,0.0007888925178,0.0275730080515,0.000166022446846,1.78265244902e-05,0.000166022446846,0.19368271235,0.555451106479,0.193673825359
164,0.0103936065933,0.183762844527,0.0994804723837,0.0522619928856,0.0368805626392,0.436809411504,0.0750100644063,0.0301773712988,0.0146239792819,0.0101735639283,0.0453801470286,0.00504598352322,1,0.2,30,15,3,10,20,0.000541687638409,5.81632672903e-05,0.000541687638409,0.00481656886628,0.0488300727079,0.000775150296411,0.000541687638409,5.81632672903e-05,0.000541687638409,0.193782857673,0.555738307282,0.193773966087
165,0.0177818462577,0.13005280413,0.113360300031,0.014311604619,0.0420447947994,0.048320593014,0.114724710567,0.111381743893,0.147909113126,0.0948527406868,0.108656087666,0.0566036612108,1,0.2,30,15,3,10,20,1.38699467305e-07,1.48927419012e-08,1.38699467305e-07,0.044265817244,1.11607816449e-06,0.000956605235922,1.38699467305e-07,1.48927419012e-08,1.38699467305e-07,0.19614136845,0.562502139763,0.196132368646
166,0.059474120966,0.102822679767,0.164759750829,0.0636980764828,0.0131823098045,0.00901358930467,0.118778678815,0.0337960789671,0.0233676508491,0.216063567208,0.143458016812,0.0515854801945,1,0.2,30,15,3,10,20,0.000144494876334,1.55150192074e-05,0.000144494876334,0.00197812345097,0.000167347240028,0.000419114037176,0.000144494876334,1.55150192074e-05,0.000144494876334,0.204779886113,0.587276029679,0.204770489936
167,0.0440842963961,0.0308330081033,0.024459171365,0.122196030886,0.168510092488,0.0350951611997,0.0972587676241,0.11949009325,0.0287205985188,0.0496649126235,0.229471110973,0.0502167565726,1,0.2,30,15,3,10,20,0.000352463831108,3.78455156907e-05,0.000352463831108,0.00888884605412,0.000371703444983,0.00316941467757,0.000352463831108,3.78455156907e-05,0.000352463831108,0.202573154454,0.580947475483,0.202563859531
168,0.0556896662112,0.101027533334,0.146409407868,0.0474113166624,0.0956365371287,0.0147592595563,0.0243326864529,0.211461627875,0.0306746260669,0.0435938533748,0.187087038262,0.0419164472074,1,0.2,30,15,3,10,20,0.00012107677288,1.30005194956e-05,0.00012107677288,0.0216160278308,0.00449407663043,6.91720869253e-05,0.00012107677288,1.30005194956e-05,0.00012107677288,0.199948952853,0.573421684127,0.199939778341
169,0.163492162702,0.0281091542877,0.000731422884485,0.149230343447,0.0487168964718,0.058299460283,0.0345646807748,0.259729329058,0.00440419314182,0.0463706301893,0.125864976953,0.0804867498071,1,0.2,30,15,3,10,20,0.000203335335357,2.1832965387e-05,0.000203335335357,0.00599322162974,0.00281048346454,0.000766648703205,0.000203335335357,2.1832965387e-05,0.000203335335357,0.203289731428,0.583002503876,0.203280403626
170,0.143022169416,0.000661888096946,0.0254092262115,0.0571038066383,0.240564872517,0.111148967079,0.134989698541,0.0127465387586,0.048126315573,0.106663648766,0.0172508079877,0.102312060415,1,0.2,30,15,3,10,20,1.62433106754e-06,1.74411220324e-07,1.62433106754e-06,0.0983155072759,8.27148592928e-05,2.6508449561e-05,1.62433106754e-06,1.74411220324e-07,1.62433106754e-06,0.185210863174,0.531155195186,0.185202364908
171,0.113467889664,0.0301582095638,0.116084806073,0.0486594960389,0.073303931591,0.098957996924,0.101799071291,0.0842260811815,0.00478381171517,0.041283870328,0.251533181698,0.0357416539318,1,0.2,30,15,3,10,20,5.07533076389e-07,5.44959491183e-08,5.07533076389e-07,0.00627962302768,0.00141084447498,0.0040103668579,5.07533076389e-07,5.44959491183e-08,5.07533076389e-07,0.203027680018,0.582250982257,0.20301836424
172,0.145338821225,0.126347821596,2.77916033721e-05,0.0504864964207,0.0261161133334,0.125484242232,0.157773284626,0.159760283548,0.0520382718236,0.0295545367078,0.100921714585,0.0261506222985,1,0.2,30,15,3,10,20,0.000233112044635,2.50302152003e-05,0.000233112044635,0.0606757355428,0.00277269544763,0.000189373544149,0.000233112044635,2.50302152003e-05,0.000233112044635,0.192156773382,0.551074957066,0.192147956408
173,0.0250906572376,0.10735014392,0.0924805983435,0.042211872167,0.0450499239723,0.0715803058756,0.0314685776264,0.148654614885,0.373378765496,0.0339757642919,0.0204466779975,0.00831209818743,1,0.2,30,15,3,10,20,0.000788383438941,8.4652027174e-05,0.000788383438941,0.0151776720606,0.0309509276051,0.0207059928942,0.000788383438941,8.4652027174e-05,0.000788383438941,0.191019273183,0.547812788045,0.191010508402
174,0.154249260116,0.0827268401165,0.00107573480237,0.0378013414217,0.193207754652,0.0062921296386,0.0050679230132,0.0876851964725,0.0662796166254,0.0197304042463,0.284551013882,0.0613327850129,1,0.2,30,15,3,10,20,1.87460647999e-05,2.0128433811e-06,1.87460647999e-05,0.000346589282728,8.19346349572e-05,0.0017564162259,1.87460647999e-05,2.0128433811e-06,1.87460647999e-05,0.204966755994,0.587811942673,0.204957351243
175,0.164143872623,0.0734735564686,0.0491173675316,0.00699599123141,0.0895044998521,0.000857907951238,0.130570428202,0.147263282549,0.00460736891923,0.204427882286,0.0672332373035,0.0618046050825,1,0.2,30,15,3,10,20,3.95772271234e-05,4.24957240404e-06,3.95772271234e-05,0.00972658551936,6.67487418554e-05,0.00053502468418,3.95772271234e-05,4.24957240404e-06,3.95772271234e-05,0.203275801931,0.582962556302,0.203266474768
176,0.038957560087,0.0328411559194,0.0836653215551,0.0774405134684,0.0291018130959,0.0827992686579,0.337490725354,0.19356815391,0.0598002004027,0.00399240795349,0.038223968258,0.0221189113384,1,0.2,30,15,3,10,20,0.00160410315718,0.000172239264987,0.00160410315718,0.0672770229133,0.0103732200628,0.0387762288116,0.00160410315718,0.000172239264987,0.00160410315718,0.180125236377,0.516570429216,0.180116971461
177,0.168794591888,0.0978652703038,0.0106227929671,0.110070165481,0.0813747319275,0.0657004452902,0.0255136845157,0.0348496798498,0.1618544015,0.0669954718523,0.131338215425,0.0450205489989,1,0.2,30,15,3,10,20,0.000155416485057,1.66877180145e-05,0.000155416485057,0.0550376203267,0.00261295485324,0.000113866487561,0.000155416485057,1.66877180145e-05,0.000155416485057,0.19343062134,0.554728149699,0.193421745917
178,0.0707822425978,0.087092789471,0.047146747187,0.0572875899811,0.0620835728466,0.236279854937,0.0438425673477,0.0181949037598,0.0999821915876,0.198996244633,0.00922600824509,0.069085287406,1,0.2,30,15,3,10,20,1.89798285253e-06,2.03794357e-07,1.89798285253e-06,0.0577765460598,2.86058790444e-06,0.00596038409616,1.89798285253e-06,2.03794357e-07,1.89798285253e-06,0.192336017366,0.551589000203,0.192327192167
179,0.00711250809681,0.0231209512149,0.444295708494,0.0071602635272,0.0236592146335,0.00720014772188,0.05553130569,0.0939262368863,0.0360178964819,0.0773637025266,0.223502336846,0.00110972788098,1,0.2,30,15,3,10,20,1.14584669622e-05,1.23034352162e-06,1.14584669622e-05,0.061371557282,0.000852421490652,3.01422318524e-06,1.14584669622e-05,1.23034352162e-06,1.14584669622e-05,0.192638516313,0.552456518903,0.192629677234
180,0.0377288062231,0.0113162226206,0.0349763489365,0.110103861702,0.064169191986,0.0344202375475,0.0600351048767,0.222767489955,0.33647889709,0.00770870643872,0.0731082880911,0.00718684453224,1,0.2,30,15,3,10,20,6.2695761789e-06,6.73190616204e-07,6.2695761789e-06,0.100444937866,0.00452777252771,0.0381743898773,6.2695761789e-06,6.73190616204e-07,6.2695761789e-06,0.176019442272,0.504795667024,0.176011365747
181,0.0806667228719,0.205754210113,0.0617131550146,0.100101507065,0.106587213102,0.0335611072237,0.0506549124348,0.00606476851711,0.048065125215,0.0744278288608,0.157335295387,0.0750681541953,1,0.2,30,15,3,10,20,2.02738779238e-06,2.17689106615e-07,2.02738779238e-06,0.0276545881491,0.00561333584498,6.8055634283e-06,2.02738779238e-06,2.17689106615e-07,2.02738779238e-06,0.198594399001,0.569537039871,0.198585286641
182,0.101880202817,0.0390221042406,0.0629723216916,0.0970958651682,0.0876507340213,0.209466869447,0.104307435882,0.0162285509709,0.0252724372467,0.0539031449135,0.174548850834,0.0276514827664,1,0.2,30,15,3,10,20,0.000112412086879,1.20701559206e-05,0.000112412086879,0.0645888196564,0.000332311291717,0.000159665777116,0.000112412086879,1.20701559206e-05,0.000112412086879,0.191964844113,0.550524534556,0.191956035946
183,0.103814130647,0.119858750849,0.201937877172,0.0346553562407,0.0307687569211,0.010210962505,0.191139415916,0.063144851769,0.143303848237,0.0116695402807,0.0380228603297,0.0514736491337,1,0.2,30,15,3,10,20,0.00150846381647,0.000161970068973,0.00150846381647,0.0060199075472,0.000560996252823,0.00676653396204,0.00150846381647,0.000161970068973,0.00150846381647,0.20138376106,0.577536485062,0.201374520712
184,0.295582506804,0.0952558134227,0.0862292268156,0.0225468133168,0.0636461245876,0.0589177174819,0.0737216137517,0.027245332213,0.048621537778,0.00449855756099,0.0677439909042,0.155990765363,1,0.2,30,15,3,10,20,5.78565418388e-05,6.21229887643e-06,5.78565418388e-05,0.0215209016109,1.11494300732e-05,0.000639178089894,5.78565418388e-05,6.21229887643e-06,5.78565418388e-05,0.200827072251,0.575939990407,0.200817857446
185,0.121129988518,0.113380772277,0.0650012941671,0.0362251897265,0.201266136777,0.116473419509,0.0418853801425,0.106339163659,0.0131864828926,0.0115033374674,0.0375857819736,0.13602305289,1,0.2,30,15,3,10,20,0.000157158297293,1.68747436792e-05,0.000157158297293,0.0932888869501,0.00499693092454,0.00287520618314,0.000157158297293,1.68747436792e-05,0.000157158297293,0.184514073284,0.529156912991,0.18450560699
186,0.0138848121956,0.0577973346649,0.157746313059,0.113638929247,0.106764254586,0.0613756933627,0.0617752527319,0.230015502853,0.0745883428176,0.0704016214286,0.0337199999214,0.0182919431324,1,0.2,30,15,3,10,20,7.40725277293e-05,7.95347710323e-06,7.40725277293e-05,0.168714690963,0.00479335645537,0.000148213126174,7.40725277293e-05,7.95347710323e-06,7.40725277293e-05,0.169693182488,0.486652963662,0.16968539624
187,0.138414670486,0.0147680566376,0.138419148449,0.0884454208721,0.109226586201,0.169208096481,0.0264801007224,0.0987359745574,0.0563680543623,0.0139920144589,0.121883877796,0.0240579989766,1,0.2,30,15,3,10,20,1.41048782867e-05,1.51449977388e-06,1.41048782867e-05,0.0031860218572,0.0113197293952,0.000454585867757,1.41048782867e-05,1.51449977388e-06,1.41048782867e-05,0.202346301184,0.580296896512,0.202337016671
188,0.0331846736039,0.0257940651322,0.190838146947,0.0284472989994,0.230617880094,0.128190966972,0.0276577314335,0.00167813341738,0.0194960770472,0.150007498325,0.0587602274007,0.105327300627,1,0.2,30,15,3,10,20,7.41831273e-06,7.96535264171e-07,7.41831273e-06,0.0326619843252,0.000416822151659,0.000799007880286,7.41831273e-06,7.96535264171e-07,7.41831273e-06,0.198465838482,0.569168348819,0.198456732021
189,0.0179640861305,0.011139127512,0.0890207056748,0.0027770716624,0.095092632147,0.206438054123,0.135009944038,0.00221833653736,0.205617698172,0.0765596024349,0.0690539028823,0.0891088386863,1,0.2,30,15,3,10,20,4.58062795045e-06,4.91841181058e-07,4.58062795045e-06,0.0160966687832,0.000746816162342,0.00906089915823,4.58062795045e-06,4.91841181058e-07,4.58062795045e-06,0.200106291948,0.573872907538,0.200097110216
190,0.087904449101,0.145435476852,0.170821229009,0.0783886544703,0.00552429559759,0.0906642322752,0.0289495840115,0.136348837582,0.0333962100389,0.18741706763,0.0142201882022,0.0209297752311,1,0.2,30,15,3,10,20,4.18645210712e-05,4.49516872159e-06,4.18645210712e-05,0.00909433373174,0.0016561564626,0.00473966263747,4.18645210712e-05,4.49516872159e-06,4.18645210712e-05,0.202213424659,0.579915827845,0.202204146242
191,0.0322521897703,0.594874531474,0.0172246492482,0.072598288084,0.0140896433734,0.0123222843713,0.0640104400679,0.0302509078445,0.0157522737175,0.10700616829,0.0128880267537,0.0267305970056,1,0.2,30,15,3,10,20,1.47846317325e-05,1.58748774436e-06,1.47846317325e-05,0.000696970967795,0.00109636679276,0.010249339611,1.47846317325e-05,1.58748774436e-06,1.47846317325e-05,0.202945092845,0.582014135425,0.202935780856
192,0.0171657907255,0.0530432242633,0.0359651691675,0.232859259056,0.26102805949,0.00570818499427,0.0951243663773,0.130616456428,0.0249268350852,0.0168713481305,0.0475896811695,0.0791016251127,1,0.2,30,15,3,10,20,0.00123603689158,0.00013271845065,0.00123603689158,0.049075340297,0.00342385085873,0.0113502330853,0.00123603689158,0.00013271845065,0.00123603689158,0.19124492397,0.548459918486,0.191236148835
193,0.0801768431693,0.00683171404766,0.0962434144195,0.174824347209,0.127910389325,0.156639086005,0.0856520768083,0.0837450184319,0.0153302851997,0.00220472644149,0.107209177908,0.0632329210346,1,0.2,30,15,3,10,20,1.60203467589e-05,1.720171635e-06,1.60203467589e-05,0.0548398842192,0.00879426794624,5.23140347415e-05,1.60203467589e-05,1.720171635e-06,1.60203467589e-05,0.192334744168,0.551585348874,0.192325919028
194,0.00147325936491,0.00732988456298,0.0627185586824,0.2387308489,0.00368733952062,0.0542150584591,0.162592252938,0.0518618707011,0.00268763674245,0.129008598012,0.154362950727,0.131331741389,1,0.2,30,15,3,10,20,7.4433194544e-05,7.99220340758e-06,7.4433194544e-05,0.00978435683694,0.00427597160622,3.27264855981e-05,7.4433194544e-05,7.99220340758e-06,7.4433194544e-05,0.202472233681,0.580658050815,0.20246294339
195,0.0413084077768,0.210338614362,0.121467795744,0.124108170232,0.054557806022,0.0279912882761,0.0225878234412,0.0752389085457,0.0573536241929,0.00467269630924,0.230551874902,0.0298229901963,1,0.2,30,15,3,10,20,8.07074012308e-05,8.66589122079e-06,8.07074012308e-05,0.000159789344967,0.00131559320654,4.40993427024e-05,8.07074012308e-05,8.66589122079e-06,8.07074012308e-05,0.205049813487,0.588050138306,0.205040404925
196,0.0811351629755,0.22607557644,0.0985489860628,0.104870350678,0.021407512691,0.0330040258846,0.159095019811,0.0468069359233,0.0774794617013,0.0320810719279,0.0841790724815,0.0353168234235,1,0.2,30,15,3,10,20,6.33302366741e-07,6.80003238409e-08,6.33302366741e-07,0.00467804966861,0.00194080240289,0.0115814241923,6.33302366741e-07,6.80003238409e-08,6.33302366741e-07,0.20169237879,0.578421551455,0.201683124281
197,0.0124388715831,0.0584396330258,0.0437054357602,0.0532228414232,0.137782770824,0.0756981494418,0.0227158420619,0.183352356844,0.0650996004905,0.069612983776,0.0160428988545,0.261888615915,1,0.2,30,15,3,10,20,6.00144403249e-06,6.44400146208e-07,6.00144403249e-06,0.0408101879137,8.12772071455e-05,0.000185036897654,6.00144403249e-06,6.44400146208e-07,6.00144403249e-06,0.196988225592,0.564930790884,0.19697918693
198,0.290878228041,0.093758993159,0.0435912347526,0.148446269168,0.00782843840228,0.0287507834075,0.040358844547,0.237145296063,0.0558833756687,0.00482625054807,0.0234187208168,0.0251135654261,1,0.2,30,15,3,10,20,0.000333303293799,3.57881686629e-05,0.000333303293799,0.303644225731,0.0203191295254,0.000398624162403,0.000333303293799,3.57881686629e-05,0.000333303293799,0.138508975563,0.397221635326,0.138502620179
199,0.0459577948101,0.00398537913973,0.0434594367507,0.168221350411,0.0421865241279,0.0238219129161,0.0164695502121,0.0946165793331,0.0713578682426,0.0590435699486,0.171799994238,0.25908003987,1,0.2,30,15,3,10,20,3.50192089566e-05,3.76015893001e-06,3.50192089566e-05,0.0218414896738,8.94839578043e-05,0.00146578931019,3.50192089566e-05,3.76015893001e-06,3.50192089566e-05,0.200595082138,0.575274679789,0.200585877978
200,0.00827528784153,0.00588002995539,0.119501507179,0.0485399178843,0.00116658886859,0.192650835507,0.0665686387046,0.0451329047536,0.294832486252,0.0548544235704,0.142955386743,0.0196419927399,1,0.2,30,15,3,10,20,0.000113769896495,1.22159496178e-05,0.000113769896495,0.0278148082047,0.00504694181922,0.00235632381782,0.000113769896495,1.22159496178e-05,0.000113769896495,0.198098422675,0.568114658926,0.198089333072
201,0.149403480437,0.0291235338322,0.0283573580887,0.0405346969109,0.00180882046601,0.0536163121238,0.0461709385455,0.134442763254,0.0822444848451,0.186921286253,0.0423409153927,0.205035409851,1,0.2,30,15,3,10,20,1.14018602721e-05,1.22426542455e-06,1.14018602721e-05,0.00598108583499,0.00103062450515,0.00134480828681,1.14018602721e-05,1.22426542455e-06,1.14018602721e-05,0.203705276181,0.584194219907,0.203695929313
202,0.0637449583274,0.174188483444,0.0604927739833,0.0475619527539,8.50579393862e-06,0.0314308012119,0.128699401905,0.0811255545899,0.0655843239231,0.118013257128,0.0845877610359,0.144562225904,1,0.2,30,15,3,10,20,1.83045737587e-06,1.96543864152e-07,1.83045737587e-06,2.57343100271e-06,5.79516197142e-07,2.61431562664e-05,1.83045737587e-06,1.96543864152e-07,1.83045737587e-06,0.205424240192,0.589123934337,0.20541481445
203,0.0462915220737,0.12201400667,0.32117025547,0.0312969529947,0.0470622585246,0.0124192457536,0.0204087618487,0.11742664104,0.0352898573026,0.213893647186,0.00446092266435,0.0282659284717,1,0.2,30,15,3,10,20,1.11849592623e-05,1.20097585597e-06,1.11849592623e-05,0.00204265234027,0.00510758909794,0.000499737415661,1.11849592623e-05,1.20097585597e-06,1.11849592623e-05,0.203850609752,0.584611013391,0.203841256214
204,0.0724243374957,0.0146141944481,0.216672181177,0.0371077526428,0.0218958497929,0.0582800539861,0.24507568387,0.0335997149382,0.0765137500555,0.161543119514,0.0535010233169,0.00877233876338,1,0.2,30,15,3,10,20,6.5707753469e-05,7.05531630607e-06,6.5707753469e-05,0.0701127921744,0.000579821908494,0.000578737229819,6.5707753469e-05,7.05531630607e-06,6.5707753469e-05,0.190733545717,0.546993367276,0.190724794047
205,0.00796780389893,0.369801396789,0.0114101882713,0.030982454312,0.0875465348559,0.0127070024913,0.125572181631,0.121443595747,0.00344640919834,0.000987999712539,0.139426704655,0.0887077284372,1,0.2,30,15,3,10,20,9.68869018041e-09,1.04031518665e-09,9.68869018041e-09,7.22872678123e-07,9.67254021368e-08,2.05023583801e-06,9.68869018041e-09,1.04031518665e-09,9.68869018041e-09,0.20543124549,0.589144024414,0.205421819427
206,0.0318344227889,0.0542419617722,0.0656495288367,0.286882152162,0.0135208391812,0.0648128214044,0.0701775770128,0.00374884279031,0.00323604805904,0.0542598804817,0.0855991615742,0.266036763936,1,0.2,30,15,3,10,20,7.55272788768e-05,8.1096798183e-06,7.55272788768e-05,0.0402728241481,7.51860866099e-05,0.0017840528457,7.55272788768e-05,8.1096798183e-06,7.55272788768e-05,0.196711181243,0.564136271909,0.196702155293
207,0.0208812281043,0.0509846692731,0.022009850633,0.0288847593867,0.0463350576466,0.0383979503773,0.119516527901,0.140856279431,0.140890787711,0.0909643074282,0.260552257445,0.0397263246632,1,0.2,30,15,3,10,20,3.21892008681e-06,3.45628912532e-07,3.21892008681e-06,0.00148094101969,0.00270964770201,5.28040721665e-06,3.21892008681e-06,3.45628912532e-07,3.21892008681e-06,0.204567091223,0.586665767899,0.204557704811
208,0.0011675605609,0.0920599282453,0.0442323106161,0.126320070926,0.0350557156182,0.00700528819548,0.0808472192706,0.248808175375,0.0396591201634,0.0170041448341,0.0793848770715,0.228455589123,1,0.2,30,15,3,10,20,3.33079067082e-05,3.57640925025e-06,3.33079067082e-05,0.0173676259053,0.00161333172406,0.001523143707,3.33079067082e-05,3.57640925025e-06,3.33079067082e-05,0.201190808664,0.576983128385,0.201181577169
209,0.0428768050899,0.11922364044,0.020361650751,0.177057546434,0.0111151055624,0.246856930191,0.0396217911754,0.0209720627027,0.120160318039,0.151014700643,0.0314372682429,0.0193021807284,1,0.2,30,15,3,10,20,0.000139908638015,1.50225756176e-05,0.000139908638015,0.0605218910053,0.000368643865805,0.00587661705504,0.000139908638015,1.50225756176e-05,0.000139908638015,0.191594605345,0.54946274886,0.191585814166
210,0.0376716985006,0.0686047824177,0.269667954665,0.0735629646843,0.0215502790506,0.0192045480247,0.0489532106887,0.186692071844,0.0669038183622,0.11847833958,0.0761114666559,0.0125988655257,1,0.2,30,15,3,10,20,1.78800983557e-06,1.91986094218e-07,1.78800983557e-06,0.0612534037077,0.00115771050287,0.00631144101309,1.78800983557e-06,1.91986094218e-07,1.78800983557e-06,0.191312494093,0.548653698814,0.191303715858
211,0.207223769734,0.136146898289,0.0841616267321,0.133527584707,0.0575433465158,0.112846516229,0.0644018870885,0.000120395387752,0.0404356226802,0.00204598425168,0.00328113085757,0.158265237527,1,0.2,30,15,3,10,20,8.15243019581e-05,8.75360526848e-06,8.15243019581e-05,0.0510870660646,0.0160089131582,7.50003193509e-05,8.15243019581e-05,8.75360526848e-06,8.15243019581e-05,0.191562197993,0.549369809746,0.1915534083
212,0.128278051198,0.0120454451524,0.0264631342621,0.107988293303,0.0802242174384,0.052455201343,0.0385357459691,0.0277891624992,0.32085615815,0.0121149596267,0.176900025353,0.0163496057061,1,0.2,30,15,3,10,20,0.00044404341561,4.76787987012e-05,0.00044404341561,0.0303259856001,0.00681199797129,0.00372529984686,0.00044404341561,4.76787987012e-05,0.00044404341561,0.196652751676,0.563968705238,0.196643728408
213,0.0729177663203,0.00775941936899,0.0380013413505,0.137973933599,0.0306720611954,0.0266216254646,0.339090407709,0.0481364145151,0.0490874770004,0.0363481970539,0.146157394075,0.0672339623473,1,0.2,30,15,3,10,20,0.000313886734222,3.37033314533e-05,0.000313886734222,0.0374065726912,0.00155966761638,0.00146217839411,0.000313886734222,3.37033314533e-05,0.000313886734222,0.196854782057,0.564548096124,0.196845749518
214,0.0654900722257,0.160092932727,0.103256954058,0.233599785287,0.0755467437643,0.127067080286,0.0166112545613,0.0395736242726,0.0182824737075,0.125777616297,0.0256958940498,0.00900556876389,1,0.2,30,15,3,10,20,1.76902882313e-05,1.89948023525e-06,1.76902882313e-05,0.111610174491,0.00117011128977,0.0018625280434,1.76902882313e-05,1.89948023525e-06,1.76902882313e-05,0.181865241833,0.521560487152,0.181856897078
215,0.0416536833216,0.0642444846017,0.0887954875129,0.0744845712055,0.277414314634,0.0647576863669,0.0280150185767,0.146089603876,0.157553328968,0.0354126528412,0.0183929034884,0.00318626460712,1,0.2,30,15,3,10,20,0.00266829622992,0.000286506126088,0.00266829622992,0.0977656228223,0.0168787698308,0.0291824197661,0.00266829622992,0.000286506126088,0.00266829622992,0.173574909207,0.497785136353,0.173566944849
216,0.0507054265643,0.0330014594293,0.0719708175345,0.22354647291,0.0201735661436,0.00452373818896,0.035092520434,0.209352850396,0.0289673284901,0.0677817897504,0.0472904552298,0.207593574929,1,0.2,30,15,3,10,20,3.10747912233e-06,3.33663030085e-07,3.10747912233e-06,0.0513811485185,0.000240349220642,9.64469910538e-05,3.10747912233e-06,3.33663030085e-07,3.10747912233e-06,0.194804640119,0.558668616258,0.19479570165
217,0.0377454515715,0.0379439527113,0.0133046197171,0.0794979380981,0.290738120804,0.0493373936894,0.346561535122,0.0288176811939,0.00299284927432,0.0103111065183,0.0393160135188,0.0634333377812,1,0.2,30,15,3,10,20,1.42994211893e-07,1.535388659e-08,1.42994211893e-07,0.00128260090832,0.0208370535094,0.000115271686722,1.42994211893e-07,1.535388659e-08,1.42994211893e-07,0.200863957766,0.576045772177,0.200854741269
218,0.199393579322,0.011325458567,0.065868303088,0.0986850945046,0.0793843813209,0.135143005381,0.0643082879253,0.0151833871587,0.0124338902791,0.0564457470929,0.00815371569831,0.253675149661,1,0.2,30,15,3,10,20,0.000100069316656,1.07448610593e-05,0.000100069316656,0.0151077283561,6.96825854127e-05,0.00638377316207,0.000100069316656,1.07448610593e-05,0.000100069316656,0.200915845268,0.57619457725,0.20090662639
219,0.0564549175284,0.0555764657276,0.0307766938146,0.0227016257919,0.066328802319,0.0541657794429,0.0047636875426,0.288993534142,0.0623514469454,0.160199590075,0.169141098525,0.0285463581451,1,0.2,30,15,3,10,20,0.000200969080623,2.15788907196e-05,0.000200969080623,0.0222451855116,0.000278655900592,0.00178816341982,0.000200969080623,2.15788907196e-05,0.000200969080623,0.200263375687,0.57432339863,0.200254186747
220,0.073040440455,0.133677414713,0.0526763471858,0.0126310253346,0.102478064116,0.160979762303,0.0297953541222,0.0445986984995,0.0632448939963,0.0687027478504,0.192212634897,0.0659626165277,1,0.2,30,15,3,10,20,8.05320394876e-05,8.64706189698e-06,8.05320394876e-05,0.0234812712834,0.00095080125385,0.00347257996658,8.05320394876e-05,8.64706189698e-06,8.05320394876e-05,0.199629611085,0.572505862904,0.199620451225
221,0.0133977174475,0.0287314453422,0.00768898624263,0.146792947116,0.0370400501012,0.114940349417,0.128350070763,0.208235636353,0.059995590474,0.128248183595,0.0234746451648,0.103104377983,1,0.2,30,15,3,10,20,4.32262164354e-05,4.641379648e-06,4.32262164354e-05,0.043220718783,7.55156646178e-05,0.00587451146881,4.32262164354e-05,4.641379648e-06,4.32262164354e-05,0.195293179318,0.560069668708,0.195284218432
222,0.108468274538,0.0315041505224,0.0200586337473,0.232354574748,0.120742036363,0.0934020118359,0.0078624275097,0.0149228871113,0.143717296663,0.0593806500278,0.128223215511,0.0393638414222,1,0.2,30,15,3,10,20,0.000206133018744,2.21333643533e-05,0.000206133018744,0.081554396116,0.000470062097014,0.00221257928918,0.000206133018744,2.21333643533e-05,0.000206133018744,0.187948394595,0.539005998379,0.187939770719
223,0.0641221477015,0.0108166642036,0.0287653623848,0.00206152173233,0.385033403527,0.00159161064015,0.123763204798,0.097694226561,0.0454457493483,0.014147403548,0.0316705946324,0.194888110923,1,0.2,30,15,3,10,20,3.57853356818e-06,3.84242116074e-07,3.57853356818e-06,0.0798153405012,0.000357001024777,0.000305415045019,3.57853356818e-06,3.84242116074e-07,3.57853356818e-06,0.188896051097,0.541723725976,0.188887383738
224,0.0627936275562,0.117974248569,0.00946662415959,0.212107328948,0.00545216282745,0.0385839497184,0.0768480117573,0.00579083518687,0.0137032451032,0.39258851373,0.0127094853113,0.0519819671333,1,0.2,30,15,3,10,20,2.03799999314e-05,2.18828582995e-06,2.03799999314e-05,0.0348342762049,0.000833287035301,0.000424068650124,2.03799999314e-05,2.18828582995e-06,2.03799999314e-05,0.197999827072,0.567831902473,0.197990741993
225,0.0281133926687,0.105172996693,0.0107511651459,0.0784311874694,0.0056886758717,0.220026082347,0.0184192964766,0.00534349955772,0.246299628664,0.107145959534,0.168317966164,0.00629014940771,1,0.2,30,15,3,10,20,0.000109750352493,1.17843543671e-05,0.000109750352493,0.00045854757868,0.000358091767962,0.000596831277841,0.000109750352493,1.17843543671e-05,0.000109750352493,0.205046444926,0.588040477812,0.205037036519
226,0.00296261811652,0.0313764439667,0.0369415455127,0.228452785373,0.0223524329689,0.12266948943,0.00865303272148,0.151467193671,0.034254851481,0.262514354755,0.0479093799642,0.0504458720395,1,0.2,30,15,3,10,20,7.52907991682e-05,8.08428800292e-06,7.52907991682e-05,0.0226958257695,0.00495289685892,0.000603224130512,7.52907991682e-05,8.08428800292e-06,7.52907991682e-05,0.19956280388,0.572314270502,0.199553647086
227,0.0585959151027,0.0490901475624,0.0427315201645,0.161803884626,0.0190730186008,0.00015530753759,0.00556027842802,0.215505109339,0.110216098886,0.0245359688268,0.290951293025,0.0217814579019,1,0.2,30,15,3,10,20,3.77257132654e-07,4.05076761733e-08,3.77257132654e-07,3.9091490256e-07,3.32807934749e-06,0.000284195927719,3.77257132654e-07,4.05076761733e-08,3.77257132654e-07,0.205372369896,0.588975178605,0.205362946534
228,0.25076518956,0.00674051306638,0.0196891702724,0.124911498259,0.141387024841,0.0639435962424,0.00800859626337,0.0684673481037,0.0854597446715,0.149384592461,0.0301212745796,0.0511214516798,1,0.2,30,15,3,10,20,2.49423612876e-06,2.67816565039e-07,2.49423612876e-06,0.0123503717933,0.00608855607361,0.00133830480535,2.49423612876e-06,2.67816565039e-07,2.49423612876e-06,0.20136681045,0.577487873419,0.20135757088
229,0.0604525809262,0.077005962655,0.0914061182982,0.0406105852355,0.0530139077406,0.0718387247078,0.0146063850392,0.335607949709,0.0543189220463,0.00661701818481,0.168896707239,0.0256251382184,1,0.2,30,15,3,10,20,2.60029295004e-05,2.79204329511e-06,2.60029295004e-05,0.0100069997534,0.000279569751797,0.00763128294084,2.60029295004e-05,2.79204329511e-06,2.60029295004e-05,0.201728431508,0.578524944896,0.201719175345
230,0.10423432023,0.151155627269,0.00442830763843,0.0465932568449,0.183849404759,0.060571144997,0.0426799004161,0.0320405016821,0.126245000431,0.0367917663248,0.190256032475,0.0211547369324,1,0.2,30,15,3,10,20,5.46955263289e-05,5.8728874205e-06,5.46955263289e-05,0.000122292355084,0.00180930794846,0.000177443744204,5.46955263289e-05,5.8728874205e-06,5.46955263289e-05,0.204951220861,0.587767390389,0.204941816823
231,0.0148571552006,0.050940666562,0.0695353537272,0.100526540886,0.0364193861222,0.193476416199,0.082320245119,0.00402571214149,0.0566042481302,0.0167868356656,0.149688566806,0.224818873442,1,0.2,30,15,3,10,20,1.90640267725e-05,2.04698428795e-06,1.90640267725e-05,0.00012828641302,4.11891761775e-05,0.00100768361266,1.90640267725e-05,2.04698428795e-06,1.90640267725e-05,0.205173510986,0.588404882989,0.205164096748
232,0.094526535331,0.0202536445576,0.0278708100383,0.179290273332,0.0713898594604,0.059380095404,0.0735809499818,0.0652530149844,0.0176479526994,0.139471799891,0.00922602651901,0.242109037802,1,0.2,30,15,3,10,20,0.000100524878922,1.07937766851e-05,0.000100524878922,0.00503179468486,0.00372258984422,0.000117507515503,0.000100524878922,1.07937766851e-05,0.000100524878922,0.203522235481,0.583669288394,0.203512897011
233,0.03068828322,0.204684321099,0.0574730894908,0.154833665646,0.0482162840733,0.0588588774537,0.144020931906,0.0355830754648,0.0178990970682,0.0697477509444,0.115044110927,0.0629505127065,1,0.2,30,15,3,10,20,0.0002348428465,2.52160586354e-05,0.0002348428465,0.00500714302754,0.00243335429824,0.00230806845539,0.0002348428465,2.52160586354e-05,0.0002348428465,0.203225840437,0.582819274712,0.203216515567
234,0.268085213211,0.0227675271144,0.050759741922,0.429126378564,0.00526664167803,0.0760825828747,0.0272229399047,0.053064421524,0.0233919938125,0.00515500077349,0.027056722158,0.0120208364636,1,0.2,30,15,3,10,20,0.00335518133833,0.000360259853007,0.00335518133833,0.0259845944644,0.0107843160828,0.0412085453842,0.00335518133833,0.000360259853007,0.00335518133833,0.186507728875,0.534874399031,0.186499171103
235,0.178826928517,0.104097770183,0.0521949739492,0.0445300785666,0.033762396281,0.27696421989,0.0557854634859,0.0932014843352,0.039242399706,0.00538532579764,0.112504280138,0.00350467914982,1,0.2,30,15,3,10,20,0.000912003518901,9.79256321879e-05,0.000912003518901,0.00473969151166,0.000224783859238,0.00665022081536,0.000912003518901,9.79256321879e-05,0.000912003518901,0.202256162643,0.580038393564,0.202246882266
236,0.104129096464,0.000354518431014,0.046771196622,0.0567324192614,0.211504736044,0.0228031320086,0.0391521401099,0.154970624678,0.249063927956,0.0785839883133,0.00850605065469,0.0274281694572,1,0.2,30,15,3,10,20,5.49132487332e-05,5.89626518566e-06,5.49132487332e-05,0.0389865428131,0.00357158099894,0.0168930950592,5.49132487332e-05,5.89626518566e-06,5.49132487332e-05,0.193171123666,0.553983951787,0.19316226015
237,0.103546179781,0.000522579634295,0.0168613175027,0.0330825661154,0.00988465568123,0.0144439499047,0.00303866447055,0.0951584316691,0.0639905842733,0.349896057042,0.0823167330783,0.227258280847,1,0.2,30,15,3,10,20,9.42922737369e-07,1.01245557991e-07,9.42922737369e-07,4.13002266188e-07,2.45314930128e-05,2.10118866045e-06,9.42922737369e-07,1.01245557991e-07,9.42922737369e-07,0.205425470966,0.589127464,0.205416045168
238,0.0748512099636,0.0331139909257,0.0544676860762,0.0266254586823,0.0246583304693,0.0714113897551,0.0738009491741,0.0406884337798,0.0982501396461,0.0511688554916,0.0878867534671,0.363076802569,1,0.2,30,15,3,10,20,9.30252580077e-06,9.98851102112e-07,9.30252580077e-06,0.00488275533548,0.000155705341706,2.31486535594e-05,9.30252580077e-06,9.98851102112e-07,9.30252580077e-06,0.204383973167,0.58614061454,0.204374595157
239,0.0403792984529,0.0397875549169,0.0177983270831,0.280545477955,0.0673468675825,0.0312094082424,0.0787583383743,0.141170681535,0.0183312587395,0.137961855898,0.000919280822543,0.145791650399,1,0.2,30,15,3,10,20,0.000330627204402,3.55008257519e-05,0.000330627204402,0.0489640934622,0.000365828698472,0.00280340302401,0.000330627204402,3.55008257519e-05,0.000330627204402,0.194435726913,0.557610632063,0.194426805371
240,0.0931133752896,0.00121319988137,0.0385215819669,0.0949376158152,0.0453928076579,0.0273062374608,0.107865676605,0.0367151351586,0.00880965087145,0.20076192699,0.189601057682,0.155761734621,1,0.2,30,15,3,10,20,5.31898328713e-06,5.71121481655e-07,5.31898328713e-06,0.000156698705639,6.15005637187e-06,0.000681704026709,5.31898328713e-06,5.71121481655e-07,5.31898328713e-06,0.205253739991,0.588634966972,0.205244322072
241,0.0526419778766,0.161622184265,0.0238097680988,0.0562966441473,0.0012630819398,0.0487172688059,0.362160534776,0.135378632605,0.0479683853714,0.0915221607553,0.0178984342815,0.000720927077055,1,0.2,30,15,3,10,20,2.43789927759e-06,2.61767441705e-07,2.43789927759e-06,0.0538142787152,0.00855643546931,0.0122375522381,2.43789927759e-06,2.61767441705e-07,2.43789927759e-06,0.190102818889,0.545184543398,0.190094096159
242,0.0918491031397,0.031953122856,0.130609467966,0.0278985383581,0.0334951566477,0.332911699208,0.0996234739055,0.0361520967666,0.0413238707036,0.0622149456499,0.0168848837336,0.0950836410645,1,0.2,30,15,3,10,20,7.68125768966e-05,8.24768764231e-06,7.68125768966e-05,0.103807742152,0.000844204045415,0.00336310675549,7.68125768966e-05,8.24768764231e-06,7.68125768966e-05,0.183175604315,0.525318397613,0.183167199436
243,0.0814275122186,0.000196270198324,0.0260310655071,0.109982991527,0.17984015772,0.0932607899863,0.132598709073,0.0996904177105,0.140563217318,0.0466342142991,0.0746963321487,0.0150783222938,1,0.2,30,15,3,10,20,1.41738559945e-05,1.52190619887e-06,1.41738559945e-05,8.73930294542e-06,5.00508763426e-05,0.00110654232146,1.41738559945e-05,1.52190619887e-06,1.41738559945e-05,0.205180174689,0.588423993428,0.205170760146
244,0.0251802562969,0.101119637024,0.112381939699,0.0834456196675,0.0328970013994,0.204747740795,0.00694309049671,0.150411707075,0.166144360122,0.00160999004369,0.0884698057332,0.026648851648,1,0.2,30,15,3,10,20,0.0014670002594,0.000157517953434,0.0014670002594,0.0579228370867,0.00793838105897,0.00477713346442,0.0014670002594,0.000157517953434,0.0014670002594,0.189650283969,0.543886745474,0.189641582003
245,0.0511725415823,0.0348858899703,0.0691055161756,0.113682063294,0.141009216026,0.0557259150685,0.00513395721011,0.0173710894401,0.000314151579823,0.120916050857,0.167729445048,0.22295416375,1,0.2,30,15,3,10,20,7.74096163164e-06,8.31179426187e-07,7.74096163164e-06,0.00178518058915,9.67766240624e-05,0.00246765839997,7.74096163164e-06,8.31179426187e-07,7.74096163164e-06,0.204531591419,0.586563960126,0.204522206636
246,0.00312583971089,0.00822390798067,0.508693819506,0.0554295156608,0.0553331988783,0.00865863051908,0.0183135072678,0.049579959032,0.261178736568,0.0270189127707,0.000945025207268,0.00349894689843,1,0.2,30,15,3,10,20,0.00607581084037,0.000652385221401,0.00607581084037,0.163466321333,0.0665053335112,0.0228787978926,0.00607581084037,0.000652385221401,0.00607581084037,0.148227607333,0.425093120109,0.148220806017
247,0.029218473963,0.0236075101338,0.27923792268,0.0928693585144,0.063272900319,0.0338457683447,0.241795855645,0.0472315238105,0.0212131182353,0.114471412116,0.0359174508796,0.017318705358,1,0.2,30,15,3,10,20,1.57557948278e-05,1.6917655877e-06,1.57557948278e-05,0.0424714992115,0.016766622224,0.00257244531419,1.57557948278e-05,1.6917655877e-06,1.57557948278e-05,0.19272034271,0.552691183952,0.192711499877
248,0.389152408329,0.226974323059,0.0411937934333,0.0421656244149,0.00651701434305,0.0595602607058,0.0127277739101,0.0570117765175,0.0051653127996,0.0785565600909,0.0673431660773,0.0136319863196,1,0.2,30,15,3,10,20,9.41963688229e-05,1.01142580874e-05,9.41963688229e-05,0.0743313734969,0.0107511605244,0.000716547488505,9.41963688229e-05,1.01142580874e-05,9.41963688229e-05,0.187724420639,0.53836367682,0.18771580704
249,0.104316428495,0.0488954690701,0.169154919518,0.0208831048761,0.0108148856544,0.16416722501,0.0374497963714,0.0425357983957,0.00593958495728,0.284297336829,0.0705517542195,0.0409936966035,1,0.2,30,15,3,10,20,1.47314386694e-06,1.5817761827e-07,1.47314386694e-06,0.000522566864565,0.00278826152019,1.57451810382e-05,1.47314386694e-06,1.5817761827e-07,1.47314386694e-06,0.204747183783,0.587182244614,0.204737789107
250,0.00701940088636,0.0194236062054,0.00694256388222,0.0127945974132,0.172270094264,0.369824719547,0.109374163306,0.138811203364,0.0151138552112,0.121283291104,0.0128103892281,0.0143321155884,1,0.2,30,15,3,10,20,0.000136989150515,1.47090980343e-05,0.000136989150515,4.16084364026e-05,0.002935643257,0.00269999812293,0.000136989150515,1.47090980343e-05,0.000136989150515,0.20414694437,0.58546085378,0.204137577236
251,0.0937450580959,0.0199184188281,0.0351656976585,0.0820843912211,0.205454428594,0.0823242355023,0.0610684766312,0.0567695734567,0.0414086874174,0.15696411247,0.052971596273,0.112125323851,1,0.2,30,15,3,10,20,1.17953216753e-05,1.26651302103e-06,1.17953216753e-05,0.0189988868501,0.00254050326836,0.000299055189335,1.17953216753e-05,1.26651302103e-06,1.17953216753e-05,0.200935318454,0.576250423242,0.200926098683
252,0.0127226616095,0.0635264080508,0.0980632288272,0.0232543148717,0.0392327019809,0.0211559541626,0.150405897053,0.176658185387,0.186213487891,0.0177727771339,0.00197614599208,0.20901823704,1,0.2,30,15,3,10,20,0.00011971716072,1.28545322516e-05,0.00011971716072,0.0561325532449,0.000714566235576,0.00130658188273,0.00011971716072,1.28545322516e-05,0.00011971716072,0.193381565032,0.554587464037,0.19337269186
253,0.0110907380518,0.0945515573385,0.0501227471897,0.00599751430383,0.00622559307422,0.138051831823,0.150218837546,0.011943910738,0.0140808289883,0.278194680345,0.0227655806091,0.216756179991,1,0.2,30,15,3,10,20,1.59069678848e-05,1.7079976711e-06,1.59069678848e-05,0.0166071108285,0.000247150561893,0.000734187402941,1.59069678848e-05,1.7079976711e-06,1.59069678848e-05,0.201804843031,0.578744080947,0.201795583362
254,0.0375440981133,0.0359182429574,0.0869863424895,0.0347071721628,0.195306267541,0.0543113263922,0.0455584570579,0.056042094537,0.00892521193587,0.0850372213137,0.0278861920658,0.331777373433,1,0.2,30,15,3,10,20,2.61460608195e-06,2.80741190348e-07,2.61460608195e-06,0.0158818191757,0.00331047997912,2.90854111708e-05,2.61460608195e-06,2.80741190348e-07,2.61460608195e-06,0.20148089513,0.577815050072,0.201471650325
255,0.00197829583053,0.125028120114,0.0679639476559,0.0231875505989,0.103507891557,0.0458201216933,0.131482121094,0.101062094736,0.274469545031,0.0686210640752,0.0228879363113,0.0339913113024,1,0.2,30,15,3,10,20,4.54187212609e-05,4.87679806104e-06,4.54187212609e-05,0.00650824029222,0.00648490499807,0.00798701182665,4.54187212609e-05,4.87679806104e-06,4.54187212609e-05,0.201082525577,0.576672589774,0.201073299051
256,0.10658082709,0.00553253526367,0.0338731936709,0.0630689068252,0.0900462041258,0.0646547745064,0.00744179454527,0.0856053818644,0.0449884929112,0.0109064341064,0.0638562023132,0.423445252778,1,0.2,30,15,3,10,20,8.92736793138e-05,9.58568832616e-06,8.92736793138e-05,0.0073937379508,0.000918513841909,0.000209725878818,8.92736793138e-05,9.58568832616e-06,8.92736793138e-05,0.203603860814,0.583903376821,0.203594518599
257,0.0678797794966,0.229303852688,0.109006110862,0.0923767256114,0.0118916908512,0.0404811245494,0.173233395554,0.138098029472,0.00727604684337,0.0550066444093,0.000605552795818,0.0748410468684,1,0.2,30,15,3,10,20,0.000141158620493,1.51567914641e-05,0.000141158620493,6.804796881e-06,0.00055923866921,0.00807654389339,0.000141158620493,1.51567914641e-05,0.000141158620493,0.203534159504,0.583703484586,0.203524820486
258,0.103423275917,0.00298820092461,0.0201082691508,0.0569795819728,0.009261551425,0.390753535095,0.120394284155,0.0334535352666,0.120561071542,0.0483219639704,0.0170286963358,0.076726034245,1,0.2,30,15,3,10,20,0.00143050161863,0.000153598941722,0.00143050161863,0.0467492701433,0.00961686056131,0.00207642323796,0.00143050161863,0.000153598941722,0.00143050161863,0.192187291277,0.551162477519,0.192178472903
259,0.013591577164,0.074576810442,0.319819081161,0.0230741086534,0.161901050486,0.0919125919431,0.0181379678584,0.0606217114812,0.0130691468627,0.00075381334756,0.0705193253156,0.152022815285,1,0.2,30,15,3,10,20,2.60543871981e-07,2.79756852333e-08,2.60543871981e-07,0.077745527589,0.00169566076921,8.27966229352e-07,2.60543871981e-07,2.79756852333e-08,2.60543871981e-07,0.189111697985,0.542342166832,0.189103020732
260,0.0323853096131,0.0835065529614,0.0426620465451,0.138836735745,0.160755294977,0.116459414261,0.117433975858,0.0545833004511,0.0585092382852,0.0637978340109,0.0397730935668,0.0912972037256,1,0.2,30,15,3,10,20,5.38227585089e-08,5.77917468941e-09,5.38227585089e-08,7.47982232352e-06,5.65496798225e-05,7.61280568868e-07,5.38227585089e-08,5.77917468941e-09,5.38227585089e-08,0.205418486743,0.589107434361,0.205409061264
261,0.150615240609,0.0760194293109,0.0223853872176,0.0144701962664,0.0101583296872,0.0711584779524,0.435211176136,0.000890016351989,0.0317775223872,0.0696913663893,0.0818254259033,0.0357974317883,1,0.2,30,15,3,10,20,0.000555858970862,5.9684902526e-05,0.000555858970862,0.0838584695829,0.00059239213319,0.00291217210574,0.000555858970862,5.9684902526e-05,0.000555858970862,0.187003407457,0.536295926091,0.186994826941
262,0.0811140172686,0.121495514527,0.0617036772877,0.0169464075446,0.0629090128691,0.101427651116,0.137004718151,0.0138817525268,0.167716888903,0.0696390939055,0.0829678377202,0.0831934281806,1,0.2,30,15,3,10,20,4.51024817045e-05,4.84284209723e-06,4.51024817045e-05,0.0138473159264,0.0119071048455,8.73692987507e-05,4.51024817045e-05,4.84284209723e-06,4.51024817045e-05,0.200084065171,0.573809164689,0.200074884459
263,0.0549834597542,0.117231212512,0.0251115846753,0.115174086796,0.0744460525698,0.295347988543,0.00359186159614,0.016632513417,0.11254329454,0.119100347714,0.0585926134895,0.00724498439236,1,0.2,30,15,3,10,20,0.000106401506767,1.14247747952e-05,0.000106401506767,0.00208089613504,0.00617614249346,0.00143709753556,0.000106401506767,1.14247747952e-05,0.000106401506767,0.203348232116,0.583170274513,0.20333890163
264,0.0231858592379,0.0207645986596,0.0207759483979,0.253069642495,0.02092481779,0.110495732196,0.0292603141519,0.216158230005,0.0809481025076,0.0144032283129,0.183968745932,0.0260447803141,1,0.2,30,15,3,10,20,0.00020079297222,2.15599812238e-05,0.00020079297222,0.00258269135817,0.00277257144034,0.00169387346156,0.00020079297222,2.15599812238e-05,0.00020079297222,0.203809871083,0.584494181391,0.203800519415
265,0.140280858643,0.0367687525439,0.0447444174726,0.00938763821409,0.00898634584391,0.057879248208,0.405467979016,0.0282850313825,0.228090194955,0.0169282268797,0.0204292400264,0.0027520668147,1,0.2,30,15,3,10,20,0.00306228497396,0.000328810345355,0.00306228497396,0.113512747416,0.0618662442543,0.00318511978208,0.00306228497396,0.000328810345355,0.00306228497396,0.166097629228,0.476341490775,0.166090007958
266,0.0302780888257,0.00547524007977,0.120527863428,0.0236728351196,0.0371838596039,0.0236008771922,0.175248590622,0.138689700641,0.129794896482,0.0986416345037,0.0388385450485,0.178047868454,1,0.2,30,15,3,10,20,1.90657885441e-05,2.04717345673e-06,1.90657885441e-05,0.00360187470964,0.000366259575148,0.000878555970922,1.90657885441e-05,2.04717345673e-06,1.90657885441e-05,0.204419670931,0.586242990029,0.204410291283
267,0.0145639230873,0.331529118907,0.0955874184883,0.0877580903803,0.0497760636059,0.00420065554481,0.166603065148,0.057801095374,0.005035148153,0.121318426077,0.0258407191721,0.0399862760628,1,0.2,30,15,3,10,20,9.69568324997e-05,1.04106606177e-05,9.69568324997e-05,3.22361897715e-05,0.00339965488628,0.00011960810866,9.69568324997e-05,1.04106606177e-05,9.69568324997e-05,0.204618302964,0.586812634998,0.204608914202
268,0.0866076387573,0.0869345052751,0.03998682879,0.184589726114,0.105139528509,0.151519059872,0.00954597428858,0.094236698682,0.0513054010986,0.00102014327227,0.0133421440139,0.175772351327,1,0.2,30,15,3,10,20,4.76982056219e-05,5.1215558306e-06,4.76982056219e-05,0.0557272112547,0.00132217280585,0.000232217911986,4.76982056219e-05,5.1215558306e-06,4.76982056219e-05,0.193623079164,0.55528008802,0.193614194909
269,0.0680809567483,0.180542492262,0.0675333204048,0.0272035219486,0.0635170075289,0.00173444418123,0.03667893248,0.11825299628,0.0474934541195,0.367792330663,0.0135715618943,0.00759898148919,1,0.2,30,15,3,10,20,9.36109047951e-10,1.00513943661e-10,9.36109047951e-10,0.0142139673498,8.41393135305e-08,0.003238750799,9.36109047951e-10,1.00513943661e-10,9.36109047951e-10,0.201846481277,0.578863492792,0.201837219698
270,0.0164555836247,0.0300028859459,0.0432855936427,0.0155991595363,0.528129307193,0.0634968206085,0.00388480943526,0.00969454601682,0.055915442209,0.0334697575743,0.094871878429,0.105194215785,1,0.2,30,15,3,10,20,0.000140707618778,1.51083655237e-05,0.000140707618778,0.0126986992103,0.000369298839198,0.00699764100444,0.000140707618778,1.51083655237e-05,0.000140707618778,0.201187891433,0.576974762234,0.201178660073
271,0.0279223782239,0.0619451609427,0.0688939617173,0.0305278860484,0.0413221903377,0.344267826855,0.120215266527,0.0629320706527,0.0364154614688,0.00298348741593,0.0312431668964,0.171331142913,1,0.2,30,15,3,10,20,9.76090246094e-06,1.04806892123e-06,9.76090246094e-06,0.00515992843561,0.0108089434772,0.000296474992621,9.76090246094e-06,1.04806892123e-06,9.76090246094e-06,0.202081971821,0.579538842089,0.202072699437
272,0.104679348116,0.30406339966,0.0861206184833,0.0261688251592,0.103501246377,0.0462018807132,0.0725239609642,0.0341197009484,0.0935611973643,0.000433159282017,0.0461486324518,0.0824780304814,1,0.2,30,15,3,10,20,0.000363666367805,3.90483789095e-05,0.000363666367805,0.0793186783167,0.00231998441399,0.0147892966583,0.000363666367805,3.90483789095e-05,0.000363666367805,0.185307591808,0.53143259747,0.185299089104
273,0.0565054299752,0.0132857649497,0.184659377021,0.144526747335,0.0337891781764,0.00154124142344,0.332076265213,0.0386801412541,0.0639690938891,0.0709260985047,0.0318333887082,0.0282072735497,1,0.2,30,15,3,10,20,0.000575653224076,6.18102942811e-05,0.000575653224076,0.0393274812179,0.00494258180555,0.0080519471351,0.000575653224076,6.18102942811e-05,0.000575653224076,0.194184810818,0.55689104475,0.194175900789
274,0.0123019955168,0.0200138070093,0.0140621652108,0.0104137681319,0.0740710195784,0.0458639625093,0.386805478127,0.132842548654,0.0590348170146,0.0635663710791,0.115263308712,0.0657607584565,1,0.2,30,15,3,10,20,4.23819948771e-05,4.55073204841e-06,4.23819948771e-05,0.00378797653697,5.95627825712e-05,0.00147367551771,4.23819948771e-05,4.55073204841e-06,4.23819948771e-05,0.204302000285,0.585905529398,0.204292626036
275,0.00237871840017,0.00701477670106,0.173446797368,0.194834204828,0.0736129321935,0.0319451389947,0.143686935803,0.0626435905506,0.0136473970955,0.0182550891496,0.214805125033,0.063729293883,1,0.2,30,15,3,10,20,3.77440165557e-05,4.05273291816e-06,3.77440165557e-05,1.63157346023e-07,0.000326558193388,0.000598572801155,3.77440165557e-05,4.05273291816e-06,3.77440165557e-05,0.205209078139,0.588506883908,0.205199662269
276,0.142926115859,0.0509132812809,0.0181643267971,0.177198424227,0.0603895852354,0.00579181578127,0.220940956283,0.090792114665,0.0235566454578,0.00255141839464,0.163062201423,0.0437131145955,1,0.2,30,15,3,10,20,0.000291106830652,3.12573579323e-05,0.000291106830652,0.00136983633537,0.000535906655628,0.0016520290896,0.000291106830652,3.12573579323e-05,0.000291106830652,0.204448910793,0.586326845285,0.204439529803
277,0.031646696074,0.123311547402,0.0303866202201,0.126855999147,0.0101808223648,0.142414886405,0.0491745726166,0.10215128467,0.0571938085243,0.0997115833276,0.0344654233245,0.192506755924,1,0.2,30,15,3,10,20,1.52602287908e-05,1.63855458965e-06,1.52602287908e-05,0.00461666823012,0.00464434803308,3.63843450439e-05,1.52602287908e-05,1.63855458965e-06,1.52602287908e-05,0.203508648318,0.583630322578,0.203499310471
278,0.128478181697,0.045089512278,0.0390853371744,0.0508308113909,0.290212275684,0.0131733382515,0.12325199631,0.0381734624204,0.0163864276456,0.0653663212991,0.0829816392704,0.106970696579,1,0.2,30,15,3,10,20,0.00015017315298,1.61247195197e-05,0.00015017315298,0.026936701587,0.00890913719701,0.000806738964356,0.00015017315298,1.61247195197e-05,0.00015017315298,0.197772210369,0.567179134098,0.197763135734
279,0.125804407163,0.0624437461754,0.00781859849426,0.0365414946875,0.0323306072617,0.0402213343231,0.180646907118,0.0732973061295,0.0637237547267,0.16549067483,0.00965405613673,0.202027112954,1,0.2,30,15,3,10,20,4.09879494019e-05,4.40104755528e-06,4.09879494019e-05,0.0428078987368,0.000209576876098,0.000693091742613,4.09879494019e-05,4.40104755528e-06,4.09879494019e-05,0.196416811854,0.563292067486,0.196407799412
280,0.0743754573953,0.0231490769418,0.19064133294,0.0723759510559,0.0422878569949,0.0784208755095,0.160270398005,0.00265589638483,0.10771190301,0.107796636258,0.0370834793445,0.103231136161,1,0.2,30,15,3,10,20,0.000124769788267,1.33970540034e-05,0.000124769788267,0.000470181236726,0.000913274264265,0.000807785935048,0.000124769788267,1.33970540034e-05,0.000124769788267,0.204873661553,0.587544962675,0.204864261074
281,0.0742549274368,0.0197404249115,0.25339517256,0.0465630962454,0.0580232827093,0.0866097728428,0.03718401098,0.27037754989,0.0165320257825,0.0134842159601,0.0499396957875,0.0738958248943,1,0.2,30,15,3,10,20,0.000129762616155,1.39331548157e-05,0.000129762616155,0.00421804496881,0.0148272296547,0.000939295881962,0.000129762616155,1.39331548157e-05,0.000129762616155,0.201214022154,0.577049700971,0.201204789595
282,0.140886535996,0.127256937385,0.0663660222132,0.100743036884,0.0597964242045,0.00691599064767,0.0435095836469,0.0608756240258,0.00957213414208,0.216986642583,0.0341823938575,0.132908674414,1,0.2,30,15,3,10,20,2.00595781925e-05,2.15388080771e-06,2.00595781925e-05,0.000425001122395,6.0570763946e-05,0.00230423145778,2.00595781925e-05,2.15388080771e-06,2.00595781925e-05,0.204841360535,0.587452328509,0.204831961538
283,0.0966453245481,0.108481423052,0.0213240758264,0.024302746511,0.236505261204,0.0679537223319,0.0695133187006,0.0769249485993,0.0764739987358,0.027706023839,0.122947718966,0.0712214376868,1,0.2,30,15,3,10,20,8.04967162069e-05,8.6432690886e-06,8.04967162069e-05,0.00264553054376,0.00626791446421,0.000247517020112,8.04967162069e-05,8.6432690886e-06,8.04967162069e-05,0.203480192557,0.583548715996,0.203470856016
284,0.186441711329,0.0124824457549,0.0777401507044,0.00214548778214,0.147947160625,0.145164356947,0.0922043279842,0.0173639524143,0.132455591979,0.0750574653216,0.0284377709685,0.0825595781902,1,0.2,30,15,3,10,20,0.000101154143726,1.08613434789e-05,0.000101154143726,0.0547337207109,0.000219532702056,0.010893966564,0.000101154143726,1.08613434789e-05,0.000101154143726,0.191817143989,0.550100954173,0.191808342599
285,0.0372946597714,0.0605189855189,0.0097667250526,0.00680984164001,0.0386259440868,0.156516993631,0.111179239033,0.224469018724,0.135544944316,0.0480311043406,0.144912688339,0.0263298555455,1,0.2,30,15,3,10,20,9.31320731192e-05,9.99998020639e-06,9.31320731192e-05,0.00012449474063,0.000181303640078,0.00216880209248,9.31320731192e-05,9.99998020639e-06,9.31320731192e-05,0.204842843895,0.587456582549,0.20483344483
286,0.0920732094818,0.0389870785645,0.068106520205,0.0559850422738,0.134120363804,0.233753814752,0.0431937247895,0.123631184304,0.0500894294196,0.0108246873124,0.0884552251164,0.0607797199766,1,0.2,30,15,3,10,20,3.9016939868e-05,4.18941201808e-06,3.9016939868e-05,0.00160047514419,0.010678524372,2.88115112454e-05,3.9016939868e-05,4.18941201808e-06,3.9016939868e-05,0.202869644562,0.581797761792,0.202860336035
287,0.140204219915,0.103725369534,0.168191348187,0.0278631665329,0.0730079330132,0.190955540834,0.0924359267378,0.025189669239,0.0492243152698,0.0629482403109,0.0544138171199,0.0118404533068,1,0.2,30,15,3,10,20,0.000171579268212,1.8423183641e-05,0.000171579268212,0.0358828536096,0.00203590819949,0.0196971185962,0.000171579268212,1.8423183641e-05,0.000171579268212,0.193447146113,0.55477554011,0.193438269931
288,0.048091230141,0.0103992267666,0.0165838973496,0.00602248810358,0.305500021949,0.046129469878,0.0869355415213,0.0870203185266,0.0885212662488,0.0299495422194,0.00457300873953,0.270273988557,1,0.2,30,15,3,10,20,7.18590638777e-08,7.7158082319e-09,7.18590638777e-08,0.0280417094089,0.00517997475639,3.50382673438e-05,7.18590638777e-08,7.7158082319e-09,7.18590638777e-08,0.19859979142,0.569552504467,0.198590678813
289,0.034143830313,0.117856082213,0.0872796156176,0.00307518991028,0.0655225700418,0.0096560142752,0.148417777273,0.137125893666,0.00555513478141,0.187639552058,0.0733853739462,0.130342965904,1,0.2,30,15,3,10,20,1.3092712817e-05,1.40581933413e-06,1.3092712817e-05,0.000353141067881,0.00063438596442,0.00055247048841,1.3092712817e-05,1.40581933413e-06,1.3092712817e-05,0.205104142664,0.588205945715,0.20509473161
290,0.021173908874,0.0232963757125,0.160001478969,0.0824245415072,0.129566538882,0.0210737851023,0.0656135162115,0.186004209024,0.0934123928551,0.0528844359224,0.0699951542036,0.0945536627352,1,0.2,30,15,3,10,20,8.53418404375e-08,9.16351034148e-09,8.53418404375e-08,1.02832806838e-05,0.00292025461947,0.00117860013674,8.53418404375e-08,9.16351034148e-09,8.53418404375e-08,0.20458762174,0.586724646143,0.204578234385
291,0.00581752284754,0.108843546352,0.0490247426053,0.193695562187,0.00716605343986,0.0780436003212,0.0654158360986,0.0351276914697,0.0136189608337,0.222445583001,0.146481097126,0.0743198037186,1,0.2,30,15,3,10,20,1.9089182935e-05,2.04968541033e-06,1.9089182935e-05,5.73983560905e-05,0.000259566547263,0.00032505874043,1.9089182935e-05,2.04968541033e-06,1.9089182935e-05,0.205283423088,0.588720093358,0.205274003808
292,0.124939629499,0.228552915353,0.0297609812991,0.0425977041336,0.00350407326665,0.0768907988433,0.0600441405029,0.0144193656739,0.0154241585895,0.15742752109,0.151388601703,0.095050110046,1,0.2,30,15,3,10,20,7.74026516288e-06,8.31104643423e-07,7.74026516288e-06,0.00551565229699,0.000563567232288,0.000629439621167,7.74026516288e-06,8.31104643423e-07,7.74026516288e-06,0.20404696936,0.585174141407,0.204037606813
293,0.0777184227945,0.0482851796975,0.0508108626359,0.229036313542,0.103461842097,0.061668195655,0.00568414126886,0.0568345595488,0.0550284398514,0.0729174060136,0.0176102414876,0.220944395408,1,0.2,30,15,3,10,20,4.66856648814e-05,5.01283509644e-06,4.66856648814e-05,0.0321140682613,0.00658565368289,0.000164865809405,4.66856648814e-05,5.01283509644e-06,4.66856648814e-05,0.197407397047,0.566132907717,0.197398339152
294,0.214572246631,0.098021919579,0.0147463658145,0.082873410837,0.0308178228481,0.00162178232936,0.0251345445008,0.00532256853826,0.185276928488,0.0470297827644,0.293537833872,0.00104479379744,1,0.2,30,15,3,10,20,0.000176678148486,1.89706717416e-05,0.000176678148486,0.0502666647718,0.000297752118715,0.000137745034098,0.000176678148486,1.89706717416e-05,0.000176678148486,0.194863029213,0.55883606686,0.194854088064
295,0.0358350004221,0.00208840102977,0.0147430189442,0.0472245907261,0.0565725378936,0.100910254049,0.00620847254358,0.345040305593,0.0347093664214,0.146152093269,0.167119610066,0.043396349042,1,0.2,30,15,3,10,20,0.000218459210795,2.34568791468e-05,0.000218459210795,0.0391132006277,0.000413109267891,0.000282232617194,0.000218459210795,2.34568791468e-05,0.000218459210795,0.197064749668,0.565150249722,0.197055707495
296,0.266878096997,0.128260171104,0.0612610421236,0.0484527737831,0.00969988144488,0.0108955920222,0.0508880524502,0.0740624631647,0.120096590319,0.11928285947,0.106401002622,0.0038214744993,1,0.2,30,15,3,10,20,4.90348350021e-08,5.26507531747e-09,4.90348350021e-08,0.0177972274412,0.00884604334854,2.30973482239e-07,4.90348350021e-08,5.26507531747e-09,4.90348350021e-08,0.199958377295,0.573448711922,0.19994920235
297,0.02395442498,0.147589071946,0.0375635691891,0.410013261471,0.0630686439262,0.0526524955234,0.109398516383,0.0616861449586,0.0125273460535,0.0118996141969,0.0588281096943,0.0108188016787,1,0.2,30,15,3,10,20,0.000846771967002,9.09214476361e-05,0.000846771967002,0.00327838136592,0.00500271139993,0.0127900569371,0.000846771967002,9.09214476361e-05,0.000846771967002,0.200369986282,0.574629140801,0.200360792451
298,0.0411251041993,0.183279127057,0.00155986611632,0.0962239844035,0.0286967854705,0.117669180042,0.0211899880376,0.0886924630062,0.0549315885648,0.0571530679695,0.108686208689,0.200792636444,1,0.2,30,15,3,10,20,1.65871291995e-05,1.78102943616e-06,1.65871291995e-05,0.0467972567621,1.55173657253e-05,0.00048208582992,1.65871291995e-05,1.78102943616e-06,1.65871291995e-05,0.19570161131,0.561240986473,0.195692631684
299,0.17799254145,0.208688969085,0.113452319685,0.010893660435,0.0357303993461,0.0783851191114,0.0497217145852,0.00472701689006,0.0242567378961,0.00641292620476,0.104032230001,0.185706365311,1,0.2,30,15,3,10,20,7.39554515506e-05,7.94090614427e-06,7.39554515506e-05,0.00386945678801,0.000337483222453,0.00147644079391,7.39554515506e-05,7.94090614427e-06,7.39554515506e-05,0.20420026219,0.585613760778,0.204190892609
300,0.0498702816228,0.10206914214,0.110427946797,0.0810472804398,0.00738421558052,0.0204673926743,0.158024059822,0.214243760523,0.0450524138887,0.0108826638529,0.180287495544,0.0202433471144,1,0.2,30,15,3,10,20,0.000155510918693,1.6697857749e-05,0.000155510918693,0.0483999577922,0.00124327784481,0.00127024422639,0.000155510918693,1.6697857749e-05,0.000155510918693,0.194837945288,0.558764130167,0.194829005291
301,0.0801615451716,0.117625388809,0.00670590091543,0.162064589533,0.0778776862253,0.0904945685451,0.168408124455,0.0833834558773,0.00640555773927,0.0820863724656,0.0949778348759,0.029808975387,1,0.2,30,15,3,10,20,0.000341680223445,3.66876346347e-05,0.000341680223445,0.00162396281426,0.00111155642924,0.00067771718618,0.000341680223445,3.66876346347e-05,0.000341680223445,0.204434814373,0.586286419004,0.20442543403
302,0.164924240875,0.000563531616211,0.0585696879696,0.0509373039175,0.0367571827553,0.0990792097981,0.121778743976,0.0720154086722,0.0271603535644,0.144806233254,0.0111180778783,0.212290025723,1,0.2,30,15,3,10,20,2.23859399981e-05,2.40367200455e-06,2.23859399981e-05,4.19114062721e-05,5.25944391388e-05,0.000978119700948,2.23859399981e-05,2.40367200455e-06,2.23859399981e-05,0.20519210927,0.588458219901,0.205182694179
303,0.060953097986,0.0141603791332,0.00958000027001,0.154209957393,0.221350351071,0.00397095234598,0.0168681242109,0.00344690144558,0.0299859712309,0.10201521287,0.287123547963,0.0963355040808,1,0.2,30,15,3,10,20,2.03384830814e-09,2.18382799212e-10,2.03384830814e-09,0.0177005679099,4.87448441531e-09,0.00173937726649,2.03384830814e-09,2.18382799212e-10,2.03384830814e-09,0.201438256898,0.577692770429,0.20142901405
304,0.151993373581,0.0289845805094,0.0246168721665,0.27795944581,0.0630092458863,0.0225484516184,0.0136457248021,0.0842601027987,0.127440956488,0.187674142895,0.00379639089444,0.0140707125495,1,0.2,30,15,3,10,20,0.000105280940935,1.13044549552e-05,0.000105280940935,0.000416173626534,0.00238625592265,0.000833240512509,0.000105280940935,1.13044549552e-05,0.000105280940935,0.204593804211,0.586742376482,0.204584416572
305,0.0105489846889,0.036606819333,0.137939567816,0.00209792872123,0.056021563045,0.0552384502419,0.0645500949914,0.22159649895,0.0630514801764,0.0227779849274,0.0726812371991,0.256889389909,1,0.2,30,15,3,10,20,4.04090415318e-05,4.33888779604e-06,4.04090415318e-05,0.0164963362655,1.04142875133e-05,0.00142990325173,4.04090415318e-05,4.33888779604e-06,4.04090415318e-05,0.201712095671,0.578478096324,0.201702840258
306,0.0864797016493,0.0510499720896,0.139887208566,0.0622762939711,0.284762223171,0.0402541837881,0.0796549752404,0.00427205032159,0.0972662889582,0.0765667172592,0.0718316675109,0.00569871747492,1,0.2,30,15,3,10,20,0.000302601089396,3.24915445673e-05,0.000302601089396,0.00162739052161,0.00464457750302,0.00139616249549,0.000302601089396,3.24915445673e-05,0.000302601089396,0.203594560052,0.583876703718,0.203585218263
307,0.0212089457655,0.123471841493,0.00108174964536,0.214130883904,0.288628878454,0.0197549780395,0.0590387294523,0.00229373344584,0.0648932324778,0.0723885117931,0.0299116119513,0.103196903579,1,0.2,30,15,3,10,20,3.3151923869e-05,3.55966072042e-06,3.3151923869e-05,0.00145198474545,0.00085955301086,0.00629172475169,3.3151923869e-05,3.55966072042e-06,3.3151923869e-05,0.203635754979,0.583994844195,0.2036264113
308,0.00757851564851,0.0188880915271,0.1979874255,0.0238114950995,0.0307227376496,0.138371990974,0.14642718379,0.156571671662,0.0295019857789,0.141138920482,0.0931917770618,0.0158082048266,1,0.2,30,15,3,10,20,5.64609601068e-05,6.06244942899e-06,5.64609601068e-05,0.0134737325404,0.00599839427138,0.00237514643301,5.64609601068e-05,6.06244942899e-06,5.64609601068e-05,0.200894831461,0.576134313007,0.200885613547
309,0.0462098898388,0.0694791785118,0.126723729044,0.015410465325,0.0801369901321,0.0284332371683,0.0395341518033,0.175740751213,0.0267961973162,0.214495733122,0.0612310448742,0.115808631651,1,0.2,30,15,3,10,20,1.26393337292e-05,1.35713812525e-06,1.26393337292e-05,0.0316291565089,6.9283011768e-05,6.90119603368e-05,1.26393337292e-05,1.35713812525e-06,1.26393337292e-05,0.19889485363,0.570398695793,0.198885727484
310,0.0272331923924,0.0655859362749,0.106564893978,0.210596609177,0.0370975892829,0.156166611783,0.0240450703928,0.0693360270889,0.0640422408335,0.0878382485113,0.0373452477026,0.114148332582,1,0.2,30,15,3,10,20,8.47539738861e-05,9.10038865117e-06,8.47539738861e-05,0.0198103983133,0.00982026673534,1.75176354914e-05,8.47539738861e-05,9.10038865117e-06,8.47539738861e-05,0.199267778932,0.571468186037,0.199258635674
311,0.0720224342318,0.248248440037,0.0514144028546,0.0891170436793,0.0353135017021,0.0680580984401,0.0155019879878,0.0129908498069,0.036881459104,0.00221136723887,0.000497001639476,0.367743413278,1,0.2,30,15,3,10,20,2.21711892366e-05,2.38061331711e-06,2.21711892366e-05,0.0197483698326,0.000122744583002,0.00145516810561,2.21711892366e-05,2.38061331711e-06,2.21711892366e-05,0.201031549122,0.576526397438,0.201022324935
312,0.00658245698162,0.0201864141798,0.175906376124,0.00752963618661,0.0389242427321,0.177904250504,0.192325541861,0.116309620372,0.0943217790598,0.0397921134075,0.0337929588162,0.0964246097751,1,0.2,30,15,3,10,20,0.000254920851209,2.73719179753e-05,0.000254920851209,0.0114732495093,0.00121576201706,0.0079923011155,0.000254920851209,2.73719179753e-05,0.000254920851209,0.200962521685,0.576328437767,0.200953300666
313,0.0564774376069,0.0491771936553,0.030398424285,0.193233629596,0.0477145109557,0.00716149299891,0.20513192598,0.0271648886263,0.0819857296462,0.181727321654,0.116816230689,0.00301121430612,1,0.2,30,15,3,10,20,2.31228722659e-05,2.48279950429e-06,2.31228722659e-05,0.000204539681251,3.85537765579e-05,0.00219126515956,2.31228722659e-05,2.48279950429e-06,2.31228722659e-05,0.204911727867,0.587654130787,0.204902325641
314,0.00456758185333,0.0577512699669,0.0347966099396,0.214541434183,0.0257986815809,0.10657660141,0.0607089620979,0.0676939942081,0.0633954861362,0.267076212669,0.00145683868211,0.0956363272735,1,0.2,30,15,3,10,20,2.81620238048e-06,3.02387428077e-07,2.81620238048e-06,0.00117128099166,0.000224527832485,0.00284052737956,2.81620238048e-06,3.02387428077e-07,2.81620238048e-06,0.204559126688,0.586642926883,0.204549740641
315,0.205363910018,0.0017917771142,0.0131521648306,0.0906362866141,0.151675804207,0.234755525043,0.00859149732878,0.0814345437607,0.0813026884548,0.0708379204618,0.0209026211465,0.03955526102,1,0.2,30,15,3,10,20,0.000132148097852,1.41892939625e-05,0.000132148097852,0.00103203836893,0.00990189461291,5.80113674896e-06,0.000132148097852,1.41892939625e-05,0.000132148097852,0.203070054113,0.582372504398,0.203060736391
316,0.00251111030208,0.0789957116854,0.144248979902,0.070051179528,0.0899751362073,0.0881055270319,0.0764928649924,0.0431200382673,0.266002562447,0.0325517525196,0.107880872771,6.42643469436e-05,1,0.2,30,15,3,10,20,0.000351175256522,3.77071560482e-05,0.000351175256522,0.000611197002329,0.000371552612575,0.00412002072876,0.000351175256522,3.77071560482e-05,0.000351175256522,0.204079509094,0.585267460171,0.204070145054
317,0.0875498086019,0.0326655579596,0.310468542782,0.160881834333,0.0624274366101,0.0238201910389,0.0243563378727,0.0495417550841,0.00801725126428,0.0253830497054,0.100473100955,0.114415133793,1,0.2,30,15,3,10,20,3.74167950394e-05,4.01759777538e-06,3.74167950394e-05,0.0172461567602,0.00183569783123,0.00623294023734,3.74167950394e-05,4.01759777538e-06,3.74167950394e-05,0.200198981377,0.574138726027,0.200189795392
318,0.0369075862203,0.042347681845,0.242541181279,0.0096217682835,0.0361661287323,0.149772667412,0.00722938801421,0.0705865464761,0.121663164004,0.165431260782,0.103124601878,0.0146080250732,1,0.2,30,15,3,10,20,0.000142200014867,1.52686103336e-05,0.000142200014867,0.0568562406762,2.91994604439e-05,0.00224281255981,0.000142200014867,1.52686103336e-05,0.000142200014867,0.193161894522,0.553957484073,0.193153031428
319,0.0533950001575,0.0637374934933,0.152059182524,0.0879658431074,0.0276801205547,0.114069833182,0.126266035846,0.000603051194387,0.00526241431146,0.0829103568283,0.268840715137,0.0172099536638,1,0.2,30,15,3,10,20,1.52914997103e-05,1.64191227907e-06,1.52914997103e-05,0.0290854081712,0.00189616984381,0.000309635746691,1.52914997103e-05,1.64191227907e-06,1.52914997103e-05,0.198990391662,0.57067268362,0.198981261132
320,0.0254250428337,0.0466182232971,0.420475945071,0.0272856261535,0.00716077971126,0.142371173284,0.00486380384655,0.0769771811524,0.0253674841228,0.0433226430249,0.0935071450441,0.0866249524584,1,0.2,30,15,3,10,20,0.000195688013485,2.10118404534e-05,0.000195688013485,0.0868898312397,0.000192895915153,0.00170861365345,0.000195688013485,2.10118404534e-05,0.000195688013485,0.187021839412,0.536348785995,0.18701325805
321,0.0115988779335,0.121608672623,0.276411819529,0.106997791818,0.0745582217961,0.114304438919,0.032708626017,0.132891263205,0.0480014046666,0.0255669778908,0.0524786527831,0.00287325281904,1,0.2,30,15,3,10,20,0.00197154944219,0.000211693509416,0.00197154944219,0.116834033298,0.00218836744187,0.0064402077475,0.00197154944219,0.000211693509416,0.00197154944219,0.17795077517,0.510334421528,0.177942610028
322,0.0235758428326,0.0534846261772,0.0205856824266,0.218200064069,0.0207246669871,0.170589854938,0.0693606557578,0.0205416946813,0.0885077116171,0.258441816784,0.0534548034267,0.00253258030233,1,0.2,30,15,3,10,20,1.11644241956e-06,1.19877091997e-07,1.11644241956e-06,0.0503627830262,0.00518187611966,0.000428538410958,1.11644241956e-06,1.19877091997e-07,1.11644241956e-06,0.193932199613,0.556166596131,0.193923301175
323,0.361473872923,0.0506888189815,0.139553026096,0.0372129857124,0.0294111382763,0.0579093660697,0.0249050648596,0.114492092716,0.0736510401129,0.0758857247677,0.0344418933827,0.000374976102676,1,0.2,30,15,3,10,20,0.000602683347988,6.47126317363e-05,0.000602683347988,0.0452803189873,0.00945978484887,0.00210600378175,0.000602683347988,6.47126317363e-05,0.000602683347988,0.193232013279,0.554158573479,0.193223146969
324,0.0116236300021,0.047029448946,0.125286895853,0.23814280955,0.00541634148038,0.0459173474884,0.0185670799041,0.00335957522405,0.0473424842689,0.118983356235,0.0304676231869,0.30786340786,1,0.2,30,15,3,10,20,9.80456843372e-06,1.05275751936e-06,9.80456843372e-06,5.29231888851e-06,0.000252943207624,0.000417169610236,9.80456843372e-06,1.05275751936e-06,9.80456843372e-06,0.20528460449,0.588723481429,0.205275185155
325,0.0850621841238,0.0431851511882,0.0879267812291,0.0136049327841,0.10915038225,0.123132291135,0.00527738620541,0.154181170592,0.133942215514,0.121484353864,0.044741299722,0.0783118513931,1,0.2,30,15,3,10,20,2.84494455182e-05,3.05473595225e-06,2.84494455182e-05,0.000773700846939,0.000291560154414,0.00247980417842,2.84494455182e-05,3.05473595225e-06,2.84494455182e-05,0.204678941391,0.586986536328,0.204669549847
326,0.00522004810394,0.0105784887088,0.00690427301329,0.171276178391,0.0133218806912,0.130687351911,0.0788930083564,0.0824809228247,0.0865880852384,0.0507975515317,0.00184541282565,0.361406798404,1,0.2,30,15,3,10,20,1.05207343264e-06,1.12965524654e-07,1.05207343264e-06,1.34169117454e-06,2.03741783e-06,0.000173387581238,1.05207343264e-06,1.12965524654e-07,1.05207343264e-06,0.205394618997,0.589038985475,0.205385194613
327,0.0424758410413,0.0981008693684,0.371489867179,0.028249142032,0.0508925566125,0.00686855464163,0.191502533778,0.0367426628694,0.0304243059365,0.00840518442669,0.0374175358245,0.0974309462902,1,0.2,30,15,3,10,20,0.000845261331067,9.07592443376e-05,0.000845261331067,0.0319262830018,0.00626412001194,0.0108871483037,0.000845261331067,9.07592443376e-05,0.000845261331067,0.194617887545,0.558133039681,0.194608957644
328,0.0865955022312,0.0025210984355,0.0677697238338,0.00148787592746,0.117007369479,0.0669942026014,0.196699225592,0.114842935119,0.00459149392125,0.0810235022356,0.203456197247,0.0570108733766,1,0.2,30,15,3,10,20,4.94496288312e-05,5.30961346573e-06,4.94496288312e-05,0.000969880099029,0.00136911460927,0.000878556292622,4.94496288312e-05,5.30961346573e-06,4.94496288312e-05,0.20472804036,0.587127344334,0.204718646563
329,0.0317263056324,0.12215680071,0.000237275314091,0.0502663477186,0.150294866716,0.0785693123994,0.0186163897619,0.0942441869322,0.205167290474,0.10260979977,0.0876567483147,0.058454676257,1,0.2,30,15,3,10,20,5.24089055759e-05,5.6273633867e-06,5.24089055759e-05,0.0398277943695,0.000101761761442,0.0073026559033,5.24089055759e-05,5.6273633867e-06,5.24089055759e-05,0.195683465135,0.56118894614,0.195674486341
330,0.111936578569,0.0839447047469,0.0203011147179,0.0438201597358,0.118614366822,0.00651172985302,0.0720222416309,0.0298879838643,0.0576132970713,0.0434406362005,0.307543424806,0.104363761982,1,0.2,30,15,3,10,20,1.07308628785e-07,1.15221762802e-08,1.07308628785e-07,0.00561099176269,0.00272040888665,2.23770555969e-06,1.07308628785e-07,1.15221762802e-08,1.07308628785e-07,0.203719755832,0.584235745235,0.203710408299
331,0.0352051306722,0.189499243916,0.115970730072,0.0321029456467,0.00952276278849,0.12323293757,0.00586319120099,0.247606746433,0.0618529372057,0.154416612497,0.0117707250668,0.0129560369309,1,0.2,30,15,3,10,20,0.000396097860606,4.25306839329e-05,0.000396097860606,0.014535602765,0.0062928950687,0.000621825379721,0.000396097860606,4.25306839329e-05,0.000396097860606,0.200682305226,0.575524821686,0.200673097064
332,0.12357155459,0.0587973927642,0.0639318162001,0.00449637379721,0.0245577310467,0.0719140484764,0.209611411092,0.0300123205638,0.015031297659,0.00520413857321,0.0207423281748,0.372129587063,1,0.2,30,15,3,10,20,3.18784705369e-06,3.42292471006e-07,3.18784705369e-06,0.00611824250942,0.000124365032266,0.00273458242957,3.18784705369e-06,3.42292471006e-07,3.18784705369e-06,0.203584882573,0.583848950254,0.203575541229
333,0.192025541169,0.211841271234,0.0855624555863,0.0057647835469,0.0279605674122,0.0634474203336,0.00371513460503,0.05295923819,0.125449385944,0.153538455234,0.0306113746192,0.047124372126,1,0.2,30,15,3,10,20,5.83084571905e-05,6.26082291784e-06,5.83084571905e-05,0.00800149727675,0.00123211278558,0.000904475713604,5.83084571905e-05,6.26082291784e-06,5.83084571905e-05,0.203298671785,0.583028143392,0.203289343572
334,0.111215338323,0.160939959993,0.0284268338424,0.0829199411574,0.0198904179407,0.0306315279376,0.0897708238697,0.00580450251445,0.0756256144351,0.138724125001,0.0664438863935,0.189607028593,1,0.2,30,15,3,10,20,4.82555604251e-05,5.1814013469e-06,4.82555604251e-05,0.0330407385933,0.000530087311203,0.000447991346235,4.82555604251e-05,5.1814013469e-06,4.82555604251e-05,0.198401513331,0.568983874553,0.198392409821
335,0.156651955913,0.0164524139112,0.110786839372,0.0124949821339,0.0102759789228,0.204424513964,0.00124794152676,0.0591835905681,0.0810448813812,0.0843170531203,0.210308805259,0.0528110439267,1,0.2,30,15,3,10,20,3.22300337382e-05,3.46067352136e-06,3.22300337382e-05,0.0520703301886,2.07677287376e-05,3.4850572823e-05,3.22300337382e-05,3.46067352136e-06,3.22300337382e-05,0.194695607579,0.558355928336,0.194686674113
336,0.0327476572874,0.0180398687234,0.0818839623437,0.0153401554122,0.120405930419,0.150593651086,0.101533368689,0.277329064882,0.0735003065485,0.0291159429935,0.0102301646491,0.0892799269658,1,0.2,30,15,3,10,20,0.000715917769102,7.6871085123e-05,0.000715917769102,0.0052290763066,0.00931288939953,0.000374867208761,0.000715917769102,7.6871085123e-05,0.000715917769102,0.201747578185,0.57857985451,0.201738321144
337,0.263448929897,0.0217223836891,0.0478814026198,0.0511211915341,0.0852241912441,0.13160634019,0.112066770325,0.0434103584398,0.0921520177796,0.0569063549408,0.0233683880164,0.0710916713238,1,0.2,30,15,3,10,20,2.8475191939e-05,3.05750045313e-06,2.8475191939e-05,0.00138792673871,0.00822512159784,0.00272600662391,2.8475191939e-05,3.05750045313e-06,2.8475191939e-05,0.202872353567,0.581805530787,0.202863044916
338,0.0651717686636,0.049318483415,0.0455395527925,0.194002849771,0.103745424747,0.0119157605611,0.139918340323,0.0265720343862,0.0365540586067,0.153987992182,0.0053105831748,0.167963151378,1,0.2,30,15,3,10,20,3.54481852347e-05,3.80621990714e-06,3.54481852347e-05,7.01897850742e-05,2.46345524772e-05,0.00121934994741,3.54481852347e-05,3.80621990714e-06,3.54481852347e-05,0.205131177607,0.588283477616,0.205121765312
339,0.0168899454565,0.121355600132,0.0112891158228,0.0576080225526,0.0105290543182,0.0296823575545,0.0615900029255,0.11420257923,0.00999963374977,0.17002600676,0.036694329314,0.360133352185,1,0.2,30,15,3,10,20,4.83186265558e-06,5.18817302112e-07,4.83186265558e-06,0.000299901651247,0.000572201587002,0.000144754728172,4.83186265558e-06,5.18817302112e-07,4.83186265558e-06,0.205218764791,0.58853466368,0.205209348477
340,0.109870853801,0.0431533050296,0.0978666163672,0.0205713383104,0.00409881222501,0.0030211247304,0.311872563153,0.000387953390397,0.0460594974857,0.0261171126423,0.243958528587,0.0930222942792,1,0.2,30,15,3,10,20,1.66747384644e-05,1.79043640935e-06,1.66747384644e-05,0.00148475790571,0.00284777789285,8.77998326736e-05,1.66747384644e-05,1.79043640935e-06,1.66747384644e-05,0.204509328023,0.586500112258,0.204499944261
341,0.0599604035102,0.0042359754178,0.0732384152217,0.230331734109,0.0443011542605,0.149084849827,0.0728272458294,0.0219823657251,0.041267857126,0.118002602713,0.0169223334618,0.167845062799,1,0.2,30,15,3,10,20,1.57920770551e-05,1.69566136219e-06,1.57920770551e-05,0.0499960673413,0.00290922181224,0.000131856886316,1.57920770551e-05,1.69566136219e-06,1.57920770551e-05,0.194522651285,0.557859917289,0.194513725755
342,0.0179238375775,0.0268489199605,0.0888363275106,0.00847851843132,0.0279473731924,0.0551982340894,0.0548554720582,0.131801459533,0.0230656885941,0.165852147939,0.195611877841,0.203580143272,1,0.2,30,15,3,10,20,1.93982345218e-05,2.08286957178e-06,1.93982345218e-05,0.00096315764159,0.000865263624375,0.000150288922044,1.93982345218e-05,2.08286957178e-06,1.93982345218e-05,0.205008557517,0.587931822769,0.204999150848
343,0.0760510511194,0.161956237751,0.0454562185299,0.1957169008,0.0110995298464,0.0399453812031,0.0705449886123,0.04718051183,0.26492695341,0.0175716605407,0.0467229163558,0.0228276500017,1,0.2,30,15,3,10,20,0.000359033047727,3.85508799542e-05,0.000359033047727,0.147631564776,0.0078528379527,0.000938995492642,0.000359033047727,3.85508799542e-05,0.000359033047727,0.172986629942,0.496098045311,0.172978692576
344,0.109754998205,0.0917971594922,0.0028135286947,0.0143099008411,0.0301839878246,0.205001653858,0.0583515441496,0.0933619866315,0.130529502145,0.0857290912512,0.043360268759,0.134806378147,1,0.2,30,15,3,10,20,0.000202136837809,2.17042776926e-05,0.000202136837809,0.00849829752252,0.00115221464154,0.0021025594815,0.000202136837809,2.17042776926e-05,0.000202136837809,0.202842369388,0.581719540947,0.202833062113
345,0.0960526079813,0.0241262178611,0.0706536689925,0.136178392838,0.24509009606,0.0310533240332,0.054078480634,0.0539183705394,0.0682814787194,0.115371846151,0.0395318235391,0.065663692651,1,0.2,30,15,3,10,20,0.000217560010732,2.33603282753e-05,0.000217560010732,0.000704893083866,0.000189743269612,0.00156692753942,0.000217560010732,2.33603282753e-05,0.000217560010732,0.204737786899,0.587155295854,0.204728392655
346,0.139631409019,0.0240029552235,0.102153875937,0.0383859570027,0.0541172549793,0.0528352605257,0.106749000042,0.038683230085,0.0879000087198,0.127854030603,0.039028679933,0.18865833793,1,0.2,30,15,3,10,20,1.57321156202e-05,1.68922305214e-06,1.57321156202e-05,7.45528198537e-06,0.000123693982648,0.000790697568351,1.57321156202e-05,1.68922305214e-06,1.57321156202e-05,0.20522884519,0.588563572655,0.205219428413
347,0.0396308107812,0.0508144918874,0.197727410509,0.132676801125,0.0410407989634,0.145047273016,0.00109719754212,0.0113957842724,0.00541893686765,0.156903997654,0.193040066737,0.0252064306445,1,0.2,30,15,3,10,20,0.000103998515585,1.11667555818e-05,0.000103998515585,0.0119555038341,0.00165668087308,0.000206720339449,0.000103998515585,1.11667555818e-05,0.000103998515585,0.202502953855,0.580746151371,0.202493662154
348,0.0221997241874,0.0980854802752,0.076411898684,0.116173151154,0.0375509081697,0.122386580658,0.253764073836,0.129922189219,0.0864603918962,0.0199686387424,0.0310620605122,0.00601490266631,1,0.2,30,15,3,10,20,1.638100313e-06,1.75889681797e-07,1.638100313e-06,3.67563840684e-06,0.000434658891778,1.93404375326e-06,1.638100313e-06,1.75889681797e-07,1.638100313e-06,0.205339979911,0.588882289299,0.205330558035
349,0.0176584344051,0.0470140173284,0.205016835183,0.00944039245407,0.0185893999822,0.119755086523,0.103866076717,0.049353820569,0.236061480383,0.0404370243574,0.145728243571,0.00707918852599,1,0.2,30,15,3,10,20,5.11038614478e-05,5.48723534044e-06,5.11038614478e-05,0.000194924925026,0.00384874253162,0.000587872437051,5.11038614478e-05,5.48723534044e-06,5.11038614478e-05,0.204436129709,0.586290191176,0.204426749305
350,0.0204637344044,0.0190278455327,0.11058961012,0.122031468164,0.0216258033005,0.065268409396,0.081478838354,0.0697476478877,0.340721104277,0.0729111005649,0.0268967789445,0.0492376590546,1,0.2,30,15,3,10,20,0.000353685225681,3.79766619345e-05,0.000353685225681,0.108078835428,0.00128262462117,0.0001312981178,0.000353685225681,3.79766619345e-05,0.000353685225681,0.182632308219,0.52376031112,0.182623928268
351,0.0183526586726,0.0926985362976,0.00903285639548,0.0482297136663,0.176119285084,0.16839928333,0.00753634723656,0.063117700835,0.00778896557276,0.0315750623204,0.366313566136,0.0108360244536,1,0.2,30,15,3,10,20,0.000276278507184,2.96651788235e-05,0.000276278507184,0.00741598265864,0.000543929076031,0.00183678762427,0.000276278507184,2.96651788235e-05,0.000276278507184,0.203180075469,0.582688028087,0.203170752698
352,0.0126742673111,0.032146142013,0.200866118871,0.0504385851788,0.00832434931336,0.171430684734,0.387102566427,0.00307508336211,0.0334866848308,0.000783517701672,0.0477137441869,0.0519582560706,1,0.2,30,15,3,10,20,0.00212698416601,0.000228383185804,0.00212698416601,0.0430139728972,0.00567516172191,0.00898526858948,0.00212698416601,0.000228383185804,0.00212698416601,0.191742048994,0.549885593713,0.191733251049
353,0.0212049062985,0.0588045380007,0.0559845813694,0.0420848714978,0.0166342911969,0.217202155308,0.11050356178,0.138161719776,0.274940364705,0.0116433399793,0.00767555202645,0.0451601180612,1,0.2,30,15,3,10,20,0.000936438771033,0.000100549347407,0.000936438771033,0.161415912922,0.0216948099705,0.0171014786181,0.000936438771033,0.000100549347407,0.000936438771033,0.163491072353,0.468866301675,0.163483570683
354,0.0359967874085,0.228863069069,0.105521690874,0.196709446683,0.00850295878944,0.00997728370419,0.0528794647384,0.039882346374,0.0965852431904,0.112491996648,0.0421023722657,0.0704873402558,1,0.2,30,15,3,10,20,7.64248377442e-05,8.20605446784e-06,7.64248377442e-05,5.91083125191e-05,0.00217362206503,2.95626767365e-05,7.64248377442e-05,8.20605446784e-06,7.64248377442e-05,0.204900924451,0.587623148314,0.204891522721
355,0.167922683709,0.0529835903834,0.0593630346366,0.00698280866241,0.065106746129,0.0533638991096,0.12166010756,0.085468284073,0.104936080093,0.0987987191775,0.140452924971,0.0429611214947,1,0.2,30,15,3,10,20,1.2217599317e-05,1.31185473756e-06,1.2217599317e-05,2.3449876294e-05,0.00233952681061,1.9827220002e-05,1.2217599317e-05,1.31185473756e-06,1.2217599317e-05,0.204931761106,0.587711582919,0.204922357961
356,0.0461327332439,0.0547175854228,0.0611330527874,0.187218471813,0.0926322428318,0.0162767530289,0.290007413189,0.0165663166761,0.00223991618098,0.0751131279484,0.0956894343323,0.062272952545,1,0.2,30,15,3,10,20,1.66211637264e-06,1.78468386566e-07,1.66211637264e-06,0.000397167538669,0.00437911522682,9.17672597232e-05,1.66211637264e-06,1.78468386566e-07,1.66211637264e-06,0.204430351811,0.586273621088,0.204420971673
357,0.178066014097,0.0137396544588,0.153090239768,0.012329740258,0.110171444848,0.0915778578381,0.0329286712464,0.0815403147058,0.00807039157882,0.0672827362375,0.191853149667,0.0593497852972,1,0.2,30,15,3,10,20,3.02004768513e-07,3.24275151e-08,3.02004768513e-07,0.0436877161575,6.93209809181e-06,0.000609308699554,3.02004768513e-07,3.24275151e-08,3.02004768513e-07,0.196330138397,0.563043501843,0.196321129931
358,0.249891349794,0.0466193426466,0.0297313072851,0.00688506085492,0.0474673002746,0.0810690434703,0.145653908922,0.0592146296944,0.0322704565737,0.0238553763831,0.0794811693642,0.197861054737,1,0.2,30,15,3,10,20,9.72447475202e-05,1.04415752577e-05,9.72447475202e-05,0.0422969047967,0.000688480100274,0.00180140543218,9.72447475202e-05,1.04415752577e-05,9.72447475202e-05,0.196147011801,0.562518323992,0.196138011737
359,0.0709537030184,0.0562438770647,0.0435099976707,0.0369804816988,0.112968129017,0.0860961768891,0.0394299793666,0.162618971619,0.0339216337348,0.192567889543,0.021413424266,0.143295736112,1,0.2,30,15,3,10,20,0.000134090865497,1.43978970501e-05,0.000134090865497,0.00346718079109,0.00262939911597,0.000269444526233,0.000134090865497,1.43978970501e-05,0.000134090865497,0.204007957592,0.585062261884,0.203998596835
360,0.00468860313475,0.128783156627,0.190137969684,0.0512088671358,0.0283756158047,0.120736300244,0.0251520804415,0.0185622451986,0.0248625868182,0.234542193506,0.034318116383,0.138632265023,1,0.2,30,15,3,10,20,4.66045927669e-06,5.00413004443e-07,4.66045927669e-06,5.79094644258e-09,0.000548192251102,2.58703914786e-06,4.66045927669e-06,5.00413004443e-07,4.66045927669e-06,0.205314659411,0.588809674147,0.205305238697
361,0.023076901199,0.0192585518018,0.0456389633675,0.0538738336091,0.0847475896699,0.336026027978,0.0184588989489,0.0315317411015,0.029597344692,0.0805366267409,0.0338133560489,0.243440164842,1,0.2,30,15,3,10,20,3.24518914345e-05,3.48449531011e-06,3.24518914345e-05,0.00369923752436,9.9529312282e-05,0.00354030317539,3.24518914345e-05,3.48449531011e-06,3.24518914345e-05,0.203896066493,0.584741376069,0.20388671087
362,0.00924614067291,0.0792984444732,0.162202809917,0.0911466541182,0.200213059001,0.0121115679156,0.0548839521531,0.0295410888504,0.105232903737,0.0612720847126,0.111955507642,0.0828957868062,1,0.2,30,15,3,10,20,5.3649808017e-05,5.76060427174e-06,5.3649808017e-05,0.0265546867515,0.000653536580299,0.00249796442024,5.3649808017e-05,5.76060427174e-06,5.3649808017e-05,0.199282794184,0.571511247385,0.199273650238
363,0.00898322666917,0.00166431010188,0.0026262550521,0.0913349418325,0.0286839041258,0.187880384201,0.0389105022565,0.0320680838644,0.327197703736,0.000539470245085,0.0298501019238,0.250261115992,1,0.2,30,15,3,10,20,4.19103066622e-05,4.50008491199e-06,4.19103066622e-05,0.0467790351692,0.000124722374512,0.00462085660381,4.19103066622e-05,4.50008491199e-06,4.19103066622e-05,0.1948107592,0.558686164806,0.19480182045
364,0.128430900588,0.100281479893,0.0154065702598,0.022432318386,0.0511609856353,0.100444783811,0.0693637865556,0.279072394028,0.0759400537065,0.0909013969787,0.041365237938,0.0252000922208,1,0.2,30,15,3,10,20,0.000462341318313,4.96435210436e-05,0.000462341318313,0.096799499777,0.000547584814131,0.00242808386955,0.000462341318313,4.96435210436e-05,0.000462341318313,0.184534531411,0.529215583634,0.184526064178
365,0.172878928427,0.0541299617352,0.0381197200005,0.0148908333084,0.0328557390639,0.0174150088606,0.00317529336103,0.234196645552,0.209750666238,0.0848190340573,0.135318661778,0.00244950761837,1,0.2,30,15,3,10,20,2.96440890418e-05,3.18300982385e-06,2.96440890418e-05,0.0555566058295,0.000351991618216,0.000693974599178,2.96440890418e-05,3.18300982385e-06,2.96440890418e-05,0.193778205573,0.555724965803,0.193769314201
366,0.0274579348484,0.00502324353482,0.026055601208,0.157746673818,0.153573816384,0.0578530795383,0.0495072502398,0.0109675127099,0.120431248222,0.22833488682,0.00249155065625,0.160557202021,1,0.2,30,15,3,10,20,4.97912016064e-06,5.3462895632e-07,4.97912016064e-06,0.000809078367716,0.00219793551487,0.000153238849191,4.97912016064e-06,5.3462895632e-07,4.97912016064e-06,0.204778315751,0.587271526132,0.204768919647
367,0.1041870144,0.150010827729,0.0344956727607,0.0565391849753,0.170378939346,0.074501047127,0.0688023011759,0.0316659000359,0.201525748661,0.0624338551248,0.0246957202668,0.0207637883977,1,0.2,30,15,3,10,20,0.000113046893845,1.21383177995e-05,0.000113046893845,0.109476582461,0.0118511442411,0.00465763827507,0.000113046893845,1.21383177995e-05,0.000113046893845,0.17945255674,0.514641291382,0.17944432269
368,0.0609972520432,0.00672455317707,0.0580170440261,0.0210190414382,0.135214717656,0.100825027164,0.162719640501,0.0678470372466,0.0386610823712,0.0236096243536,0.303298806312,0.0210661737099,1,0.2,30,15,3,10,20,1.25870266392e-05,1.35152169423e-06,1.25870266392e-05,0.00596299270387,7.07097711779e-06,0.00543354982835,1.25870266392e-05,1.35152169423e-06,1.25870266392e-05,0.203078279694,0.582396094052,0.203068961594
369,0.0739736681227,0.0528197839954,0.0158757228449,0.0506956266726,0.0861383063515,0.0320024090847,0.177211713143,0.244277698401,0.0420184482995,0.00297112570046,0.144084114071,0.0779313833131,1,0.2,30,15,3,10,20,0.000160196526724,1.72009710803e-05,0.000160196526724,0.0814011874926,7.94405704799e-05,0.000240992096517,0.000160196526724,1.72009710803e-05,0.000160196526724,0.188504915231,0.54060201074,0.18849626582
370,0.0581499516703,0.00535555785097,0.207026122828,0.134117496156,0.00995629723794,0.0722022773295,0.13664382819,0.0803554701719,0.0889585538989,0.0858979264018,0.0339789929882,0.0873575252765,1,0.2,30,15,3,10,20,9.03131446448e-05,9.69730006621e-06,9.03131446448e-05,0.0305610638131,0.0118598327042,0.00112714096333,9.03131446448e-05,9.69730006621e-06,9.03131446448e-05,0.196407492765,0.563265341825,0.19639848075
371,0.135251179885,0.086678149124,0.016990819783,0.183984142838,0.0820678040755,0.0469010658269,0.0828828195614,0.121273054553,0.154732859851,0.0369711081388,0.00411610674186,0.0481508896219,1,0.2,30,15,3,10,20,2.78284593098e-05,2.98805806584e-06,2.78284593098e-05,0.16696156708,0.0214516131637,0.000231165422325,2.78284593098e-05,2.98805806584e-06,2.78284593098e-05,0.166654192659,0.477937625868,0.166646545853
372,0.00574003914606,0.0271284261066,0.0120183297,0.110194503482,0.168142945036,0.0505701441444,0.101271682341,0.0752623488341,0.00572492498988,0.150761352846,0.0216274147894,0.271557888585,1,0.2,30,15,3,10,20,4.41617848597e-05,4.74183554264e-06,4.41617848597e-05,0.0219171471311,4.48266515939e-05,0.00144956143302,4.41617848597e-05,4.74183554264e-06,4.41617848597e-05,0.200584131402,0.575243274827,0.200574927745
373,0.0312938105133,0.0403016253899,0.133694397439,0.148771477326,0.0707802407142,0.0360743099048,0.141780585417,0.113501000751,0.0722527165461,0.0967673716655,0.10056790883,0.0142145555031,1,0.2,30,15,3,10,20,2.46436556763e-05,2.6460923796e-06,2.46436556763e-05,0.00517722332346,0.0082010385373,0.00109117540337,2.46436556763e-05,2.6460923796e-06,2.46436556763e-05,0.202438022714,0.580559939222,0.202428733992
374,0.0253283447326,0.0519157793887,0.0928757180958,0.0586743701183,0.0049228746089,0.233924460338,0.00733620302692,0.199844671821,0.0778889244064,0.0734711046389,0.0524463072184,0.121371241606,1,0.2,30,15,3,10,20,1.98821800274e-07,2.13483282477e-08,1.98821800274e-07,0.0623682024795,3.64703130389e-06,0.000241186969981,1.98821800274e-07,2.13483282477e-08,1.98821800274e-07,0.192568959779,0.552257041865,0.192560123892
375,0.238989574301,0.108864772988,0.129524253997,0.178664530671,0.0181039241991,0.072668193984,0.032961348372,0.0627248174901,0.00491927567472,0.0595471068384,0.0910577771845,0.00197442429907,1,0.2,30,15,3,10,20,0.000241243282102,2.59033001752e-05,0.000241243282102,0.0415606475349,0.0136916604205,8.2446450096e-05,0.000241243282102,2.59033001752e-05,0.000241243282102,0.193855443897,0.555946472988,0.193846548981
376,0.0614259846706,0.179762560471,0.0530403527741,0.0633711937601,0.136830436889,0.0249862209797,0.198253198895,0.0771980692143,0.0868408745292,0.0443221658734,0.0542054848872,0.0197634570567,1,0.2,30,15,3,10,20,0.000458299916539,4.92095788324e-05,0.000458299916539,0.0468062547974,0.0242658668855,0.00205965518531,0.000458299916539,4.92095788324e-05,0.000458299916539,0.190011431683,0.544922459478,0.190002713146
377,0.0621158519004,0.0745027764328,0.0590228999065,0.042735508885,0.00839065399135,0.300746199966,0.0962796236556,0.0317939150799,0.0901660919976,0.0198259481603,0.167552255675,0.0468682743497,1,0.2,30,15,3,10,20,6.11050773031e-06,6.5611077159e-07,6.11050773031e-06,0.0939915957203,0.000226603090831,9.21046505529e-05,6.11050773031e-06,6.5611077159e-07,6.11050773031e-06,0.186052213196,0.533568052765,0.186043676325
378,0.049166618953,0.0453952679951,0.0772124431819,0.117259953313,0.0620393056515,0.156099686258,0.0403580216939,0.00431854895032,0.0660296441222,0.0772637966793,0.259535353147,0.0453213600558,1,0.2,30,15,3,10,20,8.78370965291e-06,9.43143642421e-07,8.78370965291e-06,0.0351856316386,3.82243552562e-05,0.000355854234182,8.78370965291e-06,9.43143642421e-07,8.78370965291e-06,0.198115032655,0.5681622937,0.198105942291
379,0.0491311025034,0.0329866757613,0.162348996279,0.030967953686,0.171605205738,0.00156001328822,0.0385699898411,0.256603267622,0.1017530906,0.071077955073,0.0827629359722,0.00063281363522,1,0.2,30,15,3,10,20,1.8887927946e-05,2.02807582043e-06,1.8887927946e-05,0.0804501943803,0.00163417161509,0.0101972826942,1.8887927946e-05,2.02807582043e-06,1.8887927946e-05,0.186457900239,0.534731498455,0.186449344753
380,0.0128319671753,0.178966129333,0.160167524882,0.0333993611952,0.0137732441841,0.0281463871402,0.00724264146433,0.182788062778,0.0322639198225,0.283905397712,0.0599799953474,0.00653536896495,1,0.2,30,15,3,10,20,4.95161905219e-05,5.31676047285e-06,4.95161905219e-05,0.0365252628098,7.02217840743e-05,0.00112247407422,4.95161905219e-05,5.31676047285e-06,4.95161905219e-05,0.197640500382,0.566801410876,0.197631431791
381,0.223779141481,0.0370572135729,0.0465892524655,0.210311360273,0.181887903214,0.00768767835202,0.00110992824619,0.0396977329849,0.00143166214188,0.182944994625,0.0215219754671,0.0459811571781,1,0.2,30,15,3,10,20,0.000234808367382,2.52123564684e-05,0.000234808367382,0.0138162615297,0.00258401788635,0.00298486258968,0.000234808367382,2.52123564684e-05,0.000234808367382,0.201246210672,0.577142012504,0.201236976636
382,0.00247210865436,0.00034627478385,0.0287413268173,0.125726574506,0.000619342410176,0.478826696216,0.145987090224,0.00959884749821,0.0607494525825,0.0409705564527,0.0777092094399,0.0282525204153,1,0.2,30,15,3,10,20,5.58641976544e-05,5.99837254858e-06,5.58641976544e-05,0.000588625424228,0.00996648374889,0.000355950985045,5.58641976544e-05,5.99837254858e-06,5.58641976544e-05,0.203141994579,0.582578818172,0.203132673556
383,0.0108573457856,0.0429200955903,0.0344738366817,0.0714961879455,0.203967631878,0.0884032259855,0.0625724250301,0.0698999094276,0.176503110427,0.0745236623393,0.0954178504643,0.068964718446,1,0.2,30,15,3,10,20,0.000126597032349,1.35932528427e-05,0.000126597032349,0.00567265618003,0.000340249133085,0.0020417203722,0.000126597032349,1.35932528427e-05,0.000126597032349,0.203667553611,0.584086037596,0.203658208473
384,0.154396753567,0.010168266132,0.00937656295728,0.0126215492816,0.0735611440414,0.22583738218,0.0215111790497,0.0812806322178,0.0265278749771,0.0493026912553,0.21874034992,0.116675614422,1,0.2,30,15,3,10,20,2.8150569257e-05,3.02264435807e-06,2.8150569257e-05,0.00029540239503,0.000362477380967,0.000554540847687,2.8150569257e-05,3.02264435807e-06,2.8150569257e-05,0.205158399643,0.58836154607,0.205148986098
385,0.215321144976,0.0822383796209,0.0248334087345,0.201103082305,0.0233608506303,0.0144311757056,0.0642608499143,0.0763812282634,0.172713327094,0.0282281546279,0.0420288152422,0.0550995828858,1,0.2,30,15,3,10,20,0.000185814029284,1.99516294729e-05,0.000185814029284,0.00218523735317,0.000677446510612,0.0123053897206,0.000185814029284,1.99516294729e-05,0.000185814029284,0.202154952242,0.579748138288,0.202145676509
386,0.0900328054189,0.0156778337093,0.116513712158,0.0469963166096,0.170997774628,0.206856045478,0.0358144961291,0.0559340277876,0.0988883199495,0.0275071635292,0.104043148252,0.030738356351,1,0.2,30,15,3,10,20,0.000519434041065,5.57738054701e-05,0.000519434041065,0.00694044657979,0.00413339294739,0.00216551932208,0.000519434041065,5.57738054701e-05,0.000519434041065,0.202262308939,0.580056020158,0.202253028279
387,0.168297606928,0.0692307004803,0.0465470478928,0.178347831492,0.0391401655703,0.0140194534141,0.110705291869,0.0419354581764,0.0825835238894,0.0349385362556,0.00586907060102,0.208385313431,1,0.2,30,15,3,10,20,2.60719707614e-05,2.79945654407e-06,2.60719707614e-05,0.0363622559809,0.000979754082667,0.00314842622927,2.60719707614e-05,2.79945654407e-06,2.60719707614e-05,0.197091244218,0.565226231863,0.19708220083
388,0.381627292228,0.108036686544,0.0958681279509,0.0257681338391,0.0232080238038,0.0197313510701,0.0580480433134,0.0559808592689,0.0363376820999,0.00706626782246,0.110050642239,0.0782768898215,1,0.2,30,15,3,10,20,0.000234706941979,2.52014659986e-05,0.000234706941979,0.00332085495449,0.00404029985367,0.00243722160788,0.000234706941979,2.52014659986e-05,0.000234706941979,0.203215725418,0.582790266453,0.203206401012
389,0.0869432637934,0.0682427810682,0.0639584118851,0.136249019085,0.0457698075286,0.218983484808,0.0303264851112,0.0137144244612,0.0886184175812,0.0549356534766,0.0736817921072,0.118576459094,1,0.2,30,15,3,10,20,0.00031490656252,3.3812834683e-05,0.00031490656252,0.00709515448245,0.000199469461138,0.00461469637983,0.00031490656252,3.3812834683e-05,0.00031490656252,0.202712629998,0.581347469083,0.202703328676
390,0.296991924669,0.0865355032922,0.0339181888158,0.0466247321827,0.0165849078487,0.16276552645,0.0404544668628,0.04617626123,0.00888910228837,0.0538914285555,0.124401674734,0.0827662830711,1,0.2,30,15,3,10,20,0.000206447439894,2.21671250672e-05,0.000206447439894,0.00163604935824,0.000284282819718,0.00214465767456,0.000206447439894,2.21671250672e-05,0.000206447439894,0.204418013896,0.586238237917,0.204408634324
391,0.0944379457336,0.0269806796442,0.0136681544018,0.010720859675,0.255977890783,0.169752248795,0.0587266452482,0.115421127306,0.141029273536,0.0301472221134,0.00305929798521,0.0800786547791,1,0.2,30,15,3,10,20,0.000143592005477,1.54180741872e-05,0.000143592005477,0.148807837766,0.000129487691885,0.0077986148543,0.000143592005477,1.54180741872e-05,0.000143592005477,0.173108962075,0.496448874346,0.173101019096
392,0.0285186012111,0.0723789569279,0.0638053867291,0.240969866186,0.102487938497,0.0717277711152,0.143595843886,0.00140072393217,0.0445131000559,0.0414357164293,0.0508247732094,0.13834132182,1,0.2,30,15,3,10,20,0.000114569817745,1.23018405081e-05,0.000114569817745,0.0571444518198,0.0038810448643,0.00107402713725,0.000114569817745,1.23018405081e-05,0.000114569817745,0.192575424245,0.552275580921,0.192566588061
393,0.0427730242224,0.176580275771,0.000887212986054,0.0511128732411,0.0124844496593,0.111982170176,0.122032873656,0.13036740733,0.0726664823747,0.0702437973451,0.0661895043836,0.142679928855,1,0.2,30,15,3,10,20,1.01471185193e-05,1.08953855472e-06,1.01471185193e-05,0.0414561842175,0.00162105850617,0.00425463336034,1.01471185193e-05,1.08953855472e-06,1.01471185193e-05,0.195699583061,0.561235169777,0.195690603527
394,0.160838017793,0.191140095523,0.000456011625603,0.00955125871702,0.128910863697,0.140957620942,0.100416432647,0.00795982625942,0.00030414065446,0.224831083042,0.0187020104759,0.0159326386231,1,0.2,30,15,3,10,20,2.21095695475e-05,2.37399695338e-06,2.21095695475e-05,0.000871705863593,0.000494472931948,0.00291293398686,2.21095695475e-05,2.37399695338e-06,2.21095695475e-05,0.20453363398,0.586569817863,0.204524249102
395,0.00216623514118,0.308051370591,0.12998115119,0.000513293726592,0.0298222520629,0.185570672874,0.0453674287928,0.0235206274545,0.0630853542423,0.00473578988167,0.179464516619,0.0277213074239,1,0.2,30,15,3,10,20,0.000523406832668,5.62003807203e-05,0.000523406832668,0.0342485525153,0.00354642154968,0.000550887026874,0.000523406832668,5.62003807203e-05,0.000523406832668,0.197101194085,0.565254766492,0.197092150239
396,0.0134821411476,0.0690862666016,0.0824942960358,0.157530311124,0.0766928169446,0.0623498161599,0.0059472094286,0.0636518963018,0.288305169992,0.0236135803707,0.0231987741477,0.133647721746,1,0.2,30,15,3,10,20,8.3603943977e-05,8.97690512994e-06,8.3603943977e-05,0.0703481216426,7.87204267388e-05,0.0140811060568,8.3603943977e-05,8.97690512994e-06,8.3603943977e-05,0.187998831932,0.539150644613,0.187990205742
397,0.00363727118519,0.0785741747921,0.101785199164,0.247574935861,0.0746985196277,0.0822909862342,0.100104096773,0.0546144027912,0.0274461215857,0.00504621234317,0.208319390098,0.0159086895443,1,0.2,30,15,3,10,20,0.000156589049663,1.68136211803e-05,0.000156589049663,0.00107350160102,0.00207181957928,0.00106852975085,0.000156589049663,1.68136211803e-05,0.000156589049663,0.204430602655,0.586274340468,0.204421222505
398,0.0633377809895,0.118351747006,0.0525837090183,0.0329316545384,0.0713458774258,0.032533804007,0.104778254065,0.124558958669,0.2793027021,0.00835427486972,0.0918091868898,0.0201120504216,1,0.2,30,15,3,10,20,1.76706230443e-06,1.89736870189e-07,1.76706230443e-06,8.33849103018e-06,9.47710808415e-06,0.014366416412,1.76706230443e-06,1.89736870189e-07,1.76706230443e-06,0.202475334137,0.580666942426,0.202466043703
399,0.0501136292577,0.0851465311867,0.0365133964646,0.167179104146,0.0220491366475,0.00854103653614,0.0341469070418,0.333035542762,0.0874992002834,0.00869505969311,0.122610621669,0.0444698343127,1,0.2,30,15,3,10,20,0.000219163996688,2.35325549559e-05,0.000219163996688,0.031511249795,0.00151033590966,0.0135202178632,0.000219163996688,2.35325549559e-05,0.000219163996688,0.195680913203,0.561181627606,0.195671934526
400,0.136904289144,0.141603642695,0.00494338439402,0.0531936955308,0.0706328289968,0.155831780326,0.0996922779235,0.0583023070636,0.0157481477494,0.00918278470507,0.204975776081,0.048989085392,1,0.2,30,15,3,10,20,4.32047464427e-05,4.63907432509e-06,4.32047464427e-05,5.59620846058e-06,0.00040324442268,0.00101051875861,4.32047464427e-05,4.63907432509e-06,4.32047464427e-05,0.205102853269,0.588202247934,0.205093442273
401,0.0266167019662,0.037746608323,0.0892613861628,0.13924041456,0.034762282971,0.0751425494771,0.129583772087,0.0919851564109,0.176270414809,0.149808161629,0.0117895979488,0.0377929536546,1,0.2,30,15,3,10,20,2.03524850028e-08,2.18533143699e-09,2.03524850028e-08,6.44435266449e-06,1.13912988138e-07,7.1227956998e-05,2.03524850028e-08,2.18533143699e-09,2.03524850028e-08,0.205415846045,0.589099861263,0.205406420688
402,0.0778884794907,0.0565521731132,0.155867756906,0.087974857754,0.0431208681307,0.0443945814753,0.0724894883411,0.0144176042763,0.0961159410091,0.130143580901,0.157570720059,0.0634639485433,1,0.2,30,15,3,10,20,6.09373746641e-06,6.54310078216e-07,6.09373746641e-06,6.37448536138e-06,2.2414450226e-05,0.000993326501015,6.09373746641e-06,6.54310078216e-07,6.09373746641e-06,0.205216592153,0.588528432902,0.205207175939
403,0.123900271557,0.0315451097288,0.114754948846,0.142741252368,0.321563919996,0.0725235203363,0.0287983193576,0.0217904474794,0.0685522941396,0.0390797035367,0.00671320879732,0.0280370038568,1,0.2,30,15,3,10,20,1.44697255113e-05,1.55367494633e-06,1.44697255113e-05,0.011797406926,0.0419931629129,0.00173573737522,1.44697255113e-05,1.55367494633e-06,1.44697255113e-05,0.194012443266,0.556396722122,0.194003541146
404,0.0217803758594,0.0153250108764,0.0650462038293,0.272838060068,0.041535375432,0.0900276674879,0.0333801785149,0.112700968923,0.0673797475555,0.00492741860855,0.0842978917506,0.190761101095,1,0.2,30,15,3,10,20,8.26550417862e-06,8.87501753303e-07,8.26550417862e-06,0.00297874955052,1.92900632253e-05,0.00584535385924,8.26550417862e-06,8.87501753303e-07,8.26550417862e-06,0.203607972178,0.583915167555,0.203598629774
405,0.0635374316435,0.0532118369658,0.0779852848082,0.111111195898,0.0696613441229,0.0310432441746,0.206174049662,0.058306868051,0.00644696198032,0.117600578382,0.197591093927,0.0073301103842,1,0.2,30,15,3,10,20,4.55562442084e-06,4.8915644751e-07,4.55562442084e-06,0.00579534818604,0.00448587565955,0.00154497728779,4.55562442084e-06,4.8915644751e-07,4.55562442084e-06,0.202998420677,0.582167071137,0.202989106242
406,0.0947440262702,0.14923951447,0.0843868361649,0.0136123310356,0.0685871763304,0.185600039718,0.164255899923,0.0208032825111,0.154696284931,0.020232481368,0.0404366478989,0.00340547937892,1,0.2,30,15,3,10,20,0.00232309258318,0.000249440166758,0.00232309258318,0.135150419167,0.000820645283052,0.0172980258106,0.00232309258318,0.000249440166758,0.00232309258318,0.171934057007,0.493079434129,0.171926167937
407,0.0955903325843,0.0635409567617,0.0837733513298,0.231701599541,0.184802572906,0.145174604881,0.0104676253477,0.0780448943884,0.0352270063229,0.0104579842465,0.000203733670724,0.06101533802,1,0.2,30,15,3,10,20,4.62084329147e-07,4.9615927042e-08,4.62084329147e-07,0.148226285642,4.36532499352e-07,0.0463317344524,4.62084329147e-07,4.9615927042e-08,4.62084329147e-07,0.165462940941,0.474521306068,0.165455348794
408,0.189507702139,0.00875641304168,0.0782609042915,0.0407922073284,0.0927588833657,0.0762702129949,0.0729243813583,0.108555495158,0.0178870212434,0.114502185428,0.0688165213764,0.130968072275,1,0.2,30,15,3,10,20,8.62409529248e-05,9.2600518097e-06,8.62409529248e-05,0.0151222441926,0.00316626124419,7.61243204805e-05,8.62409529248e-05,9.2600518097e-06,8.62409529248e-05,0.201584492519,0.578112150848,0.201575242961
409,0.0099259356362,0.138167499864,0.0246291076319,0.0204713024736,0.00980937451165,0.0180781691397,0.118027737894,0.102588855464,0.104462965859,0.103712637283,0.00515884036164,0.344967573882,1,0.2,30,15,3,10,20,4.69224522671e-05,5.03825994838e-06,4.69224522671e-05,0.000217080020782,0.000154462650061,0.000261028858053,4.69224522671e-05,5.03825994838e-06,4.69224522671e-05,0.205261265598,0.588656549211,0.205251847334
410,0.0438884539271,0.155915241921,0.126736091076,0.0208350702636,0.107581537628,0.107428623968,0.0802508622116,0.0275252255212,0.0239148037326,0.0615753771741,0.172339257083,0.072009455495,1,0.2,30,15,3,10,20,1.24111965284e-05,1.33264207984e-06,1.24111965284e-05,0.0100260052432,0.00161120270975,0.00080385477281,1.24111965284e-05,1.33264207984e-06,1.24111965284e-05,0.20286530683,0.581785321871,0.202855998503
411,0.00594156645655,0.0336050093574,0.0612641164282,0.0292237782285,0.0508075867941,0.171392652968,0.124794381544,0.0200805986703,0.0513718813076,0.145958415748,0.249705065582,0.0558549469152,1,0.2,30,15,3,10,20,3.09677214069e-05,3.32513376686e-06,3.09677214069e-05,0.0254126270183,0.000158695452892,0.000797693353136,3.09677214069e-05,3.32513376686e-06,3.09677214069e-05,0.199987994703,0.57353364992,0.199978818399
412,0.00650071747795,0.111053423331,0.0383383370307,0.0940521362727,0.0893501822647,0.236847075902,0.00515917034432,0.0445352940247,0.172748954508,0.118163264661,0.0686135616464,0.0146378825358,1,0.2,30,15,3,10,20,8.67753388225e-05,9.31743105855e-06,8.67753388225e-05,0.0780036747289,6.2501477528e-05,0.000937076209311,8.67753388225e-05,9.31743105855e-06,8.67753388225e-05,0.189126925788,0.542385837742,0.189118247836
413,0.122712070338,0.050834179446,0.0163320265326,0.0139347185666,0.104744956059,0.109639446618,0.121330582399,0.0203064778304,0.207888109735,0.00233797286513,0.0200308831808,0.20990857643,1,0.2,30,15,3,10,20,2.39973632838e-05,2.57669726236e-06,2.39973632838e-05,0.00204893957521,0.000173536027502,0.00217271479139,2.39973632838e-05,2.57669726236e-06,2.39973632838e-05,0.204508153408,0.58649674365,0.2044987697
414,0.0185857459699,0.00228935433904,0.100774724019,0.0689790346339,0.236933578394,0.0508178074777,0.0302329501973,0.042050967712,0.167817078989,0.00476890009654,0.185112785732,0.0916370724402,1,0.2,30,15,3,10,20,9.17282404885e-05,9.84924482544e-06,9.17282404885e-05,0.0587392123505,0.00203517083552,8.66205377257e-05,9.17282404885e-05,9.84924482544e-06,9.17282404885e-05,0.192849632943,0.553061967704,0.192840784178
415,0.187909388305,0.290816871999,0.0611404653007,0.0486912728938,0.0293251822671,0.0371017137187,0.023201360727,0.0098835329006,0.147415648079,0.000131099477139,0.00967392055732,0.154709543775,1,0.2,30,15,3,10,20,1.43404539927e-07,1.53979452271e-08,1.43404539927e-07,4.67478360244e-05,4.15850988751e-05,0.00821700164694,1.43404539927e-07,1.53979452271e-08,1.43404539927e-07,0.203725539075,0.584252330652,0.203716191277
416,0.273250306058,0.0472424637399,0.0775925725014,0.144828323489,0.0173625110997,0.0351995018884,0.139846021052,0.0470748913839,0.0490319568031,0.0333465919125,0.0627573557949,0.0724675042779,1,0.2,30,15,3,10,20,0.000552526516761,5.93270829916e-05,0.000552526516761,0.0412590091464,0.000198380578955,0.00757947542444,0.000552526516761,5.93270829916e-05,0.000552526516761,0.194879708323,0.558883899885,0.194870766409
417,0.31800246164,0.0370012449494,0.0226013859282,0.0103403885619,0.106459513284,0.0356910851926,0.130806672646,0.0775863323393,0.086532580215,0.0332706636447,0.0965515091962,0.0451561624025,1,0.2,30,15,3,10,20,9.69053854291e-05,1.04051365306e-05,9.69053854291e-05,0.0855585324434,0.000572258905872,3.73273314455e-05,9.69053854291e-05,1.04051365306e-05,9.69053854291e-05,0.187646263068,0.538139533381,0.187637653055
418,0.200211396686,0.212016102188,0.0228097694074,0.0170320115764,0.000647638770683,0.098305120142,0.105279150742,0.16759517867,0.0566120640068,0.0238512720448,0.0431960112043,0.0524442845614,1,0.2,30,15,3,10,20,0.000176093232041,1.89078668166e-05,0.000176093232041,0.0574403662318,0.00532276677297,0.0108001043594,0.000176093232041,1.89078668166e-05,0.000176093232041,0.190167142789,0.545369014078,0.190158417107
419,0.238927830887,0.00981813756131,0.0158652040464,0.0216879436165,0.126159880228,0.0303431298004,0.0204532837043,0.0838326078766,0.0246218935557,0.0968049148124,0.0766558534975,0.254829320414,1,0.2,30,15,3,10,20,9.3247498261e-06,1.00123738866e-06,9.3247498261e-06,0.00739768514418,0.000286869696384,5.77029527169e-06,9.3247498261e-06,1.00123738866e-06,9.3247498261e-06,0.203843931991,0.584591862639,0.20383457876
420,0.242809334076,0.0826927233694,0.0660096501058,0.0097974733025,0.00513284843885,0.0399400488458,0.0281584272611,0.252712216334,0.0395845849315,0.0150719992386,0.0333748517928,0.184715842304,1,0.2,30,15,3,10,20,4.01572524688e-05,4.31185215127e-06,4.01572524688e-05,0.00011756148496,0.000415558607322,0.00249837841018,4.01572524688e-05,4.31185215127e-06,4.01572524688e-05,0.204774307212,0.58726003028,0.204764911291
421,0.0475069061123,0.0471335889715,0.0200460385617,0.0673510904763,0.130239549828,0.125203625184,0.0487178240475,0.0213912645211,0.169566032952,0.143384912826,0.00913053726205,0.170328629258,1,0.2,30,15,3,10,20,0.000191652033371,2.05784803885e-05,0.000191652033371,0.0396600777499,0.000262237837976,0.000281992610178,0.000191652033371,2.05784803885e-05,0.000191652033371,0.197006657615,0.564983650985,0.196997618108
422,0.0373199261191,0.0570890202682,0.222098095633,0.0848088294234,0.0481244011054,0.0240311677287,0.0581045886252,0.114910231277,0.0870868436509,0.0149445210897,0.225910583836,0.025571791244,1,0.2,30,15,3,10,20,2.30919972824e-05,2.47948432818e-06,2.30919972824e-05,0.0390054269273,0.000160822335365,0.000400170186821,2.30919972824e-05,2.47948432818e-06,2.30919972824e-05,0.197283646893,0.565778012025,0.197274594676
423,0.00371611140165,0.00824676415894,0.0789010349395,0.148028833545,0.237535934124,0.027677494984,0.157136607207,0.0653100498012,0.0146470040206,0.208397294184,0.049703105577,0.000699766055969,1,0.2,30,15,3,10,20,4.70015199277e-06,5.04674977379e-07,4.70015199277e-06,0.0121956037741,0.00739296789913,8.03846467289e-05,4.70015199277e-06,5.04674977379e-07,4.70015199277e-06,0.201387143883,0.577546186459,0.20137790338
424,0.0228203701085,0.0625949373331,0.209151995065,0.0253982900322,0.347561894575,0.0745888426097,0.0495897576354,0.0575969671185,0.0485017130398,0.0462490795007,0.00939154879492,0.0465546041878,1,0.2,30,15,3,10,20,2.43105491907e-05,2.61032534304e-06,2.43105491907e-05,0.0150867858562,0.0270023217302,0.001917934604,2.43105491907e-05,2.61032534304e-06,2.43105491907e-05,0.196370346502,0.56315881227,0.196361336191
425,0.002507815057,0.0169733722125,0.249597295643,0.137416782262,0.0372881789948,0.0717141671108,0.176144388116,0.00834028858634,0.125569077241,0.025376718449,0.0946044560703,0.0544674602574,1,0.2,30,15,3,10,20,8.09911321446e-05,8.69635659568e-06,8.09911321446e-05,0.0337044755611,0.016322919071,0.000537871020381,8.09911321446e-05,8.69635659568e-06,8.09911321446e-05,0.19497400205,0.559154319246,0.19496505581
426,0.056478376646,0.208717307778,0.0328027278279,0.00664179892464,0.174171910616,0.240430278535,0.122123500443,0.0613396352385,0.012746459871,0.0264572949359,0.0423588098877,0.0157318992965,1,0.2,30,15,3,10,20,1.20329990121e-05,1.29203343074e-06,1.20329990121e-05,0.145330993312,1.23926940195e-05,0.00874992900742,1.20329990121e-05,1.29203343074e-06,1.20329990121e-05,0.173765750976,0.498332440087,0.173757777861
427,0.0222321341413,0.0355060289442,0.118285976013,0.173525644595,0.0459799739284,0.0256520668036,0.220689676012,0.0251325955211,0.073414993867,0.167462416675,0.0462212424841,0.0458972510145,1,0.2,30,15,3,10,20,0.000189251919193,2.0320770091e-05,0.000189251919193,0.0253438396536,0.0016371469902,0.00644211003023,0.000189251919193,2.0320770091e-05,0.000189251919193,0.198401812522,0.568984732587,0.198392708999
428,0.0197912122998,0.109248331734,0.0472048492616,0.212681469178,0.212259270709,0.0147282829318,0.169893495389,0.104845063657,0.05614043399,0.00372866646983,0.0327846570815,0.0166942672978,1,0.2,30,15,3,10,20,0.000659693127253,7.08340101737e-05,0.000659693127253,0.303256186388,0.00135390620435,0.00247157393129,0.000659693127253,7.08340101737e-05,0.000659693127253,0.141776299572,0.406591799105,0.141769794269
429,0.157909759238,0.0129706888323,0.0167171204231,0.0607330548588,0.143509675897,0.0365896409393,0.0571501182751,0.193841426495,0.0637687898218,0.0226128063022,0.232671483973,0.00152543494393,1,0.2,30,15,3,10,20,2.543831082e-05,2.73141782594e-06,2.543831082e-05,0.0326834515741,0.00232391794382,8.86870463584e-05,2.543831082e-05,2.73141782594e-06,2.543831082e-05,0.198199970241,0.568405881138,0.198190875979
430,0.0608696534518,0.0859080485065,0.074262674929,0.207945308215,0.0236297333425,0.0126657730916,0.126732969773,0.075220448251,0.155338093627,0.0272970275497,0.136430025591,0.0137002436719,1,0.2,30,15,3,10,20,4.48612065781e-05,4.8169353778e-06,4.48612065781e-05,0.0183647801073,0.000405220725758,0.0159432303372,4.48612065781e-05,4.8169353778e-06,4.48612065781e-05,0.198261797578,0.568583192075,0.19825270048
431,0.0326858128355,0.17766813741,0.00677172693893,0.0617373580314,0.0306791461573,0.165935328685,0.0309248959504,0.0301133567709,0.16366016822,0.129561110017,0.14747949828,0.0227834607019,1,0.2,30,15,3,10,20,8.40938438272e-06,9.02950772582e-07,8.40938438272e-06,0.0292068838328,0.000163528205987,0.000640872896399,8.40938438272e-06,9.02950772582e-07,8.40938438272e-06,0.199259288635,0.571443837223,0.199250145768
432,0.00233574804465,0.000838549727646,0.269712716579,0.215139807479,0.0151795395223,0.0844386567155,0.240002028934,0.0173794257889,0.0341051219322,0.0238133908973,0.0648315129327,0.0322235014463,1,0.2,30,15,3,10,20,2.3075433093e-06,2.47770576189e-07,2.3075433093e-06,0.150939295931,0.000979166033355,0.00297234364005,2.3075433093e-06,2.47770576189e-07,2.3075433093e-06,0.173610341737,0.497886751192,0.173602375752
433,0.278751420109,0.0997961669059,0.0103512527813,0.10139718805,0.178755970206,0.0672398454874,0.0147079994738,0.0289407789558,0.0212155374775,0.142561722608,0.0145286483115,0.0417534696339,1,0.2,30,15,3,10,20,9.4855159796e-05,1.01849952295e-05,9.4855159796e-05,0.00727296029486,0.00487589729722,0.00216518258839,9.4855159796e-05,1.01849952295e-05,9.4855159796e-05,0.202409154047,0.580477148493,0.20239986665
434,0.0456211317606,0.0739420194904,0.0469143402684,0.054492539065,0.18261678985,0.0206686265532,0.0495984538851,0.00121806246976,0.146809980525,0.0190269261414,0.224119080617,0.134972049374,1,0.2,30,15,3,10,20,4.71472561541e-05,5.06239808195e-06,4.71472561541e-05,0.00605047101523,0.00222280862122,1.21889362115e-05,4.71472561541e-05,5.06239808195e-06,4.71472561541e-05,0.203688922205,0.584147319314,0.203679576087
435,0.161928254699,0.0238902013817,0.00553007359554,0.0866679318769,0.253354963155,0.011757964545,0.18503255847,0.0243595988022,0.0529443993529,0.120273703057,0.018260619927,0.0559997311382,1,0.2,30,15,3,10,20,6.21102843272e-05,6.66904099826e-06,6.21102843272e-05,0.0480199706389,0.00486404849664,7.64420357409e-05,6.21102843272e-05,6.66904099826e-06,6.21102843272e-05,0.194498300479,0.557790083064,0.194489376066
436,0.183230495175,0.00193286287411,0.3381690722,0.0564565730952,0.0141070656422,0.0291165340727,0.00472055742932,0.0704305330113,0.125046835008,0.0593700388187,0.0866497166594,0.0307697160142,1,0.2,30,15,3,10,20,0.00012248824548,1.3152075212e-05,0.00012248824548,0.034969760604,0.00891623611868,0.0089152675688,0.00012248824548,1.3152075212e-05,0.00012248824548,0.194478726721,0.557733948649,0.194469803206
437,0.238431972156,0.000121744620605,0.0321846678888,0.0537483505821,0.0125211614407,0.0975129856667,0.0765804636504,0.0855687555548,0.0176179990229,0.0103831314825,0.210952512802,0.164376255132,1,0.2,30,15,3,10,20,2.59186508439e-06,2.78299394328e-07,2.59186508439e-06,0.0234853784475,1.13665794922e-05,0.000407902198308,2.59186508439e-06,2.78299394328e-07,2.59186508439e-06,0.200518823539,0.575055982299,0.200509622878
438,0.077224467554,0.0586655542785,0.069337617743,0.032498515074,0.0292037950534,0.0394949444194,0.0420306938211,0.201930532525,0.291355763008,0.0946976353502,0.0577389200716,0.00582156110175,1,0.2,30,15,3,10,20,1.02826512551e-06,1.10409127142e-07,1.02826512551e-06,0.0328170299865,1.93187637594e-05,0.00531526627354,1.02826512551e-06,1.10409127142e-07,1.02826512551e-06,0.197593396513,0.5666663245,0.197584330084
439,0.11363904146,0.0628170290912,0.0127072560496,0.116153573306,0.0415698587511,0.3209820417,0.0694297382452,0.0213698447368,0.0588060611145,0.135642988336,0.0237682912079,0.0231142760027,1,0.2,30,15,3,10,20,4.0387323218e-06,4.33655580986e-07,4.0387323218e-06,4.51031842587e-06,0.00522472172087,9.67772123942e-06,4.0387323218e-06,4.33655580986e-07,4.0387323218e-06,0.204352107635,0.586049229278,0.204342731086
440,0.0159222649308,0.0447430698132,0.0470264961097,0.0924360220453,0.0431339520455,0.0648233155222,0.066610232046,0.285623772826,0.123502292557,0.0206404818702,0.1838973906,0.0116407096337,1,0.2,30,15,3,10,20,2.18744435871e-05,2.34875049562e-06,2.18744435871e-05,0.105411548482,1.67028125219e-05,0.000233398542977,2.18744435871e-05,2.34875049562e-06,2.18744435871e-05,0.183706636083,0.526841311968,0.183698206837
441,0.0709212134889,0.104972380344,0.0343416438231,0.00128139330743,0.0928954271824,0.213068881158,0.0917255273587,0.0772970349821,0.0110106638622,0.221826532679,0.0384424123494,0.0422168894651,1,0.2,30,15,3,10,20,2.12225676451e-05,2.27875584932e-06,2.12225676451e-05,0.000242148429951,0.00174185463938,0.000140881103817,2.12225676451e-05,2.27875584932e-06,2.12225676451e-05,0.204976949139,0.587841174985,0.20496754392
442,0.0156948727529,0.0554874327471,0.205576212948,0.140067290443,0.220944740252,0.00772286803552,0.0876894102423,0.00614150582548,0.0609863624224,0.0558402339779,0.0841723990371,0.0596766713162,1,0.2,30,15,3,10,20,3.79533575613e-05,4.07521073748e-06,3.79533575613e-05,0.0654600832351,0.00234238633383,0.000194368157372,3.79533575613e-05,4.07521073748e-06,3.79533575613e-05,0.191430266044,0.548991449973,0.191421482405
443,0.0967509404983,0.066133732218,0.0460256490649,0.0153476370533,0.256445046701,0.124328841172,0.0226359938331,0.00165841593839,0.000122898288959,0.251014509469,0.0201151706308,0.099421165133,1,0.2,30,15,3,10,20,6.87374076002e-06,7.38062294137e-07,6.87374076002e-06,0.00453212743035,0.000591130693906,0.000308264509947,6.87374076002e-06,7.38062294137e-07,6.87374076002e-06,0.204310084143,0.585928712612,0.204300709523
444,0.274807856907,0.0141785726735,0.0460892576652,0.172959993193,0.0267806678988,0.229586505233,0.126021589736,0.00433097326937,0.00106726895559,0.0114758397992,0.0121019366708,0.0805995379981,1,0.2,30,15,3,10,20,0.000550357649274,5.90942026184e-05,0.000550357649274,0.112987939054,0.000443698077345,0.0228812807549,0.000550357649274,5.90942026184e-05,0.000550357649274,0.176952305821,0.507470970796,0.176944186493
445,0.274052208785,0.0143690054971,0.133173329099,0.0803528280187,0.0492453918378,0.031828829272,0.149890524108,0.00513966918892,0.0476418885796,0.0962955077374,0.024695151944,0.0933156659326,1,0.2,30,15,3,10,20,8.75345071256e-05,9.39894613439e-06,8.75345071256e-05,0.0576880432135,0.000168574931879,0.000471068356696,8.75345071256e-05,9.39894613439e-06,8.75345071256e-05,0.193373688087,0.554564874215,0.193364815275
446,0.00450949394889,0.0327358459867,0.130574700881,0.010051692606,0.139160890063,0.131143181275,0.278086576978,0.0322061005967,0.069002584278,0.00476441451089,0.0879834555902,0.0797810632855,1,0.2,30,15,3,10,20,5.97730119912e-05,6.41807829214e-06,5.97730119912e-05,0.000482445655066,0.000456079588572,0.0053049428726,5.97730119912e-05,6.41807829214e-06,5.97730119912e-05,0.204097482195,0.585319004155,0.20408811733
447,0.0375588752071,0.219942050174,0.0968334182532,0.108281983538,0.039366489165,0.0610212028739,0.077757613315,0.0136650534847,0.00414191273746,0.197316074494,0.0612271391813,0.0828881875768,1,0.2,30,15,3,10,20,5.22575039866e-05,5.61110676482e-06,5.22575039866e-05,0.0123120132182,0.0056204864645,0.000146992669983,5.22575039866e-05,5.61110676482e-06,5.22575039866e-05,0.201672493171,0.578364522673,0.201663239575
448,0.00786134652144,0.0874724975827,0.310133070885,0.0184853029217,0.0145156714657,0.157811000076,0.242000339223,0.0204316153521,0.133895672527,0.00479432922789,0.000345459439184,0.00225369477832,1,0.2,30,15,3,10,20,0.000893634928035,9.59533197618e-05,0.000893634928035,0.787864937169,0.00534523699328,0.00454050921785,0.000893634928035,9.59533197618e-05,0.000893634928035,0.0407747019293,0.116935337327,0.0407728310117
449,0.284876913809,0.0296398746572,0.0341206411495,0.00280466155126,0.0533975771692,0.217679126419,0.0761056285148,0.086412019753,0.0579479652132,0.0765409838977,0.00304125860613,0.0774333492606,1,0.2,30,15,3,10,20,3.11473378086e-05,3.34441993114e-06,3.11473378086e-05,0.0618224076693,0.000437076017449,0.0114249629554,3.11473378086e-05,3.34441993114e-06,3.11473378086e-05,0.190267743008,0.545657519449,0.19025901271
450,0.112138740073,0.0903223523007,0.0394936029559,0.0693238363877,0.0995219431244,0.0583296247134,0.080311395392,0.0927996401482,0.0649880223716,0.0316845861657,0.165337526541,0.0957487298259,1,0.2,30,15,3,10,20,1.34842456956e-05,1.44785985684e-06,1.34842456956e-05,0.0123114578229,0.0033381697832,0.000779583430479,1.34842456956e-05,1.44785985684e-06,1.34842456956e-05,0.202045085078,0.579433056797,0.202035814386
451,0.143475157556,0.0261187678953,0.0483698580713,0.0837603214298,0.0725457485869,0.0495976876032,0.153076786574,0.0471748608294,0.204218277992,0.0228649159653,0.0312246209039,0.117572996592,1,0.2,30,15,3,10,20,0.00137499282224,0.000147638730094,0.00137499282224,0.0897561842242,0.00273920853788,0.000645592000864,0.00137499282224,0.000147638730094,0.00137499282224,0.185107190602,0.530857878794,0.185098697093
452,0.0364900710167,0.0386969824671,0.108958731258,0.0216253045568,0.139984708052,0.0581771641365,0.0192748892054,0.122517274783,0.151310458342,0.028888508925,0.0946852630212,0.179390644236,1,0.2,30,15,3,10,20,1.86384627271e-05,2.00128969651e-06,1.86384627271e-05,0.0243078235543,0.00524984705211,0.00187378687377,1.86384627271e-05,2.00128969651e-06,1.86384627271e-05,0.19895868319,0.570581748784,0.198949554115
453,0.0573496437209,0.0667489961194,0.00525529892045,0.0349754717942,0.0458366012328,0.273174196055,0.0848842851292,0.00334978639949,0.0166502301193,0.0730659484642,0.0870723913203,0.251637150724,1,0.2,30,15,3,10,20,3.90712601159e-06,4.19524461028e-07,3.90712601159e-06,0.00749818210504,0.00106072636409,0.000241433013977,3.90712601159e-06,4.19524461028e-07,3.90712601159e-06,0.203620590101,0.583951353745,0.203611247118
454,0.119080050037,0.0465611294187,0.121003889219,0.0882807713996,0.082785682702,0.0523562970837,0.097236258132,0.00630864925517,0.217062361839,0.105820890659,0.0433347378024,0.0201692824525,1,0.2,30,15,3,10,20,7.34080103433e-05,7.88212509222e-06,7.34080103433e-05,0.125972160029,4.517123136e-05,0.00219370347468,7.34080103433e-05,7.88212509222e-06,7.34080103433e-05,0.17902965437,0.51342847488,0.179021439724
455,0.267089930975,0.133179309375,0.0686483791603,0.0896844954059,0.087634704337,0.0357158626007,0.0464835432595,0.097255102033,0.000618099411306,0.107490536178,0.0643677313102,0.0018323059551,1,0.2,30,15,3,10,20,4.92374681999e-07,5.28683289141e-08,4.92374681999e-07,0.010953980887,0.0123953717582,0.00167052628857,4.92374681999e-07,5.28683289141e-08,4.92374681999e-07,0.200291537263,0.574404161536,0.200282347031
456,0.0308461602474,0.110781363451,0.215452716106,0.0268784141101,0.0289090547374,0.24421891642,0.00468305749539,0.0134142583495,0.067832734187,0.0331993971175,0.103578329654,0.120205598125,1,0.2,30,15,3,10,20,4.22604984216e-05,4.53768646583e-06,4.22604984216e-05,0.0550347332911,0.00173904294147,0.00218405554233,4.22604984216e-05,4.53768646583e-06,4.22604984216e-05,0.193283436389,0.55430604675,0.193274567719
457,0.0237951248907,0.0334226690366,0.010145102446,0.0449375908558,0.0915800825163,0.285640780471,0.0639242348838,0.19061677588,0.0481810060945,0.0587392884108,0.142743526982,0.00627381753258,1,0.2,30,15,3,10,20,0.000232942832823,2.50120462203e-05,0.000232942832823,0.044709446182,0.00113555549997,0.00269419437671,0.000232942832823,2.50120462203e-05,0.000232942832823,0.195258654866,0.559970658088,0.195249695564
458,0.117141790505,0.256708170215,0.128269291562,0.0816763444558,0.155674815184,0.00279612871984,0.0344145936357,0.00509228305501,0.0186481284611,0.00232587615401,0.17420944878,0.0230431292721,1,0.2,30,15,3,10,20,0.000117081053502,1.25714823943e-05,0.000117081053502,0.00462757386528,0.00129390792471,0.00623342424996,0.000117081053502,1.25714823943e-05,0.000117081053502,0.202833464808,0.581694004032,0.202824157941
459,0.191294920822,0.207038287522,0.037447153543,0.024145156817,0.0705625207674,0.0139999359268,0.150215807357,0.0442019078263,0.0365339360628,0.0976977358626,0.00552799677508,0.121334640718,1,0.2,30,15,3,10,20,1.4665036201e-05,1.57464627195e-06,1.4665036201e-05,0.0823425649558,5.5307075688e-06,0.000659089327653,1.4665036201e-05,1.57464627195e-06,1.4665036201e-05,0.188366826777,0.540205995093,0.188358183702
460,0.0421604000803,0.115069334069,0.0245375548133,0.0615381317922,0.0644786634842,0.257117913324,0.120681762656,0.0395821700781,0.157239625945,0.0972981352352,0.0106796994206,0.00961660910206,1,0.2,30,15,3,10,20,0.000172897896442,1.85647702692e-05,0.000172897896442,0.000119947489884,0.00851953258132,0.000214176487424,0.000172897896442,1.85647702692e-05,0.000172897896442,0.203463317922,0.583500322237,0.203453982156
461,0.00198461248482,0.0553413374504,0.028087019779,0.00627311872904,0.00426897864783,0.00732019688708,0.0487402087259,0.142034131528,0.0590693535225,0.0342969637337,0.511802165321,0.10078191319,1,0.2,30,15,3,10,20,1.07240796911e-05,1.15148928882e-06,1.07240796911e-05,0.00707604018109,0.000274788955835,1.43152724556e-05,1.07240796911e-05,1.15148928882e-06,1.07240796911e-05,0.203909522866,0.584779966801,0.203900166626
462,0.0197232422814,0.0023665248165,0.0467188151822,0.0561418689619,0.030704476316,0.236884383085,0.0578230563069,0.233961224388,0.170306813238,0.0242895602683,0.0252216232849,0.0958584118706,1,0.2,30,15,3,10,20,0.000109274879574,1.17333008511e-05,0.000109274879574,0.0992254897688,0.0142741509213,0.000730050426186,0.000109274879574,1.17333008511e-05,0.000109274879574,0.181870812467,0.521576462841,0.181862467456
463,0.140099875726,0.2808839823,0.0426068440062,0.0580746423941,0.0275675088911,0.0184176748653,0.0621146717286,0.0078918033899,0.123337849244,0.028108125059,0.147688366841,0.0632086555537,1,0.2,30,15,3,10,20,1.66926348576e-05,1.79235801993e-06,1.66926348576e-05,1.90631185988e-05,0.000354551910974,0.000183074443517,1.66926348576e-05,1.79235801993e-06,1.66926348576e-05,0.20530302848,0.588776318492,0.2052936083
464,0.064313298568,0.0388705941546,0.0153884335419,0.134686966457,0.0275184909136,0.175297103792,0.153742681307,0.0902720894515,0.141654900183,0.0182348706071,0.00490750822951,0.135113062795,1,0.2,30,15,3,10,20,6.45960230818e-06,6.9359451647e-07,6.45960230818e-06,0.0645396690431,2.32981448405e-05,0.0134438166443,6.45960230818e-06,6.9359451647e-07,6.45960230818e-06,0.189401173027,0.543172335052,0.189392482491
465,0.00468838200483,0.0837680611861,0.378960482127,0.123918486755,0.123669748587,0.0318348672212,0.0902294688033,0.0316292765468,0.0185051983386,0.0205863107764,0.041742469061,0.0504672485931,1,0.2,30,15,3,10,20,7.36281324833e-07,7.90576052704e-08,7.36281324833e-07,0.173621384296,2.79305337269e-05,0.00118905366403,7.36281324833e-07,7.90576052704e-08,7.36281324833e-07,0.169513837587,0.48613863111,0.169506059568
466,0.0388675760943,0.0110836959977,0.0880002209877,0.067796834982,0.0353693403004,0.0603079274191,0.116980779537,0.155030803621,0.100888249183,0.0605063756098,0.0159487957044,0.249219400563,1,0.2,30,15,3,10,20,0.000187674034442,2.01513460059e-05,0.000187674034442,0.00724677911571,0.000321336978731,0.000606975857398,0.000187674034442,2.01513460059e-05,0.000187674034442,0.203589922877,0.583863405041,0.203580581301
467,0.0394578695791,0.0800842542095,0.0041124824078,0.0417098069295,0.0844063113862,0.207940713902,0.00237574433653,0.11463155583,0.0794709348115,0.214687483071,0.0349890335534,0.0961338099839,1,0.2,30,15,3,10,20,1.84683245845e-05,1.98302125256e-06,1.84683245845e-05,0.00177473607918,0.00208929503768,0.000514662695854,1.84683245845e-05,1.98302125256e-06,1.84683245845e-05,0.204516329613,0.586520191703,0.20450694553
468,0.309095498269,0.13518069143,0.151558201144,0.0419789601189,0.0453569388734,0.0184481893426,0.0640505400619,0.0507510142004,0.00325032373295,0.0187126617407,0.0442369926639,0.117379988423,1,0.2,30,15,3,10,20,0.000539300096172,5.79069068947e-05,0.000539300096172,0.0287807129018,0.00889083072737,0.00458775838307,0.000539300096172,5.79069068947e-05,0.000539300096172,0.196283487623,0.562909714869,0.196274481298
469,0.147694578435,0.149837975584,0.0281734046551,0.162885520182,0.0366453232924,0.0283747256517,0.00914214145684,0.00106505860536,0.0521899057224,0.177308796156,0.178677285851,0.0280052844083,1,0.2,30,15,3,10,20,4.22180746782e-05,4.53313125107e-06,4.22180746782e-05,0.0222539354618,0.000278446586541,0.000560605774782,4.22180746782e-05,4.53313125107e-06,4.22180746782e-05,0.200651254129,0.575435772095,0.200642047392
470,0.241469566077,0.00133710375235,0.111891425609,0.00338075209396,0.100804033956,0.00313318464639,0.0309719587171,0.222985057818,0.0202252927063,0.14443519315,0.0118052237139,0.10756120776,1,0.2,30,15,3,10,20,0.000112628381284,1.20933803554e-05,0.000112628381284,0.0456219776369,0.000282083756042,0.00129705594493,0.000112628381284,1.20933803554e-05,0.000112628381284,0.195637712333,0.561057734405,0.195628735638
471,0.034047629794,0.0533776521086,0.0896944128425,0.0150958769251,0.00243113378467,0.169423774867,0.247773719374,0.0712290031982,0.0331430016295,0.170661298981,0.10165648103,0.0114660154653,1,0.2,30,15,3,10,20,0.000347967434389,3.73627187694e-05,0.000347967434389,0.0209639017042,0.000174132424365,0.00637654485605,0.000347967434389,3.73627187694e-05,0.000347967434389,0.199478187402,0.572071603948,0.19946903449
472,0.173770830925,0.130962829427,0.0207343535037,0.118827925001,0.214477043283,0.0595719735121,0.0766491930715,0.0156879586437,0.0665123817413,0.0332810767785,0.0876291669159,0.00189526719717,1,0.2,30,15,3,10,20,0.000544491242606,5.84643019987e-05,0.000544491242606,0.0406183253638,0.00414012117925,0.0140087484948,0.000544491242606,5.84643019987e-05,0.000544491242606,0.192887746007,0.553171269888,0.192878895493
473,0.0418611259087,0.0715481876984,0.00392819657325,0.129606824031,0.0437753723282,0.174412339764,0.0561735460279,0.0127172868714,0.0842962595514,0.0481743277352,0.254761083214,0.0787454502965,1,0.2,30,15,3,10,20,2.52498692358e-08,2.7111840649e-09,2.52498692358e-08,0.0194637297449,0.00210309969724,0.0034985252745,2.52498692358e-08,2.7111840649e-09,2.52498692358e-08,0.200282599546,0.574378529591,0.200273409725
474,0.0182400335649,0.00181589752894,0.112251988062,0.0511080344229,0.285842659659,0.10056135553,0.118086166318,0.0202754106301,0.0729584716539,0.195420486064,0.0179472010432,0.00549229552349,1,0.2,30,15,3,10,20,7.01455029617e-05,7.53181602955e-06,7.01455029617e-05,6.12156970318e-05,0.00245000131485,0.000105647265122,7.01455029617e-05,7.53181602955e-06,7.01455029617e-05,0.204833521152,0.587429846412,0.204824122515
475,0.134007606739,0.0810582091081,0.00509466286795,0.0744994852386,0.0126559682385,0.0578294124764,0.181785484986,0.0150848998198,0.139729233794,0.0175683864059,0.117086393543,0.163600256783,1,0.2,30,15,3,10,20,0.000118570571618,1.27314181841e-05,0.000118570571618,0.00528937430449,0.000461319603798,0.0018000059686,0.000118570571618,1.27314181841e-05,0.000118570571618,0.203778025678,0.584402853852,0.203768675471
476,0.0591850087302,0.0401064181536,0.0905797040899,0.225091313299,0.0157762592862,0.145896628236,0.0556780728948,0.0621380674238,0.118030280175,0.00275050367036,0.122584332815,0.0621834112268,1,0.2,30,15,3,10,20,6.93246472934e-05,7.4436773233e-06,6.93246472934e-05,0.0498385457077,0.00155074437408,0.0122367998329,6.93246472934e-05,7.4436773233e-06,6.93246472934e-05,0.192300994196,0.551488559342,0.192292170604
477,0.183024215794,0.0406600903225,0.239247909755,0.0309248276459,0.061160530381,0.0893509452121,0.0960091270579,0.0202507113137,0.202331225577,0.00814806766835,0.011632102602,0.0172602466708,1,0.2,30,15,3,10,20,0.0010037151612,0.000107773094796,0.0010037151612,0.021840002943,0.11050831919,0.0163159394157,0.0010037151612,0.000107773094796,0.0010037151612,0.174022409857,0.499068496794,0.174014424965
478,0.062519212839,0.139207061213,0.0184218031427,0.171172241914,0.0789416432257,0.109579162273,0.0411606106778,0.105602992523,0.0535175433757,0.105844886122,0.038400044901,0.0756327977931,1,0.2,30,15,3,10,20,9.31055205401e-05,9.99712914492e-06,9.31055205401e-05,0.0446041953961,0.00206301721947,0.00258667388633,9.31055205401e-05,9.99712914492e-06,9.31055205401e-05,0.195232911922,0.559896831434,0.195223953801
479,0.0248022183558,0.0068388735054,0.110804098753,0.145906514283,0.092228941284,0.0093748360202,0.00403849982598,0.0114116169243,0.0388497176227,0.320780343515,0.0110880021293,0.22387633778,1,0.2,30,15,3,10,20,3.95030879753e-06,4.24161177362e-07,3.95030879753e-06,0.0190758873984,0.000443887053247,0.000337998105721,3.95030879753e-06,4.24161177362e-07,3.95030879753e-06,0.201349004262,0.577436808113,0.201339765509
480,0.0798945280871,0.143911428591,0.0595744916105,0.018667819883,0.0711670569716,0.229454472325,0.11315526204,0.108384048791,0.0295839435527,0.119474865008,0.0237522013333,0.00297988180723,1,0.2,30,15,3,10,20,0.000511170530242,5.48865177517e-05,0.000511170530242,0.0658683796361,0.0151580838196,0.00122788146168,0.000511170530242,5.48865177517e-05,0.000511170530242,0.188091588033,0.539416654306,0.188082957587
481,0.0320504949157,0.00804347962977,0.0174423156851,0.0837778378318,0.263890912186,0.00286716971636,0.034153054878,0.0767159466642,0.061102582544,0.0655572655163,0.310583097859,0.0438158425745,1,0.2,30,15,3,10,20,3.151891647e-05,3.3843178861e-06,3.151891647e-05,5.71688314158e-05,6.41297774749e-05,0.000415139349335,3.151891647e-05,3.3843178861e-06,3.151891647e-05,0.205294351546,0.58875143443,0.205284931764
482,0.100587519287,0.00773769878701,0.241687219637,0.0196027639455,0.062818849364,0.0525252626725,0.0771478755519,0.191273811263,0.0299912643691,0.127490190275,0.0211540396946,0.0679835051545,1,0.2,30,15,3,10,20,3.07834474947e-06,3.30534750619e-07,3.07834474947e-06,0.0201885870422,2.27689920311e-06,0.0127568959061,3.07834474947e-06,3.30534750619e-07,3.07834474947e-06,0.198660659027,0.56972706305,0.198651543627
483,0.149912882972,0.00304133221476,0.132152481922,0.220642563628,0.0236972931427,0.0153946182802,0.0848726864421,0.00321343487445,0.119340117077,0.0570621724288,0.0275828902618,0.163087526756,1,0.2,30,15,3,10,20,0.000211670925211,2.27279925324e-05,0.000211670925211,0.0247745391089,0.0092464684788,0.000170257864374,0.000211670925211,2.27279925324e-05,0.000211670925211,0.198224594843,0.568476500568,0.198215499451
484,0.0635685098102,0.159491985072,0.0310715928925,0.231031498765,0.133881640057,0.0360994534821,0.0735932171721,0.0405909444002,0.000903652338276,0.0512862641081,0.0501108938731,0.128370348029,1,0.2,30,15,3,10,20,5.92023132279e-06,6.35679997904e-07,5.92023132279e-06,0.0998351639103,0.000619830392637,0.000143518363384,5.92023132279e-06,6.35679997904e-07,5.92023132279e-06,0.184760579537,0.52986385358,0.184752101932
485,0.0680018634376,0.0649758889435,0.0242463569393,0.000974835510051,0.0128022358792,0.038882473613,0.28845965415,0.245619434938,0.0599398897366,0.0846610431143,0.0919054671473,0.0195308565901,1,0.2,30,15,3,10,20,8.97497534952e-06,9.63680640215e-07,8.97497534952e-06,0.0700116027067,0.00985076907999,1.40524491641e-05,8.97497534952e-06,9.63680640215e-07,8.97497534952e-06,0.189014911433,0.542064598449,0.18900623862
486,0.0245071714281,0.111740652242,0.0274888560839,0.0270118068781,0.0312143929587,0.113480860826,0.39995913227,0.019101470631,0.124663176259,0.0203575859904,0.0359254762364,0.0645494181957,1,0.2,30,15,3,10,20,0.000182652574424,1.96121708421e-05,0.000182652574424,0.182853915481,0.000922802941287,0.000448985985319,0.000182652574424,1.96121708421e-05,0.000182652574424,0.167427868821,0.480156405618,0.167420186515
487,0.0324222411718,0.00880048558536,0.0732630782931,0.216530923826,0.0696561754181,0.100701826122,0.104315090402,0.0327430137757,0.216846700456,0.0917057847131,0.024014563091,0.0290001171465,1,0.2,30,15,3,10,20,0.000214050101654,2.29834546578e-05,0.000214050101654,0.00204596120143,0.00292720999647,0.00604495687144,0.000214050101654,2.29834546578e-05,0.000214050101654,0.202983035179,0.582122947985,0.20297372145
488,0.0387623726119,0.012029874874,0.0459283926384,0.418872903056,0.0207382588803,0.00685964117006,0.0466450451986,0.118503588219,0.0456608317466,0.0417747199659,0.0128680316269,0.191356340012,1,0.2,30,15,3,10,20,2.90166419208e-05,3.11563820224e-06,2.90166419208e-05,3.56610194965e-07,0.00038460249749,0.00223092869269,2.90166419208e-05,3.11563820224e-06,2.90166419208e-05,0.20486933291,0.587532548816,0.204859932629
489,0.0188513848892,0.25581926353,0.0347711150616,0.24163198037,0.0837483607038,0.0547681535283,0.0193587968436,0.0864736133959,0.0167500885843,0.0304470166651,0.141442564445,0.0159376619842,1,0.2,30,15,3,10,20,0.000481449522623,5.16952488585e-05,0.000481449522623,0.057973776463,0.00391183085513,9.82616961838e-06,0.000481449522623,5.16952488585e-05,0.000481449522623,0.192299690481,0.551484820495,0.192290866949
490,0.0586274763264,0.0982831847225,0.174221569948,0.0227744684325,0.136389620042,0.0198871659263,0.0139508684101,0.00768280750159,0.0282209748124,0.136424681214,0.0130419439296,0.290495238735,1,0.2,30,15,3,10,20,5.20571977974e-06,5.58959905153e-07,5.20571977974e-06,0.0108436234656,0.000325127500597,0.000109360542934,5.20571977974e-06,5.58959905153e-07,5.20571977974e-06,0.203110452858,0.582488361552,0.203101133282
491,0.0221050452909,0.209709359377,0.0330026146288,0.168907771949,0.046521843141,0.0593008709596,0.0083094861746,0.0480753888357,0.0655703648003,0.128062250867,0.0825627074956,0.12787229648,1,0.2,30,15,3,10,20,0.000154762713708,1.66175198504e-05,0.000154762713708,0.00869982516938,0.00226512380082,0.00035923776565,0.000154762713708,1.66175198504e-05,0.000154762713708,0.202971494584,0.582089851401,0.202962181385
492,0.072187570604,0.00935108607739,0.108399492913,0.0124500584376,0.183970271576,0.00520607173192,0.161858265077,0.191286544052,0.0148858086051,0.0507384253797,0.105781876447,0.0838845291001,1,0.2,30,15,3,10,20,0.00010640967973,1.14256523605e-05,0.00010640967973,0.0146075214341,0.000555494743088,9.58168329322e-05,0.00010640967973,1.14256523605e-05,0.00010640967973,0.202205059108,0.579891836782,0.202195781076
493,0.0334204597123,0.1925043485,0.0508552499054,0.00735348160035,0.109740850576,0.0114219037402,0.00373473354363,0.00346250668861,0.3749275079,0.111411290562,0.0708768902594,0.0302907770116,1,0.2,30,15,3,10,20,0.000108347753652,1.16337514632e-05,0.000108347753652,0.0710267259963,0.000258881612783,0.00325752552943,0.000108347753652,1.16337514632e-05,0.000108347753652,0.190024497977,0.544959931525,0.190015778841
494,0.0955222909154,0.215779541082,0.0709805429878,0.0441472475584,0.0230465715295,0.23034886651,0.0483049803327,0.0176847407706,0.0652752407445,0.0177610889406,0.135543702552,0.0356051860774,1,0.2,30,15,3,10,20,0.000143267996021,1.53832839369e-05,0.000143267996021,0.00574584588632,0.000367793805791,0.00648708581505,0.000143267996021,1.53832839369e-05,0.000143267996021,0.202719205498,0.581366326568,0.202709903874
495,0.00476885255946,0.214671761387,0.130094400874,0.0743530185145,0.111986000308,0.0102252162115,0.0888023361856,0.103581296507,0.102797348152,0.0249766199871,0.0724054274745,0.0613377218392,1,0.2,30,15,3,10,20,0.000460974953087,4.94968086946e-05,0.000460974953087,0.00205311260371,0.000545082475013,0.00428768291584,0.000460974953087,4.94968086946e-05,0.000460974953087,0.203618132646,0.583944306155,0.203608789775
496,0.174733362716,0.182171238192,0.0674954841784,0.151722086834,0.0384252580153,0.122378941904,0.0158301745596,0.00195828568083,0.0317830092335,0.172804075748,0.0303746061654,0.0103234767731,1,0.2,30,15,3,10,20,0.000111667385091,1.19901941749e-05,0.000111667385091,0.0984781784527,2.18013723642e-05,0.000419241795841,0.000111667385091,1.19901941749e-05,0.000111667385091,0.185013998903,0.530590619877,0.18500550967
497,0.0782716603463,0.157315748582,0.10264385091,0.00144044518871,0.112754005968,0.0786720565025,0.0280298565444,0.0289466157838,0.308318889101,0.0419757281171,0.0441904858911,0.017440657066,1,0.2,30,15,3,10,20,0.00100335796419,0.000107734741059,0.00100335796419,0.00397778323558,0.00959127671103,0.000890739783809,0.00100335796419,0.000107734741059,0.00100335796419,0.201592589122,0.578135370615,0.201583339193
498,0.154945203558,0.0298601783213,0.00273565348515,0.172191728983,0.00894609719885,0.0268987619025,0.0917428854852,0.190596114054,0.149280423913,0.139272185256,0.0178354625729,0.0156953052705,1,0.2,30,15,3,10,20,0.000360535560303,3.87122110136e-05,0.000360535560303,0.0731688497296,0.00472523036655,0.00342612566812,0.000360535560303,3.87122110136e-05,0.000360535560303,0.188413916275,0.540341040258,0.188405271039
499,0.0532692396757,0.0444125990054,0.0517094827274,0.0507665851499,0.196395154337,0.299566257271,0.0589834308344,0.0887388612426,0.0240623707677,0.0754128671095,0.0431617433432,0.013521408536,1,0.2,30,15,3,10,20,5.67657039555e-05,6.09517105058e-06,5.67657039555e-05,0.0462189358955,0.00096428582011,0.00495700819068,5.67657039555e-05,6.09517105058e-06,5.67657039555e-05,0.19467142967,0.558286589952,0.194662497313
500,0.0735956795823,0.209985758985,0.0699625796966,0.0130220226913,0.126820228005,0.00695457448308,0.128813179274,0.0636468714692,0.0797008353864,0.0802602140261,0.012357344405,0.134880711996,1,0.2,30,15,3,10,20,6.28189376565e-06,6.74513207011e-07,6.28189376565e-06,0.0523134499838,0.00624791406324,0.00210622543297,6.28189376565e-06,6.74513207011e-07,6.28189376565e-06,0.192963349554,0.553388088794,0.192954495571
501,0.0733222678604,0.117168898902,0.148625673787,0.0026114212324,0.14436742769,0.023571853921,0.0680787731023,0.0156400729594,0.097917784274,0.0570619838081,0.00331373481341,0.24832010765,1,0.2,30,15,3,10,20,0.000274396592552,2.94631097787e-05,0.000274396592552,0.0242640978189,0.000840580795475,0.00298607873369,0.000274396592552,2.94631097787e-05,0.000274396592552,0.199423522856,0.571914834754,0.199414372452
502,0.0191927190961,0.134033300903,0.119806840594,0.00514376227314,0.00688775329224,0.162234202844,0.0586582843642,0.0793073612418,0.0603276722121,0.163830247531,0.0361281052895,0.154449750358,1,0.2,30,15,3,10,20,1.90034281571e-05,2.04047756117e-06,1.90034281571e-05,0.00100599515356,0.000301847389741,0.00150296997383,1.90034281571e-05,2.04047756117e-06,1.90034281571e-05,0.204837959042,0.587442573572,0.204828560201
503,0.0691353716007,0.00267951184865,0.00197811848362,0.0195929262572,0.113501544034,0.39985376278,0.0225143562826,0.102707915025,0.174097214036,0.0283195426187,0.0464120442935,0.0192076927395,1,0.2,30,15,3,10,20,6.53615810843e-06,7.0181463293e-07,6.53615810843e-06,4.84999995312e-06,5.53115840766e-05,0.00397673651553,6.53615810843e-06,7.0181463293e-07,6.53615810843e-06,0.204596876726,0.586751187966,0.204587488947
504,0.00033754112121,0.0585609710296,0.00717222614196,0.210667017319,0.183193069002,0.0948540114111,0.0253835432092,0.0462887698471,0.132579911452,0.0780020482091,0.0904233923282,0.0725374989288,1,0.2,30,15,3,10,20,0.000284594128608,3.05580618752e-05,0.000284594128608,0.0398357196174,0.00619540483992,0.000598128984736,0.000284594128608,3.05580618752e-05,0.000284594128608,0.195606295958,0.560967637256,0.195597320705
505,0.000245693283876,0.048688542215,0.018564289483,0.146514092246,0.0610386920228,0.271266505635,0.00177190799576,0.0985249859322,0.140802624668,0.0106902216781,0.146309353759,0.0555830910812,1,0.2,30,15,3,10,20,1.53852925056e-05,1.65198320378e-06,1.53852925056e-05,5.53044817264e-05,0.00165125437826,0.00242046005739,1.53852925056e-05,1.65198320378e-06,1.53852925056e-05,0.204570701075,0.586676120375,0.204561314496
506,0.066652321373,0.319574043817,0.247815197262,0.094724731369,0.007024307424,0.00334070966726,0.00442723217034,0.0427768757893,0.0338114907632,0.0282286326835,0.0728236134627,0.0788008442181,1,0.2,30,15,3,10,20,0.000828036401935,8.89097316552e-05,0.000828036401935,0.0322263186255,0.00112622991734,0.0084891609674,0.000828036401935,8.89097316552e-05,0.000828036401935,0.196119273959,0.562438776291,0.196110275169
507,0.175189293709,0.0373066787083,0.130101854533,0.0984028628492,0.0359541697176,0.0191756079292,0.0150549326399,0.267510734016,0.0992919719091,0.0109810738508,0.000278147634918,0.110752672503,1,0.2,30,15,3,10,20,0.000460125998113,4.94056528484e-05,0.000460125998113,0.0139766676468,0.00423592463138,0.010460124661,0.000460125998113,4.94056528484e-05,0.000460125998113,0.199143157221,0.57111079086,0.199134019681
508,0.194512721384,0.0523515037824,0.174887808689,0.10756526082,0.0099879627897,0.0768473355704,0.0781996400191,0.0128374880375,0.203956896828,0.0508072935933,0.0326035103149,0.00544257817203,1,0.2,30,15,3,10,20,1.08416223319e-05,1.16411033378e-06,1.08416223319e-05,0.197981355454,0.00560326284064,0.0146848204725,1.08416223319e-05,1.16411033378e-06,1.08416223319e-05,0.160582963115,0.460526308526,0.160575594882
509,0.064713922093,0.0124692066632,0.37428363877,0.159987357249,0.127394004547,0.00351918853503,0.0981467457036,0.0315954262321,0.0715075168456,0.00197801292739,0.0335546545402,0.0208503258938,1,0.2,30,15,3,10,20,0.00134400363155,0.00014431129108,0.00134400363155,0.126264889822,0.0437113471166,0.0029249600774,0.00134400363155,0.00014431129108,0.00134400363155,0.168748734956,0.483944438877,0.168740992043
510,0.0106275001839,0.0144957588612,0.18712960681,0.113949579594,0.130063508582,0.0150194352958,0.00395708278779,0.181341178662,0.0511997963724,0.0132658154031,0.259017289866,0.0199334475821,1,0.2,30,15,3,10,20,2.90099452754e-05,3.11491915541e-06,2.90099452754e-05,0.00103129373923,0.00314572372892,0.000417951437018,2.90099452754e-05,3.11491915541e-06,2.90099452754e-05,0.204462772429,0.586366598244,0.204453390803
511,0.004839812083,0.0520246957789,0.0830327967124,0.0651256267243,0.0245857268426,0.183398993963,0.287643695194,0.00320580925357,0.0196352298575,0.135192521695,0.0828663290251,0.0584487628704,1,0.2,30,15,3,10,20,3.38657166765e-07,3.63630363953e-08,3.38657166765e-07,0.0765496448305,0.000232945852712,3.13487160707e-08,3.38657166765e-07,3.63630363953e-08,3.38657166765e-07,0.189657954623,0.543908743686,0.189649252305
512,0.0523107917233,0.0128996552412,0.0367465126845,0.0814596449808,0.124028800792,0.181031446129,0.0283057258751,0.0258639370432,0.0421879310128,0.153621200696,0.0127053447356,0.248839009086,1,0.2,30,15,3,10,20,3.12884842247e-05,3.35957541216e-06,3.12884842247e-05,0.00287695878446,0.00231790102217,0.000978344786328,3.12884842247e-05,3.35957541216e-06,3.12884842247e-05,0.204136579704,0.585431129571,0.204127213045
513,0.141585250569,0.10066063547,0.00275159088479,0.0733950408677,0.0180363765258,0.0195120901596,0.132286890449,0.0281542991773,0.129738830845,0.296406424714,0.00527132000835,0.0522012503306,1,0.2,30,15,3,10,20,7.81872721186e-08,8.39529441782e-09,7.81872721186e-08,1.11624152596e-07,0.000340240655947,1.91975397512e-07,7.81872721186e-08,8.39529441782e-09,7.81872721186e-08,0.205361817102,0.588944914878,0.205352394224
514,0.183190250574,0.055190969765,0.00176101153977,0.0783530721322,0.063823020747,0.00628663729744,0.237713981172,0.077538779636,0.172746980148,0.00645209254761,0.0505823431671,0.0663608612747,1,0.2,30,15,3,10,20,0.000290924417263,3.12377714438e-05,0.000290924417263,0.0249293948704,0.0134307477423,0.00710770550406,0.000290924417263,3.12377714438e-05,0.000290924417263,0.195839404556,0.561636155509,0.195830418607
515,0.177835056695,0.0211122052615,0.0130447302541,0.0551443757561,0.0311726743157,0.110692493953,0.0733641004572,0.155648965406,0.046911420465,0.106603782756,0.196998798417,0.0114713962629,1,0.2,30,15,3,10,20,3.38366718215e-05,3.63318497197e-06,3.38366718215e-05,0.0343283328722,0.00403877241711,3.41045616291e-05,3.38366718215e-05,3.63318497197e-06,3.38366718215e-05,0.197513714841,0.566437810182,0.197504652068
516,0.00196163514942,0.187339942744,0.0935794706936,0.0650505503201,0.00960541912772,0.157070618886,0.0458171830703,0.183019724012,0.0927444697894,0.0970340137459,0.00282329517545,0.063953677286,1,0.2,30,15,3,10,20,6.72039973687e-05,7.21597427147e-06,6.72039973687e-05,0.0738945454531,0.00128991627986,0.00221996639605,6.72039973687e-05,7.21597427147e-06,6.72039973687e-05,0.189472320928,0.543376375877,0.189463627128
517,0.192470721167,0.107412018163,0.0205180410528,0.0120847305387,0.00988247735682,0.14938404799,0.180138392575,0.0164556386942,0.134326694325,0.0839478018517,0.0314932005067,0.0618862357787,1,0.2,30,15,3,10,20,0.000202927701728,2.17891960594e-05,0.000202927701728,0.0416985853672,0.00161725045075,0.00496511995707,0.000202927701728,2.17891960594e-05,0.000202927701728,0.19533769405,0.560197329854,0.195328731122
518,0.150414068161,0.136121252603,0.00918837522966,0.0248193931722,0.0578981332295,0.121282810029,0.0633879419375,0.120776328908,0.032722580474,0.0125642825797,0.144869905964,0.125954927712,1,0.2,30,15,3,10,20,2.44098892863e-05,2.62099190459e-06,2.44098892863e-05,0.0493811939281,5.81361242208e-05,0.000232682396525,2.44098892863e-05,2.62099190459e-06,2.44098892863e-05,0.195206495205,0.559821072508,0.195197538297
519,0.157925249159,0.0695904136982,0.0847049589865,0.0721726329984,0.0332861640816,0.074242988939,0.0500132986613,0.0236490975402,0.00895674719494,0.124106701565,0.115683232859,0.185668514317,1,0.2,30,15,3,10,20,4.76996577484e-05,5.1217117515e-06,4.76996577484e-05,0.00482403664112,0.00327954904178,0.000107424839317,4.76996577484e-05,5.1217117515e-06,4.76996577484e-05,0.203703739967,0.584189814288,0.203694393168
520,0.132192839754,0.0603491486202,0.0166036014898,0.0238205419659,0.0601446088641,0.24194726557,0.0176987957483,0.0533942179313,0.124532295314,0.158684294017,0.00140596025674,0.109226430469,1,0.2,30,15,3,10,20,4.59752223888e-05,4.93655191465e-06,4.59752223888e-05,0.0314983032809,0.0023064335975,0.00426446192634,4.59752223888e-05,4.93655191465e-06,4.59752223888e-05,0.197571410397,0.566603271828,0.197562344977
521,0.0405211173331,0.0752897737889,0.279747360352,0.0259246001431,0.0445799032533,0.0634827876562,0.129216105488,0.0680185678449,0.166803897936,0.0193311438771,0.0538857003052,0.0331990420224,1,0.2,30,15,3,10,20,0.00016939142055,1.81882652872e-05,0.00016939142055,0.000279982790609,0.000886738604476,0.0158485816813,0.00016939142055,1.81882652872e-05,0.00016939142055,0.201789691892,0.5787006299,0.201780432919
522,0.0728606210885,0.0747518107543,0.0628766053039,0.000117269817522,0.193988598788,0.0140233188418,0.0964370436483,0.191722768814,0.125390087264,0.0191217326886,0.00257231850063,0.146137824491,1,0.2,30,15,3,10,20,2.72711004236e-05,2.92821211114e-06,2.72711004236e-05,0.114899006682,0.0010687850405,0.0050116462011,2.72711004236e-05,2.92821211114e-06,2.72711004236e-05,0.180555201979,0.517803501938,0.180546917334
523,0.0834591463957,0.0610179033663,0.00493941329115,0.0370382960394,0.116118532813,0.0769979287185,0.0604076318314,0.12443079522,0.131720224488,0.0250786700193,0.180721977252,0.098069480566,1,0.2,30,15,3,10,20,6.76049632319e-06,7.25902765321e-07,6.76049632319e-06,0.00100006820848,0.00165025532256,0.0017099252028,6.76049632319e-06,7.25902765321e-07,6.76049632319e-06,0.204530255967,0.586560130263,0.204520871245
524,0.0850855578619,0.00867592084658,0.110511116904,0.00705460655558,0.0444296207063,0.141883985508,0.0965230873387,0.00824903199146,0.139936575658,0.195943529661,0.0276253519763,0.134081614993,1,0.2,30,15,3,10,20,3.17590829328e-06,3.41010556368e-07,3.17590829328e-06,0.0130935361388,0.00331980652607,0.0013947313232,3.17590829328e-06,3.41010556368e-07,3.17590829328e-06,0.201770748128,0.578646302207,0.201761490023
525,0.221081487066,0.0388015935088,0.0148889547387,0.322509462029,0.0203918304049,0.0922401159124,0.0177326950748,0.0217517378445,0.0995903301814,0.10166426559,0.00411762370248,0.0452299039466,1,0.2,30,15,3,10,20,1.06386906132e-05,1.1423207064e-06,1.06386906132e-05,0.112764937967,0.00384331726154,0.00156231056872,1.06386906132e-05,1.1423207064e-06,1.06386906132e-05,0.181146634822,0.519499636937,0.18113832304
526,0.251756359085,0.0391963882586,0.105994491127,0.00934183910393,0.0646956484271,0.0255053120486,0.0338199199931,0.000421349641609,0.0304687566238,0.233320732527,0.0596131737765,0.145866029388,1,0.2,30,15,3,10,20,4.20258760164e-05,4.51249407691e-06,4.20258760164e-05,0.00178982189136,0.000230028562558,0.000220580826947,4.20258760164e-05,4.51249407691e-06,4.20258760164e-05,0.204935199674,0.587721444182,0.204925796371
527,0.290350827954,0.112077697523,0.0199863305084,0.0566171898625,0.106472640182,0.151255933592,0.075473527899,0.0150072740453,0.0217951370662,0.0360187100598,0.0344972292437,0.0804475020635,1,0.2,30,15,3,10,20,0.000100814960396,1.08249239462e-05,0.000100814960396,0.00108780494764,0.00240380025864,0.0065957888103,0.000100814960396,1.08249239462e-05,0.000100814960396,0.203272281505,0.582952460284,0.203262954504
528,0.0136982090871,0.332385738638,0.0531738602678,0.00833783493679,0.0327086476974,0.0547913561978,0.00688908642893,0.08337189077,0.0856631436169,0.0775982720529,0.130169776779,0.121212183528,1,0.2,30,15,3,10,20,5.81845069207e-05,6.24751385896e-06,5.81845069207e-05,0.0381886620853,1.1409230911e-05,0.000797173423493,5.81845069207e-05,6.24751385896e-06,5.81845069207e-05,0.19737018888,0.566026200632,0.197361132692
529,0.0447941131017,0.173399044306,0.013383457822,0.00697155953786,0.0371246503361,0.0507981592151,0.0607715046661,0.0268245182694,0.0308630743829,0.00981141259666,0.00822896703029,0.537029538736,1,0.2,30,15,3,10,20,1.22677017123e-05,1.31723444129e-06,1.22677017123e-05,0.000407933238564,0.000120148393446,0.000585329470127,1.22677017123e-05,1.31723444129e-06,1.22677017123e-05,0.205192491429,0.588459315872,0.205183076321
530,0.0151521579782,0.192307235279,0.110342790791,0.00431746457144,0.165570652287,0.077290176875,0.11144388887,0.0295683515916,0.265507988452,0.00647078888974,0.0133742461203,0.00865425829601,1,0.2,30,15,3,10,20,0.0016045828409,0.000172290770635,0.0016045828409,0.125872321369,0.126566449175,0.00608716746009,0.0016045828409,0.000172290770635,0.0016045828409,0.15093306575,0.432851943046,0.150926140296
531,0.0548814220263,0.0161018362001,0.0649954083622,0.269459267004,0.0316813022851,0.280719298878,0.0643291252803,0.063472709675,0.0253058937067,0.0049655232077,0.0875470475739,0.0365411658006,1,0.2,30,15,3,10,20,0.000543122237035,5.83173061449e-05,0.000543122237035,0.00458481393158,0.00380135586516,0.00627100992051,0.000543122237035,5.83173061449e-05,0.000543122237035,0.201950533113,0.57916189685,0.201941266759
532,0.050933280787,0.129163111127,0.0689115881293,0.0552042090775,0.0472876661405,0.0377288978264,0.1728283485,0.00628186425426,0.266788015997,0.032999966547,0.119231005992,0.0126420456223,1,0.2,30,15,3,10,20,2.26365773473e-05,2.430583985e-06,2.26365773473e-05,0.0599660012498,0.000380404399999,0.0113973866059,2.26365773473e-05,2.430583985e-06,2.26365773473e-05,0.190673784202,0.54682198079,0.190665035274
533,0.152535214584,0.00420591851432,0.0356961555148,0.183930260913,0.124650613181,0.0546390110252,0.0489615512061,0.00943639080055,0.0114451439739,0.0981870367287,0.112416148856,0.163896554703,1,0.2,30,15,3,10,20,2.57668715822e-05,2.76669676915e-06,2.57668715822e-05,5.26121551785e-05,0.0001678482098,0.000434904248143,2.57668715822e-05,2.76669676915e-06,2.57668715822e-05,0.205274900595,0.588695652207,0.205265481705
534,0.0325366232349,0.15657700605,0.0270080200863,0.0793975325931,0.012371251113,0.00747487981932,0.0470347256399,0.046449883427,0.175288331831,0.0382590055156,0.136411292138,0.241191448552,1,0.2,30,15,3,10,20,4.23309401208e-08,4.5452500857e-09,4.23309401208e-08,2.74267587918e-06,0.000597523611911,0.000236245543889,4.23309401208e-08,4.5452500857e-09,4.23309401208e-08,0.205259960615,0.588652806729,0.205250542411
535,0.0921727568051,0.0219549600025,0.0103980829452,0.121372164956,0.0489339483484,0.0774085267744,0.19708930223,0.0534839695277,0.0153280552342,0.0263251591544,0.020516779347,0.315016294675,1,0.2,30,15,3,10,20,5.37660045961e-06,5.77308078442e-07,5.37660045961e-06,0.000320009064303,0.00108687490298,0.000594756549101,5.37660045961e-06,5.77308078442e-07,5.37660045961e-06,0.205015987439,0.587953130598,0.205006580429
536,0.129592228314,0.00836469054407,0.0808849714613,0.0522000509943,0.0671437433505,0.116727061838,0.174842911452,0.0179643208319,0.158698681981,0.111428732845,0.035993917146,0.0461586892408,1,0.2,30,15,3,10,20,0.000123457153969,1.32561109688e-05,0.000123457153969,0.000734122659837,0.00188654117055,0.00139858581427,0.000123457153969,1.32561109688e-05,0.000123457153969,0.204499266993,0.586471258831,0.204489883693
537,0.0807044890132,0.111763898128,0.0823384061572,0.00509735644589,0.0197516575551,0.255193278008,0.0387392260071,0.0407038005561,0.0217261273621,0.0581117092945,0.158161455393,0.127708596079,1,0.2,30,15,3,10,20,4.97927030491e-05,5.34645077938e-06,4.97927030491e-05,0.029887746529,0.000412422772075,0.00096516603351,4.97927030491e-05,5.34645077938e-06,4.97927030491e-05,0.198965835272,0.570602259812,0.198956705869
538,0.00286494417592,0.0422556044672,0.191325708714,0.0264062136473,0.219145195697,0.0662842561135,0.150335453546,0.05284647084,0.0195641299476,0.146267871975,0.0269412912601,0.0557628596161,1,0.2,30,15,3,10,20,4.55004643788e-06,4.88557516149e-07,4.55004643788e-06,0.000446549747889,0.00376463264777,0.000155789945939,4.55004643788e-06,4.88557516149e-07,4.55004643788e-06,0.204530788628,0.586561657849,0.204521403881
539,0.0148453768529,0.085524958726,0.0505569343306,0.0383236339937,0.135415494699,0.137836111687,0.028963174963,0.0212433803382,0.0757721843299,0.016370325668,0.162439873003,0.232708551409,1,0.2,30,15,3,10,20,6.85191975203e-05,7.35719281244e-06,6.85191975203e-05,0.0154951339827,0.000178839962025,0.00195063667441,6.85191975203e-05,7.35719281244e-06,6.85191975203e-05,0.201751860282,0.57859213488,0.201742603044
540,0.0614090612989,0.153084819052,0.0302872844738,0.143407547832,0.0374371421868,0.0010098828181,0.156191252972,0.190446443653,0.0527354555565,0.0662368303272,0.0914360623768,0.0163182174532,1,0.2,30,15,3,10,20,0.00043753006007,4.69794324755e-05,0.00043753006007,0.0196487393151,0.00535147488316,0.00555397265229,0.00043753006007,4.69794324755e-05,0.00043753006007,0.198776207935,0.570058438876,0.198767087233
541,0.113436476454,0.0722924903315,0.026095626965,0.23731961813,0.141412026011,0.039356226332,0.120228370516,0.0573717306399,0.0382533249071,0.0546557732494,0.0521679753915,0.0474103610732,1,0.2,30,15,3,10,20,0.00013754686832,1.47689825276e-05,0.00013754686832,0.000434067230456,0.000207915867651,0.00616948445742,0.00013754686832,1.47689825276e-05,0.00013754686832,0.203913457033,0.584791249362,0.203904100612
542,0.0455671525886,0.187219796771,0.00710078241875,0.138027399063,0.0363242741111,0.0439078654697,0.0187342222713,0.0404851526781,0.0475168541756,0.220821250001,0.0272104493029,0.18708480115,1,0.2,30,15,3,10,20,5.79123342807e-06,6.21828954427e-07,5.79123342807e-06,0.0311038253479,0.000219089843848,0.000635788943677,5.79123342807e-06,6.21828954427e-07,5.79123342807e-06,0.198861493628,0.570303024632,0.198852369013
543,0.045952038333,0.0200731378285,0.0609197128579,0.0968068972175,0.0772415779738,0.0456198217383,0.0799237077301,0.2241516019,0.0946650859532,0.132091210196,0.0880206480744,0.0345345601977,1,0.2,30,15,3,10,20,1.06796982062e-05,1.14672386317e-06,1.06796982062e-05,0.0695981312833,9.92520087634e-05,2.97913703075e-05,1.06796982062e-05,1.14672386317e-06,1.06796982062e-05,0.191098414459,0.548039752592,0.191089646047
544,0.0660532598425,0.0910597905612,0.00444499189754,0.0132816948174,0.00813241865529,0.0133259611646,0.0775937920715,0.30112841615,0.205240800814,0.0230129803514,0.14710890174,0.0496169919345,1,0.2,30,15,3,10,20,4.72397777018e-06,5.07233250749e-07,4.72397777018e-06,0.0376290882685,0.010101028491,0.000551617706857,4.72397777018e-06,5.07233250749e-07,4.72397777018e-06,0.195509147493,0.560689030965,0.195500176698
545,0.0142081905325,0.105698320576,0.0102708479229,0.052780693197,0.0195474076279,0.0212235608738,0.256317326378,0.110355587667,0.0132118070694,0.190652694788,0.0974707485307,0.108262814837,1,0.2,30,15,3,10,20,4.53216060975e-05,4.86637039977e-06,4.53216060975e-05,0.0150622229056,0.0007686212893,0.000547429470184,4.53216060975e-05,4.86637039977e-06,4.53216060975e-05,0.202027983064,0.579384010949,0.202018713157
546,0.111096635769,0.0845551711378,0.114276322721,0.0309544294157,0.0581590472214,0.0952334438258,0.0778189566313,0.270003324811,0.0159777100739,0.0209449050451,0.0333545649486,0.0876254883995,1,0.2,30,15,3,10,20,0.000147667898435,1.58557198611e-05,0.000147667898435,0.085227007943,0.00858553359967,8.58601958356e-05,0.000147667898435,1.58557198611e-05,0.000147667898435,0.186014264376,0.533459221606,0.186005729246
547,0.0787966526068,0.0463067176387,0.0705815766622,0.10861088432,0.0311086270446,0.0557062085295,0.192841478077,0.0288679194895,0.000817695096545,0.34486774856,0.000408043497393,0.0410864484776,1,0.2,30,15,3,10,20,0.000145681263703,1.56424065811e-05,0.000145681263703,0.0188517280822,0.00209472534474,5.31756096534e-05,0.000145681263703,1.56424065811e-05,0.000145681263703,0.200991713751,0.576412155952,0.200982491392
548,0.00826762765064,0.00494082372979,0.0801343436801,0.00577801224052,0.259229032165,0.116350697377,0.112451932952,0.0905818545289,0.0162182111982,0.0533779927512,0.0428915945095,0.209777877217,1,0.2,30,15,3,10,20,0.000285274314165,3.06310962432e-05,0.000285274314165,0.0369702834565,0.00428307661159,0.000186728770786,0.000285274314165,3.06310962432e-05,0.000285274314165,0.196671726674,0.564023122503,0.196662702535
549,0.085937098371,0.0454681349207,0.0707179996503,0.0152438693974,0.0925155688107,0.132230916377,0.0797790098442,0.0305414036635,0.21576512196,0.197384411165,0.0084489176256,0.025967548214,1,0.2,30,15,3,10,20,9.9912764053e-08,1.07280513515e-08,9.9912764053e-08,0.00342864105167,0.00282616357142,0.00420977197435,9.9912764053e-08,1.07280513515e-08,9.9912764053e-08,0.203281999665,0.582980330413,0.203272672218
550,0.00269253772491,0.0523112737402,0.062052679296,0.171234937988,0.0327026341838,0.0546480118221,0.0971647129587,0.00736226797016,0.28324423252,0.101717587276,0.0907645059909,0.0441046185283,1,0.2,30,15,3,10,20,3.0221299263e-05,3.24498729943e-06,3.0221299263e-05,0.0463880692912,0.00161298542024,0.00109049888675,3.0221299263e-05,3.24498729943e-06,3.0221299263e-05,0.195320708165,0.560148617048,0.195311746017
551,0.0119239211889,0.144634976595,0.00546067684937,0.00987651113402,0.0940011111446,0.249882614867,0.108071371075,0.0460867998077,0.177260577413,0.0906031609835,0.0142006929332,0.0479975860088,1,0.2,30,15,3,10,20,5.8772535817e-05,6.31065298092e-06,5.8772535817e-05,0.0194089078486,0.00179423874546,0.0134890306435,5.8772535817e-05,6.31065298092e-06,5.8772535817e-05,0.198254077692,0.568561052673,0.198244980948
552,0.0160278756583,0.270432162213,0.0650959343572,0.066055957467,0.186416542772,0.0436102394086,0.0444035107602,0.0365542022392,0.00430616533606,0.0802446369139,0.111848421914,0.0750043509606,1,0.2,30,15,3,10,20,0.000127727774233,1.37146653281e-05,0.000127727774233,0.00900385914551,0.00376673998356,0.00388648329271,0.000127727774233,1.37146653281e-05,0.000127727774233,0.20189935602,0.579015129116,0.201890092015
553,0.106722384765,0.0380602528768,0.0520025657218,0.210837550784,0.0214060627747,0.110443748201,0.097402402111,0.0738324013002,0.167259745297,0.00700533448739,0.0233389640545,0.0916885876271,1,0.2,30,15,3,10,20,0.00114281135894,0.000122708435304,0.00114281135894,0.0714744796935,0.000696250890915,0.0108398641775,0.00114281135894,0.000122708435304,0.00114281135894,0.187389328111,0.537402684933,0.187380729888
554,0.155258839912,0.285901484384,0.0605633360234,0.0762717704395,0.00122485102011,0.0336296487611,0.0566008855478,0.00673558652252,0.0145348755805,0.0141747008827,0.259080899479,0.0360231214474,1,0.2,30,15,3,10,20,3.56056313406e-05,3.82312555403e-06,3.56056313406e-05,2.11944956906e-05,0.000125114890637,4.7263473592e-05,3.56056313406e-05,3.82312555403e-06,3.56056313406e-05,0.2053612485,0.588943284216,0.205351825648
555,0.0445363274749,0.234950602135,0.240089538908,0.179958118043,0.0204701712908,0.0122328750145,0.0152931436621,0.130498999704,0.0103844019306,0.0956623590275,0.00686747043651,0.00905599237256,1,0.2,30,15,3,10,20,0.00128972429063,0.000138483091227,0.00128972429063,0.0312676348737,0.0115929958754,0.000926404197915,0.00128972429063,0.000138483091227,0.00128972429063,0.195319892699,0.560146278421,0.195310930588
556,0.0328345044263,0.0925136603927,0.00417249883419,0.0973615167401,0.135804457179,0.127507102402,0.00850058985593,0.127591849768,0.0907822802583,0.0738914968945,0.194292325316,0.0147477179322,1,0.2,30,15,3,10,20,3.82903881055e-05,4.1113991166e-06,3.82903881055e-05,0.0751469515537,3.75585500619e-05,1.01181843386e-05,3.82903881055e-05,4.1113991166e-06,3.82903881055e-05,0.189951318844,0.544750065451,0.189942603066
557,0.0128862722116,0.349609882932,0.109784978328,0.00985464902256,0.0516605536085,0.0521686516325,0.0562531498788,0.00445801159059,0.0149390387382,0.0536383495319,0.22472879721,0.0600176653139,1,0.2,30,15,3,10,20,2.40834681583e-05,2.58594270286e-06,2.40834681583e-05,0.00344178479203,0.000596708338876,0.000686456298272,2.40834681583e-05,2.58594270286e-06,2.40834681583e-05,0.204440335848,0.586302253713,0.204430955252
558,0.170884570162,0.123385218684,0.0248540796073,0.034088662573,0.0742684911107,0.151893727966,0.0664123578289,0.0738789193999,0.213908542492,0.00278042898006,0.0143896259636,0.0492553752323,1,0.2,30,15,3,10,20,0.00159900675906,0.000171692043406,0.00159900675906,0.0726058380928,0.00241447177863,0.048074775826,0.00159900675906,0.000171692043406,0.00159900675906,0.178759703411,0.512654298616,0.178751501152
559,0.053953478813,0.110956985416,0.0579963273708,0.110570556935,0.00888989838528,0.0823103647679,0.0434599395103,0.0234212594266,0.320607235164,0.0629101968025,0.0880874629408,0.0368362944683,1,0.2,30,15,3,10,20,2.15069837219e-05,2.30929479303e-06,2.15069837219e-05,0.102506347891,0.000972657887091,0.00234028159842,2.15069837219e-05,2.30929479303e-06,2.15069837219e-05,0.183674570475,0.526749352923,0.183666142701
560,0.0617495203195,0.0985712827194,0.0604223311973,0.228105899418,0.0242160680464,0.011859031942,0.0964169035142,0.227380413947,0.00690083447399,0.109316231759,0.0544881418192,0.0205733408438,1,0.2,30,15,3,10,20,4.70815390753e-05,5.05534176435e-06,4.70815390753e-05,0.0317479480566,3.1717657791e-06,0.0142426488699,4.70815390753e-05,5.05534176435e-06,4.70815390753e-05,0.1959424935,0.561931798147,0.195933502821
561,0.058813810543,0.0364145017648,0.00711596074563,0.102210940683,0.0626104055356,0.117741303389,0.179002994295,0.160068425969,0.0216916899734,0.0943927357102,0.136084544949,0.0238526864425,1,0.2,30,15,3,10,20,7.07342856307e-06,7.59503608725e-07,7.07342856307e-06,0.057282715554,0.00033831673285,0.000381638744009,7.07342856307e-06,7.59503608725e-07,7.07342856307e-06,0.193510123318,0.554956148683,0.193501244247
562,0.0524624696085,0.052715793692,0.0739260696463,0.0476013543699,0.166016961858,0.00404894479475,0.0644600894146,0.0168623359979,0.39291337895,0.013369879242,0.0851597499911,0.0304629724349,1,0.2,30,15,3,10,20,0.000444789256105,4.77588827146e-05,0.000444789256105,0.034023272371,0.0155199835434,0.000124647384923,0.000444789256105,4.77588827146e-05,0.000444789256105,0.194843356602,0.558779648952,0.194834416356
563,0.180886309761,0.0772164287216,0.00829457036275,0.0462274053575,0.143383079042,0.0183923143904,0.0464128432952,0.04988490014,0.139514193847,0.0500846986229,0.0181691266992,0.221534129761,1,0.2,30,15,3,10,20,7.47695587333e-05,8.0283202374e-06,7.47695587333e-05,0.000611313388987,0.00165989644406,0.000380884148584,7.47695587333e-05,8.0283202374e-06,7.47695587333e-05,0.204822280141,0.587397608984,0.204812882019
564,0.158999325729,0.0838284711463,0.0121776702169,0.104275980336,0.0656579121971,0.182791948802,0.0185449788687,0.0458035089183,0.0267571633361,0.0102090052608,0.190142883075,0.100811152114,1,0.2,30,15,3,10,20,0.000105260921453,1.13023053796e-05,0.000105260921453,0.00233175349036,0.0027319550721,0.000113544882085,0.000105260921453,1.13023053796e-05,0.000105260921453,0.204277131228,0.585834208911,0.20426775812
565,0.0505190891504,0.168575173668,0.0315856709846,0.213438639836,0.0128978411742,0.050807807721,0.166006683725,0.218244241733,0.0262195212995,0.00161555373164,0.0246337026767,0.0354560742991,1,0.2,30,15,3,10,20,0.00346761144759,0.000372331944066,0.00346761144759,0.0802945658541,0.00600383628694,0.0301821729266,0.00346761144759,0.000372331944066,0.00346761144759,0.178500615251,0.511911275123,0.17849242488
566,0.03078191177,0.120182100499,0.018565526601,0.0576031450235,0.173477962584,0.00461195788671,0.0164815094604,0.00961110786275,0.10893696524,0.0611415614157,0.243181470821,0.155424780836,1,0.2,30,15,3,10,20,8.48016659267e-06,9.10550954504e-07,8.48016659267e-06,0.00608529686599,0.000315719297052,0.00121971541684,8.48016659267e-06,9.10550954504e-07,8.48016659267e-06,0.20385896,0.584634960571,0.20384960608
567,0.104060178616,0.0994207395784,0.00682207639063,0.509638085476,0.0248790065114,0.0375735198061,0.0133806064747,0.00588794221081,0.0107754017965,0.0472503625724,0.0394586319458,0.100853448621,1,0.2,30,15,3,10,20,0.000343080346467,3.68379716994e-05,0.000343080346467,0.123486630132,0.000569885048278,0.000307274006652,0.000343080346467,3.68379716994e-05,0.000343080346467,0.179586507068,0.515025439543,0.179578266872
568,0.153217390788,0.055620196682,0.0686304240548,0.0439348585052,0.011952760134,0.198804319762,0.136332467022,0.0672086577217,0.058442857583,0.0235378357561,0.0584477355616,0.123870496429,1,0.2,30,15,3,10,20,6.29654111064e-05,6.76085953703e-06,6.29654111064e-05,0.0300851880533,0.00977031842431,0.00359493047373,6.29654111064e-05,6.76085953703e-06,6.29654111064e-05,0.19645122188,0.563390749947,0.196442207858
569,0.313175714858,0.0372276451011,0.0664755952735,0.267075721459,0.0112279387139,0.04561889947,0.0202664434885,0.0819261740024,0.0385026237738,0.00101875219068,0.117091313741,0.000393177928256,1,0.2,30,15,3,10,20,0.00022060176354,2.36869339961e-05,0.00022060176354,0.0355856465502,0.011861189174,0.0172119118123,0.00022060176354,2.36869339961e-05,0.00022060176354,0.191957871125,0.550504537139,0.191949063278
570,0.100264635823,0.0489722319487,0.000221245574665,0.130111132203,0.0793234203551,0.113004592885,0.109125577496,0.163449689081,0.0575332950542,0.0209218516935,0.143893354242,0.0331789736447,1,0.2,30,15,3,10,20,5.66595474921e-05,6.08377258712e-06,5.66595474921e-05,0.0488739353753,0.00321845604692,0.000399558485862,5.66595474921e-05,6.08377258712e-06,5.66595474921e-05,0.194599267097,0.558079639209,0.194590338051
571,0.0305340606535,0.149102577206,0.264728134267,0.0118910544614,0.0699979886899,0.0199669526831,0.174675072298,0.041641990405,0.0267169261362,0.0612861815531,0.0765331059816,0.0729259556652,1,0.2,30,15,3,10,20,2.76972685999e-05,2.97397157063e-06,2.76972685999e-05,0.0632435291991,3.37139153755e-05,0.00101158170406,2.76972685999e-05,2.97397157063e-06,2.76972685999e-05,0.192200890139,0.551201476884,0.192192071141
572,0.0284620160773,0.042529845942,0.133252250997,0.124270222791,0.0416077793909,0.18069125358,0.0543794508135,0.0802771252626,0.140809220022,0.0165786225071,0.0156802422851,0.141461970331,1,0.2,30,15,3,10,20,0.000127340136874,1.36730430835e-05,0.000127340136874,0.000191429528907,3.69406920561e-05,0.00429790874012,0.000127340136874,1.36730430835e-05,0.000127340136874,0.204391744971,0.586162902831,0.204382366604
573,0.0734056621925,0.0466968392286,0.103776192893,0.0227449828878,0.170131393925,0.0881278581356,0.286421617842,0.0417655687306,0.0340898729406,0.0370030810686,0.0851979497786,0.0106389803765,1,0.2,30,15,3,10,20,5.70365350811e-09,6.12425132126e-10,5.70365350811e-09,0.106601453424,0.000540190431121,0.0101116687379,5.70365350811e-09,6.12425132126e-10,5.70365350811e-09,0.181344274341,0.520066435536,0.181335953491
574,0.0112863259389,0.0452385223379,0.0226785428962,0.188339111347,0.0576701559601,0.0247418198518,0.149004779277,0.209895144195,0.121404235121,0.0584291702284,0.101945111565,0.00936708128137,1,0.2,30,15,3,10,20,8.40921584132e-05,9.02932675587e-06,8.40921584132e-05,0.040937640118,0.0116357984095,0.00219519673081,8.40921584132e-05,9.02932675587e-06,8.40921584132e-05,0.19410781108,0.55667022179,0.194098904584
575,0.278938842984,0.206410384162,0.0908832403586,0.0152240976048,0.0901240159866,0.0841360824665,0.0119343187382,0.0052890687378,0.0289979485501,0.0124706227876,0.0272902940951,0.148301083528,1,0.2,30,15,3,10,20,3.69057158648e-07,3.96272106687e-08,3.69057158648e-07,0.017684441574,0.0133412348577,0.00048397902835,3.69057158648e-07,3.96272106687e-08,3.69057158648e-07,0.198958437282,0.570581043557,0.198949308218
576,0.0809401766391,0.0819882801178,0.138678635195,0.0767754633832,0.0385558968246,0.055265982047,0.184450650311,0.0777090349597,0.0703805384875,0.0645280621957,0.0861390564059,0.0445882234328,1,0.2,30,15,3,10,20,0.000363190761844,3.89973111083e-05,0.000363190761844,0.0375463043155,0.00340063614798,0.00152859379764,0.000363190761844,3.89973111083e-05,0.000363190761844,0.19639154976,0.563219619832,0.196382538477
577,0.146761320477,0.065920910932,0.0834125042628,0.0174960430257,0.15295017169,0.0584283768884,0.000500023732792,0.0324641808051,0.104416186139,0.0114110854525,0.0705599492737,0.255679247321,1,0.2,30,15,3,10,20,9.50205510908e-06,1.02027539846e-06,9.50205510908e-06,0.00206023099595,0.00358431250616,0.000177616613039,9.50205510908e-06,1.02027539846e-06,9.50205510908e-06,0.204227559056,0.585692043834,0.204218188223
578,0.158816571601,0.0292969640538,0.245775152752,0.141205634514,0.0874795309697,0.0574317859829,0.0315189353507,0.0820408336143,0.108785814798,0.0204159599656,0.0116074344292,0.0256253819683,1,0.2,30,15,3,10,20,0.000457879486025,4.91644354496e-05,0.000457879486025,0.134687021201,0.0414945240883,0.00351214494347,0.000457879486025,4.91644354496e-05,0.000457879486025,0.168120585408,0.482143006228,0.168112871317
579,0.108773133234,0.0409808520293,0.00020515724694,0.0478660005248,0.0452244868707,0.00529516484092,0.181595838233,0.0714175821245,0.054474256725,0.00984596131578,0.415808421265,0.0185131455893,1,0.2,30,15,3,10,20,5.42894675698e-05,5.82928719323e-06,5.42894675698e-05,0.000885232733306,4.06436470388e-05,0.00177080409734,5.42894675698e-05,5.82928719323e-06,5.42894675698e-05,0.204830853209,0.587422195175,0.204821454694
580,0.0388495402337,0.105367793717,0.153384551463,0.0549280726988,0.00778663473122,0.0202296396598,0.265187197441,0.062421397047,0.132636339466,0.0078521790001,0.0918197487279,0.059536905814,1,0.2,30,15,3,10,20,3.95768264338e-05,4.24952938031e-06,3.95768264338e-05,0.0429674833065,0.00649117578495,0.00368978994274,3.95768264338e-05,4.24952938031e-06,3.95768264338e-05,0.194479192235,0.557735283668,0.194470268698
581,0.0437379931132,0.00880162860365,0.018280442122,0.177172130469,0.0921313154257,0.0194728631709,0.311493283218,0.0439633573975,0.114944844341,0.142299152772,0.00860785841237,0.0190951309551,1,0.2,30,15,3,10,20,7.13494622006e-05,7.66109016847e-06,7.13494622006e-05,7.86839780731e-05,0.00316386499777,0.00265688140496,7.13494622006e-05,7.66109016847e-06,7.13494622006e-05,0.204158135106,0.585492947025,0.204148767458
582,0.159086083918,0.202280320726,0.104749667129,0.00900264295668,0.0143995228567,0.157079925803,0.0141205564797,0.085384637608,0.00788642667001,0.149592947765,0.0946498455697,0.00176742251703,1,0.2,30,15,3,10,20,3.27452336979e-05,3.51599269581e-06,3.27452336979e-05,0.000119368475379,0.000864587196758,0.00179495114088,3.27452336979e-05,3.51599269581e-06,3.27452336979e-05,0.204832615237,0.58742724839,0.204823216641
583,0.0127161174359,0.00590238021678,0.00967681661829,0.000929179672785,0.0606655122203,0.0639685331095,0.00846176045961,0.294472626497,0.182415288103,0.0854626541366,0.0379867589558,0.237342372575,1,0.2,30,15,3,10,20,4.50641007365e-06,4.83872097218e-07,4.50641007365e-06,0.0222739981449,2.77357562693e-05,0.00111693938792,4.50641007365e-06,4.83872097218e-07,4.50641007365e-06,0.200617000364,0.575337537764,0.200607795199
584,0.273043226409,0.0357203894655,0.0609742517527,0.136029701411,0.0130060456953,0.0246988143888,0.00160655731941,0.266032343262,0.0120211103437,0.0846581678727,0.0786517039323,0.0135576881474,1,0.2,30,15,3,10,20,0.000443947568678,4.76685072153e-05,0.000443947568678,0.0117764949632,0.0028343334783,0.0076003148429,0.000443947568678,4.76685072153e-05,0.000443947568678,0.200484578197,0.574957772123,0.200475379107
585,0.0979002317159,0.127821820958,0.139863509336,0.0124759231259,0.0775151111165,0.12382301148,0.0887568120339,0.058672069545,0.125556604131,0.00317883076889,0.00684847394084,0.137587601848,1,0.2,30,15,3,10,20,0.000210885577685,2.26436664839e-05,0.000210885577685,0.077797124255,6.73523101659e-05,0.0197552450231,0.000210885577685,2.26436664839e-05,0.000210885577685,0.185195050161,0.531109845987,0.18518655262
586,0.0262514445488,0.409607180084,0.0844553369546,0.0816831038751,0.106274287598,0.0149754862002,0.00510634614039,0.0132476283985,0.0334885030258,0.026544852598,0.0797102930258,0.118655537551,1,0.2,30,15,3,10,20,5.75326240256e-05,6.17751846607e-06,5.75326240256e-05,0.045953971577,3.05413827374e-05,0.00306551761612,5.75326240256e-05,6.17751846607e-06,5.75326240256e-05,0.195305590983,0.560105263381,0.195296629527
587,0.0299148454688,0.0415265373002,0.00376540759736,0.197583146158,0.0825395084953,0.0309748985949,0.0407149621117,0.00982355205296,0.078755075038,0.148194066267,0.253912859224,0.0822951416928,1,0.2,30,15,3,10,20,2.23673224276e-06,2.40167295814e-07,2.23673224276e-06,5.00259126068e-05,0.000138338078509,0.00091653606241,2.23673224276e-06,2.40167295814e-07,2.23673224276e-06,0.20520292512,0.588489238031,0.205193509532
588,0.0753538518615,0.0838596034429,0.116740341239,0.0896128190344,0.0971582555724,0.134588236996,0.00486723830179,0.134094278099,0.123377604066,0.0356272865346,0.0225209104728,0.0821995743804,1,0.2,30,15,3,10,20,0.000500445151375,5.37348889649e-05,0.000500445151375,0.00321338868693,0.00130997403258,0.000415802965057,0.000500445151375,5.37348889649e-05,0.000500445151375,0.203983874328,0.584993194927,0.203974514676
589,0.116731727551,0.0384793135421,0.100827191211,0.131222555923,0.123939804455,0.0206519309611,0.00877036534119,0.0223119953355,0.0287345125594,0.194308059986,0.158292844552,0.0557296985828,1,0.2,30,15,3,10,20,2.50591721024e-05,2.69070811611e-06,2.50591721024e-05,1.96162525106e-05,8.50398494259e-05,0.000229965408577,2.50591721024e-05,2.69070811611e-06,2.50591721024e-05,0.205341404199,0.588886373928,0.205331982258
590,0.0308637888009,0.134586536599,0.132621555394,0.0705546904627,0.00964336972466,0.0899585156917,0.0647360503423,0.219175662046,0.0459459784336,0.107364486847,0.0243279006035,0.0702214650549,1,0.2,30,15,3,10,20,3.50568668493e-05,3.76420241545e-06,3.50568668493e-05,5.8902290528e-06,0.00174671184653,0.00205555452584,3.50568668493e-05,3.76420241545e-06,3.50568668493e-05,0.204619173043,0.586815130243,0.20460978424
591,0.00212482981055,0.00256085552423,0.158514454772,0.0409983875231,0.00849466577964,0.248630168034,0.0284777787585,0.138919980627,0.203885559585,0.0350780750059,0.119037134398,0.0132781101816,1,0.2,30,15,3,10,20,4.67499348817e-08,5.01973603518e-09,4.67499348817e-08,1.16191844423e-06,0.0067870059627,1.67844139771e-07,4.67499348817e-08,5.01973603518e-09,4.67499348817e-08,0.204037262635,0.585146304068,0.204027900533
592,0.0556804165719,0.282851367687,0.0350699523125,0.0211933365515,0.0336641985872,0.0676413021058,0.0606547871946,0.135534082383,0.0362966405051,0.0406215878304,0.17005570575,0.0607366225203,1,0.2,30,15,3,10,20,0.000131494709932,1.41191369688e-05,0.000131494709932,0.0658594327127,0.000268167371412,0.000170093499923,0.000131494709932,1.41191369688e-05,0.000131494709932,0.191698332183,0.549760220876,0.191689536244
593,0.0732554874586,0.0590983347116,0.035742998476,0.104007380472,0.0405053166288,0.00495659178663,0.0631390171858,0.133321971693,0.0489511689489,0.276495778382,0.0362897501134,0.124236204144,1,0.2,30,15,3,10,20,1.29500879971e-05,1.39050511069e-06,1.29500879971e-05,5.57023666892e-06,0.000299472690113,4.61219340437e-05,1.29500879971e-05,1.39050511069e-06,1.29500879971e-05,0.20534849024,0.588906695563,0.205339067974
594,0.031828280496,0.09324424598,0.0237153310556,0.159128250076,0.0328993568143,0.0857666635638,0.325388971279,0.0527361642366,0.0158688873705,0.0377392543484,0.0703516132881,0.071332981492,1,0.2,30,15,3,10,20,6.33808457577e-05,6.80546649305e-06,6.33808457577e-05,0.00453781762793,0.00712282324032,0.0030585811024,6.33808457577e-05,6.80546649305e-06,6.33808457577e-05,0.202353168636,0.580316591269,0.202343883808
595,0.0380283216003,0.322250543948,0.0224136499897,0.068372359943,0.0387251652922,0.13282008752,0.0880265361372,0.00508773011945,0.0227119895451,0.141012502266,0.0449591786861,0.0755919349533,1,0.2,30,15,3,10,20,4.96711745212e-05,5.33340175307e-06,4.96711745212e-05,0.0593820169753,0.000782759626569,0.00154564561984,4.96711745212e-05,5.33340175307e-06,4.96711745212e-05,0.192711550174,0.552665968359,0.192702707744
596,0.209910102399,0.0399689612384,0.00375008902034,0.0803429059536,0.000888448999335,0.0729299853991,0.0264989929452,0.0126789699272,0.0538563497772,0.0969670965191,0.0411855342834,0.361022563538,1,0.2,30,15,3,10,20,1.27588568502e-06,1.36997182265e-07,1.27588568502e-06,0.000489299400332,0.0013530586455,8.0457421891e-07,1.27588568502e-06,1.36997182265e-07,1.27588568502e-06,0.205052094422,0.588056679665,0.205042685756
597,0.214868675673,0.069636726083,0.0947499346026,0.0273227622769,0.106060181807,0.0466978090759,0.0128306483974,0.0219856499892,0.0513896257554,0.0703759657773,0.0905538877389,0.193528132824,1,0.2,30,15,3,10,20,7.65263454488e-05,8.21695377463e-06,7.65263454488e-05,0.0016458909432,0.00116416200614,0.000803028074333,7.65263454488e-05,8.21695377463e-06,7.65263454488e-05,0.204623341699,0.586827085283,0.204613952705
598,0.0661509079179,0.0220349380134,0.147951739575,0.064353637538,0.193703213886,0.0671506209731,0.0367991816436,0.0492329731617,0.00938750322267,0.0678394561649,0.211296837072,0.0640989908316,1,0.2,30,15,3,10,20,2.19606012144e-07,2.35800160041e-08,2.19606012144e-07,0.0399861416282,0.000214457883409,7.96625386321e-05,2.19606012144e-07,2.35800160041e-08,2.19606012144e-07,0.197156804803,0.565414249156,0.197147758406
599,0.0998955881087,0.00752902094487,0.0192676161331,0.0172071549771,0.0132372683346,0.250056820992,0.0334995593567,0.191733743298,0.226775387092,0.0374370797655,0.0442339703843,0.0591267906133,1,0.2,30,15,3,10,20,0.000815831933223,8.75992868056e-05,0.000815831933223,0.0796650942587,0.00158899771364,0.0101515121626,0.000815831933223,8.75992868056e-05,0.000815831933223,0.185947838879,0.533268723882,0.185939306797
600,0.156236595727,0.00861184851243,0.0305646393251,0.0341773392476,0.0394652197439,0.200628159665,0.0105159326184,0.161833456791,0.11892616202,0.0794168125265,0.128263680373,0.0313601534487,1,0.2,30,15,3,10,20,0.000115098166836,1.23585715598e-05,0.000115098166836,0.0216692719663,0.00370670412434,0.000445681571606,0.000115098166836,1.23585715598e-05,0.000115098166836,0.200027595698,0.573647219253,0.200018417577
601,0.0419646392071,0.0733488982536,0.204200109881,0.0417785818167,0.0303148605504,0.157657031635,0.014318783326,0.0205123554291,0.0998620727031,0.233793443799,0.0476758525675,0.0345733708312,1,0.2,30,15,3,10,20,4.08318432944e-05,4.38428578962e-06,4.08318432944e-05,0.000120172658118,0.000153186984335,0.000878214720854,4.08318432944e-05,4.38428578962e-06,4.08318432944e-05,0.205159919403,0.5883659045,0.205150505789
602,0.123975063268,0.109273055268,0.0314520444533,0.00645806893648,0.0476667046987,0.00130559761529,0.188941796849,0.119833066147,0.0709814914438,0.128370877726,0.156376980452,0.0153652531424,1,0.2,30,15,3,10,20,2.44370838435e-06,2.62391189794e-07,2.44370838435e-06,6.36935267184e-06,0.00168697461976,9.85767576676e-06,2.44370838435e-06,2.62391189794e-07,2.44370838435e-06,0.205079835711,0.588136237253,0.205070425772
603,0.0316223640945,0.0144320343854,0.136316996595,0.0350302788033,0.046123828492,0.0545005688077,0.166571220641,0.0173663433451,0.0837580458372,0.0414357711027,0.296345892143,0.076496655753,1,0.2,30,15,3,10,20,0.000128801502329,1.38299560045e-05,0.000128801502329,0.00921598279186,0.00267438080818,6.56313095989e-05,0.000128801502329,1.38299560045e-05,0.000128801502329,0.202864179413,0.581782088618,0.202854871138
604,0.0173865243871,0.129016667723,0.0466879906216,0.132176861583,0.0497852274051,0.14151385264,0.0538205370033,0.00226944408256,0.0286895919609,0.0344368738938,0.223755919223,0.140460509476,1,0.2,30,15,3,10,20,0.000131483850353,1.41179709305e-05,0.000131483850353,0.018686983135,0.00247677850519,0.00119280617727,0.000131483850353,1.41179709305e-05,0.000131483850353,0.200725248054,0.575647974863,0.200716037922
605,0.079156026174,0.037872702719,0.209352175695,0.0244086345998,0.111121198984,0.115951373039,0.0173969428922,0.0804266965605,0.138110674167,0.117381360535,0.0476390416361,0.0211831729989,1,0.2,30,15,3,10,20,1.94161072463e-06,2.08478864096e-07,1.94161072463e-06,2.77742691751e-05,5.84162314309e-05,0.00588797933301,1.94161072463e-06,2.08478864096e-07,1.94161072463e-06,0.204202877582,0.585621261304,0.204193507881
606,0.158652271635,0.0822636187766,0.130425504198,0.0207520692861,0.0892490389568,0.00236478280442,0.00177680944389,0.094089901657,0.247487345705,0.0424526609018,0.0435507098269,0.0869352868078,1,0.2,30,15,3,10,20,2.97995584066e-05,3.19970321979e-06,2.97995584066e-05,3.07467275372e-05,0.000903998451346,4.38666264131e-05,2.97995584066e-05,3.19970321979e-06,2.97995584066e-05,0.205205003653,0.588495198932,0.20519558797
607,0.160035949542,0.0674943012557,0.0419546677638,0.116311415143,0.0121550263725,0.0413287601077,0.157840470647,0.242156283774,0.0639410190127,0.0056302598683,0.0267092478042,0.0644425987093,1,0.2,30,15,3,10,20,0.000303209715443,3.25568952914e-05,0.000303209715443,0.000414327735317,0.001358510397,0.0131363247486,0.000303209715443,3.25568952914e-05,0.000303209715443,0.202106494451,0.579609169075,0.202097220941
608,0.0417671219934,0.0857622895714,0.0166317180593,0.0115070259852,0.122437749071,0.0138204794242,0.102994490325,0.131383856675,0.0187146940198,0.151226787926,0.0179162101127,0.285837576837,1,0.2,30,15,3,10,20,1.93091576219e-11,2.07330501248e-12,1.93091576219e-11,0.0185730469432,5.10509988765e-05,1.23386300312e-05,1.93091576219e-11,2.07330501248e-12,1.93091576219e-11,0.201603325898,0.578166161973,0.201594075475
609,0.0115851813345,0.0837693891794,0.036486710278,0.0492622311385,0.0891036048092,0.0198132716536,0.00336294516186,0.242816822951,0.00952413369117,0.134142929928,0.0466230332213,0.273509746653,1,0.2,30,15,3,10,20,2.01290926057e-05,2.16134486099e-06,2.01290926057e-05,3.60823158688e-05,2.35957433727e-05,0.000279007514338,2.01290926057e-05,2.16134486099e-06,2.01290926057e-05,0.205344837988,0.588896221489,0.205335415889
610,0.0449597826885,0.173680637278,0.0181994992523,0.0146852288421,0.0837621952666,0.0551064444599,0.0993531342607,0.0908235156265,0.14761010321,0.116881366489,0.122662682453,0.0322754101735,1,0.2,30,15,3,10,20,1.08321452698e-05,1.16309274198e-06,1.08321452698e-05,0.0051410133655,2.12692256268e-05,0.0014473385921,1.08321452698e-05,1.16309274198e-06,1.08321452698e-05,0.204064637828,0.585224811753,0.20405527447
611,0.0495570912083,0.0154167366272,0.0744532050603,0.295962906465,0.153439882807,0.0192731825595,0.0873087394794,0.0803990157964,0.0550663115889,0.112756998558,0.0361209164374,0.0202450134118,1,0.2,30,15,3,10,20,0.000115779755148,1.24317565475e-05,0.000115779755148,0.0915255399119,0.0029432830182,0.000109237078785,0.000115779755148,1.24317565475e-05,0.000115779755148,0.185902251067,0.533137985313,0.185893721077
612,0.00642461508501,0.167018779811,0.250048614427,0.0343684243334,0.175187955527,0.0185502113584,0.0842935766916,0.111023370498,0.0632166765886,0.0301420544208,0.0215618111644,0.0381639100948,1,0.2,30,15,3,10,20,0.000614057459507,6.59339176612e-05,0.000614057459507,0.0071328791642,0.00698045727404,0.0156739270526,0.000614057459507,6.59339176612e-05,0.000614057459507,0.198780913309,0.570071933136,0.198771792391
613,0.0294538643681,0.0332626147811,0.118905092273,0.0218931877527,0.0252739041989,0.159771498997,0.126862237732,0.0187108571274,0.0851895474953,0.26893419561,0.0057384046615,0.106004595003,1,0.2,30,15,3,10,20,1.04119882862e-06,1.11797872938e-07,1.04119882862e-06,0.0412874827299,0.000164867077844,0.000122572954925,1.04119882862e-06,1.11797872938e-07,1.04119882862e-06,0.196890128895,0.564649465216,0.196881094735
614,0.0998471997979,0.113614387018,0.0153864670817,0.157466322183,0.0813176197619,0.0572585355221,0.00499740367559,0.0686056909767,0.0958218259289,0.119600583841,0.0446807801693,0.141403184043,1,0.2,30,15,3,10,20,0.00019561461342,2.10039591815e-05,0.00019561461342,0.0372903618873,0.00275104906934,7.6533783932e-05,0.00019561461342,2.10039591815e-05,0.00019561461342,0.197020968445,0.565024692162,0.197011928281
615,0.0619292295237,0.0677226686512,0.124544407494,0.206874230133,0.156894687836,0.0091798543281,0.0198281579061,0.0189786284347,0.274173443644,0.0119122409215,0.0412909381133,0.0066715130145,1,0.2,30,15,3,10,20,8.7594303965e-05,9.40536677114e-06,8.7594303965e-05,0.000806480283519,0.0485215447136,0.000734907336202,8.7594303965e-05,9.40536677114e-06,8.7594303965e-05,0.195071479997,0.559433870438,0.195062529283
616,0.0996053557592,0.102055299054,0.0627545661678,0.0946631382947,0.00842101066178,0.0222409077029,0.147921464891,0.0143106347612,0.0368877513667,0.142332201091,0.0731920292859,0.195615640963,1,0.2,30,15,3,10,20,4.06963278282e-06,4.36973492723e-07,4.06963278282e-06,0.00562769861756,4.12031303743e-05,0.00334688849272,4.06963278282e-06,4.36973492723e-07,4.06963278282e-06,0.20357618936,0.583824019507,0.203566848414
617,0.0465511703312,0.0523820049405,0.018403034182,0.177912131227,0.0227240631617,0.0277970780263,0.0476675849573,0.253698010156,0.0315044101256,0.0318680738512,0.242911487071,0.0465809519705,1,0.2,30,15,3,10,20,9.45896399954e-05,1.0156485258e-05,9.45896399954e-05,0.0433432988382,0.00164226787827,0.00183349620481,9.45896399954e-05,1.0156485258e-05,9.45896399954e-05,0.195731817203,0.561327612154,0.195722836191
618,0.113882184497,0.0573414624827,0.325549257235,0.122903619188,0.0364517673126,0.0285911972799,0.0489623933573,0.00789219749124,0.131505430973,0.0807584967077,0.0336108546682,0.0125511388082,1,0.2,30,15,3,10,20,0.000687708763741,7.3842166236e-05,0.000687708763741,0.0818288139449,0.00693646751294,0.00170694321841,0.000687708763741,7.3842166236e-05,0.000687708763741,0.186250519359,0.534136763189,0.186241973389
619,0.0403895518637,0.0902398858714,0.195877805254,0.102999107142,0.144507409371,0.0857129540632,0.0332960040108,0.0228584396237,0.13241810921,0.0133231784284,0.0706542597149,0.0677232954477,1,0.2,30,15,3,10,20,0.000136726520151,1.46808983136e-05,0.000136726520151,0.00145563168758,0.00298987985169,0.00538666988384,0.000136726520151,1.46808983136e-05,0.000136726520151,0.203293616507,0.583013645665,0.203284288527
620,0.00707875053432,0.240998913853,0.0880707221081,0.0778830454183,0.00223042533937,0.0101802009758,0.0063964398695,0.233343475001,0.00680760511354,0.0218471043127,0.095408444272,0.209754873202,1,0.2,30,15,3,10,20,6.99609486845e-05,7.51199966493e-06,6.99609486845e-05,0.000239912457883,0.000774991954094,0.000250523608116,6.99609486845e-05,7.51199966493e-06,6.99609486845e-05,0.205111308989,0.588226497591,0.205101897606
621,0.174843209958,0.0973651887955,0.0627376018769,0.0445169209971,0.0121907406791,0.0285586659723,0.0796845239234,0.0152373523165,0.0373549494152,0.116900882538,0.120618922641,0.209991040886,1,0.2,30,15,3,10,20,3.46400024203e-05,3.71944193821e-06,3.46400024203e-05,0.00130898436122,0.00157402683007,0.000195572446743,3.46400024203e-05,3.71944193821e-06,3.46400024203e-05,0.204769411501,0.587245990163,0.204760015805
622,0.108240475441,0.0368983040058,0.0640805575751,0.0210485682139,0.18496687721,0.00340721388213,0.325784537745,0.00117027376741,0.0764488697594,0.0395739988908,0.0884154653052,0.0499648582038,1,0.2,30,15,3,10,20,0.000149828853605,1.60877506558e-05,0.000149828853605,0.00421181642881,0.000781265207503,0.00400168695829,0.000149828853605,1.60877506558e-05,0.000149828853605,0.203454303198,0.583474469447,0.203444967845
623,0.0261822342186,0.0711268899097,0.00689355872973,0.0434876445297,0.0832815210283,0.194100479015,0.0840434179499,0.164620479755,0.0544682388886,0.0189336834018,0.112843915997,0.140017936576,1,0.2,30,15,3,10,20,0.00012379626122,1.32925223326e-05,0.00012379626122,0.000569292493501,0.000386036347933,0.00117696511567,0.00012379626122,1.32925223326e-05,0.00012379626122,0.204886614165,0.587582108697,0.204877213091
624,0.115965082597,0.0122033747701,0.0555442745618,0.111680481286,0.0147414241988,0.0472993793865,0.0797315200007,0.0257742411717,0.0205336155505,0.0631417951209,0.141209727379,0.312175083978,1,0.2,30,15,3,10,20,1.60334872392e-05,1.72158258333e-06,1.60334872392e-05,0.0201717546936,0.00126880200221,0.000121461264975,1.60334872392e-05,1.72158258333e-06,1.60334872392e-05,0.200988435846,0.576402755442,0.200979213637
625,0.0555657044189,0.191769954396,0.0382946837246,0.0265490277619,0.0157336029102,0.224566367329,0.0401572152921,0.12676770452,0.03829163978,0.170459860677,0.0211691052434,0.050675133947,1,0.2,30,15,3,10,20,0.000183086796117,1.96587950413e-05,0.000183086796117,0.024930164959,0.00633714539667,0.000252357789939,0.000183086796117,1.96587950413e-05,0.000183086796117,0.198798175386,0.570121438018,0.198789053676
626,0.0685394331239,0.0608535367235,0.346300330063,0.0496991762336,0.0657113655453,0.0175432729208,0.0599930875477,0.0887036276013,0.0358657285594,0.00637048723897,0.19798610511,0.00243384933308,1,0.2,30,15,3,10,20,6.84189715014e-07,7.34643112561e-08,6.84189715014e-07,0.0900007139849,0.00249379712266,0.000297981430613,6.84189715014e-07,7.34643112561e-08,6.84189715014e-07,0.186368718234,0.534475738699,0.186360166841
627,0.0373075512057,0.214941440721,0.087322771795,0.00490885199511,0.239787743265,0.00633112288487,0.003960093673,0.10311098666,0.112782521695,0.0696653698767,0.0221101742702,0.0977713719591,1,0.2,30,15,3,10,20,1.04778763284e-07,1.12505340405e-08,1.04778763284e-07,0.071195117845,0.0103269026788,0.00448567371768,1.04778763284e-07,1.12505340405e-08,1.04778763284e-07,0.187763033535,0.538474412443,0.187754418164
628,0.0336212840055,0.151428261694,0.127371124535,0.0180297138947,0.0200259879218,0.104314115773,0.00870917392346,0.0353635598457,0.14640984532,0.193286716121,0.0534348309139,0.108005386052,1,0.2,30,15,3,10,20,4.79981103878e-05,5.15375785963e-06,4.79981103878e-05,0.0102618884104,0.0020667071152,0.00125311678536,4.79981103878e-05,5.15375785963e-06,4.79981103878e-05,0.202600168384,0.581024947125,0.202590872223
629,0.00816198116536,0.00073362943851,0.093823865644,0.280164566009,0.240919453911,0.0218045093108,0.100525587093,0.0253228061881,0.00658046248575,0.0563214606163,0.056786083173,0.108855594965,1,0.2,30,15,3,10,20,4.42790067276e-05,4.75442214486e-06,4.42790067276e-05,0.0781162672212,0.00093355038437,0.00123019498852,4.42790067276e-05,4.75442214486e-06,4.42790067276e-05,0.188901433765,0.54173916261,0.18889276616
630,0.224392639169,0.156547795447,0.0493697752554,0.0382930827127,0.0329170452242,0.122893491765,0.0599515508337,0.0710973306202,0.0231583415022,0.0467469563812,0.0154090685772,0.159222922512,1,0.2,30,15,3,10,20,0.000130455427524,1.40075448701e-05,0.000130455427524,0.00267541262694,0.00398924974163,0.000451409743089,0.000130455427524,1.40075448701e-05,0.000130455427524,0.203857021635,0.58462940165,0.203847667804
631,0.117573253301,0.102245331596,0.00030986808336,0.0410727850977,0.0227294836595,0.172919918241,0.0019310147765,0.154148661704,0.0120263701179,0.154757883663,0.0531722865177,0.167113143243,1,0.2,30,15,3,10,20,3.9025753312e-06,4.19035835443e-07,3.9025753312e-06,0.0151031060153,1.1749579494e-05,0.000493063278972,3.9025753312e-06,4.19035835443e-07,3.9025753312e-06,0.202222100869,0.579940709831,0.202212822054
632,0.0462958839601,0.0190013903408,0.0709657181957,0.0839362255046,0.087635506241,0.0605868130742,0.110250229153,0.072568827718,0.27319832231,0.00780787768088,0.10412192727,0.0636312785505,1,0.2,30,15,3,10,20,0.000160384618106,1.72211672387e-05,0.000160384618106,0.0406074918916,0.00683961404997,0.000374362047966,0.000160384618106,1.72211672387e-05,0.000160384618106,0.195468923126,0.5605736739,0.195459954177
633,0.134652552131,0.0904933312607,0.149268534925,0.00370869829319,0.0423740236258,0.0714976698539,0.142931549446,0.0357213631447,0.142760185551,0.158447044176,0.0211305383054,0.00701450928717,1,0.2,30,15,3,10,20,0.000123661368608,1.32780383487e-05,0.000123661368608,0.0033540557102,0.00712716541537,0.00116918960973,0.000123661368608,1.32780383487e-05,0.000123661368608,0.202931406685,0.581974885704,0.202922095325
634,0.0916127904647,0.011247101859,0.0374215808789,0.0312165333055,0.15657325216,0.210495058895,0.129006262434,0.0112138491106,0.10245293677,0.0263675101228,0.0853002370449,0.107092886955,1,0.2,30,15,3,10,20,0.000370199158519,3.97498319711e-05,0.000370199158519,0.0407032512238,0.000606907267996,0.00116119685365,0.000370199158519,3.97498319711e-05,0.000370199158519,0.196386340068,0.563204679265,0.196377329023
635,0.00648066533194,0.0517155091149,0.0720032874288,0.0133778031456,0.196640987803,0.100355840053,0.136842441514,0.145705169205,0.133748111641,0.0448978230027,0.0611878282073,0.037044533553,1,0.2,30,15,3,10,20,2.06786996591e-05,2.22035846899e-06,2.06786996591e-05,0.0919154836545,2.47074420233e-05,0.00538256764273,2.06786996591e-05,2.22035846899e-06,2.06786996591e-05,0.18542074518,0.531757103281,0.185412237284
636,0.0374763242177,0.0533481422044,0.204473352316,0.00325665507357,0.0250073103521,0.0311702391945,0.0250946523904,0.131684881213,0.367244568593,0.0596952711802,0.00370150957272,0.0578470936935,1,0.2,30,15,3,10,20,3.77720569278e-06,4.05574373019e-07,3.77720569278e-06,0.147132472622,0.00288336652041,3.48383188948e-05,3.77720569278e-06,4.05574373019e-07,3.77720569278e-06,0.174603385686,0.500734642745,0.174595374136
637,0.0167254080015,0.040481603898,0.00376614936225,0.0118635694096,0.0398077302996,0.00972260665515,0.257300402579,0.090252041246,0.0972655713017,0.146549468591,0.0535453543588,0.232720094297,1,0.2,30,15,3,10,20,1.90087035809e-05,2.04104400549e-06,1.90087035809e-05,0.000171015220197,0.00045661160672,0.000433485895173,1.90087035809e-05,2.04104400549e-06,1.90087035809e-05,0.205197398529,0.588473388651,0.205187983195
638,0.0309811938634,0.0203670734863,0.0725070289349,0.0371714417743,0.19908430546,0.0338651152376,0.0206332561369,0.109336462013,0.0476204067834,0.148408313724,0.0754138022649,0.204611600321,1,0.2,30,15,3,10,20,1.37326490679e-05,1.47453196585e-06,1.37326490679e-05,1.91203088123e-05,0.00011560713932,0.000375981594714,1.37326490679e-05,1.47453196585e-06,1.37326490679e-05,0.205315037209,0.58881075761,0.205305616478
639,0.0969917054309,0.0308798341131,0.0633419621045,0.145449080431,0.0681923766454,0.174085841209,0.0406464389622,0.147081621872,0.00239639931526,0.119609151419,0.111053669891,0.00027191860688,1,0.2,30,15,3,10,20,8.63240024945e-05,9.26896918935e-06,8.63240024945e-05,0.0268062185042,0.00439520953118,0.000263052396694,8.63240024945e-05,9.26896918935e-06,8.63240024945e-05,0.198893294138,0.570394223418,0.198884168063
640,0.12889021321,0.144960925804,0.0133449495399,0.0160923343011,0.00692563966031,0.0773052313513,0.264966347527,0.00207886306023,0.030618850358,0.108338172482,0.0859417737977,0.120536698907,1,0.2,30,15,3,10,20,1.76884893097e-05,1.89928707752e-06,1.76884893097e-05,0.022601743425,2.54439011797e-05,0.000561625061329,1.76884893097e-05,1.89928707752e-06,1.76884893097e-05,0.200652807495,0.5754402269,0.200643600686
641,0.0735969220802,0.0161550464177,0.012959149732,0.0635853741787,0.0833931671451,0.0512160589673,0.00861090643173,0.0862597183391,0.0100747905289,0.406193101132,0.130547991213,0.057407773834,1,0.2,30,15,3,10,20,1.38272836151e-05,1.48469327299e-06,1.38272836151e-05,0.000901101027575,0.000752703341372,0.000291847179259,1.38272836151e-05,1.48469327299e-06,1.38272836151e-05,0.205020172386,0.58796513236,0.205010765184
642,0.141525170568,0.184427959812,0.00739482095971,0.0581749686984,0.144553246938,0.0148016885725,0.058536971418,0.0301499387962,0.00791702011634,0.0847307084299,0.169957653137,0.0978298525537,1,0.2,30,15,3,10,20,3.24055881339e-05,3.47952353107e-06,3.24055881339e-05,0.00141123568137,0.00128112472983,0.000650636156067,3.24055881339e-05,3.47952353107e-06,3.24055881339e-05,0.204717027318,0.587095760689,0.204707634026
643,0.0916215687915,0.109846180641,0.0494157912594,0.0306470869702,0.0410207856353,0.0102214189062,0.2140582849,0.0502278740919,0.0967524529535,0.121881872152,0.136648225868,0.0476584578306,1,0.2,30,15,3,10,20,2.98622161261e-05,3.20643104119e-06,2.98622161261e-05,0.0272380494473,0.00124456989136,0.00562426871302,2.98622161261e-05,3.20643104119e-06,2.98622161261e-05,0.198399346542,0.568977660548,0.198390243132
644,0.139447383221,0.0674362083753,0.100196618888,0.0828660000725,0.0496300801177,0.00800903018256,0.0542541489129,0.0731711771713,0.116468802159,0.0999608310591,0.130468996411,0.0780907234296,1,0.2,30,15,3,10,20,0.000214032184925,2.29815308636e-05,0.000214032184925,0.0144591185801,0.00276873120878,0.00074213816392,0.000214032184925,2.29815308636e-05,0.000214032184925,0.201554917301,0.578027333844,0.2015456691
645,0.181165478959,0.33377444636,0.0204943363297,0.0497177560737,0.0608472252536,0.0684954370031,0.0215585793908,0.119973862226,0.0540315565162,0.00147693089934,0.0359402614081,0.0525241295804,1,0.2,30,15,3,10,20,0.000423478447375,4.54706520509e-05,0.000423478447375,0.22745884472,0.000853779246202,0.000129701947848,0.000423478447375,4.54706520509e-05,0.000423478447375,0.158135849231,0.453508376478,0.158128593283
646,0.0668053664454,0.0996747194044,0.0537765673393,0.0042554693129,0.0210710319838,0.0840942280226,0.21552150712,0.0478993325469,0.116866328351,0.158263920464,0.00669904782284,0.125072481186,1,0.2,30,15,3,10,20,7.72448633064e-05,8.29410404212e-06,7.72448633064e-05,0.0212998318401,0.00618236175552,0.00169764146545,7.72448633064e-05,8.29410404212e-06,7.72448633064e-05,0.199370494162,0.571762756924,0.199361346192
647,0.0964922396484,0.0238029771135,0.0257398408854,0.0727460044046,0.212458771073,0.224567172503,0.0109863380896,0.0697613134407,0.0413073435393,0.0117478904381,0.0232824962778,0.187107612586,1,0.2,30,15,3,10,20,3.30571952379e-05,3.54948931111e-06,3.30571952379e-05,0.0767929905096,0.00255407620502,0.000309670600249,3.30571952379e-05,3.54948931111e-06,3.30571952379e-05,0.189039190687,0.542134227477,0.189030516761
648,0.00790190656052,0.0374089086748,0.0855453941722,0.0521984441259,0.090601866808,0.000563753220313,0.18913078275,0.16246851105,0.151111689004,0.0526677140745,0.154989538101,0.015411491458,1,0.2,30,15,3,10,20,0.000384783567777,4.13158209911e-05,0.000384783567777,0.00313661986511,0.000866370845526,0.00232087576688,0.000384783567777,4.13158209911e-05,0.000384783567777,0.203799557525,0.584464603754,0.20379020633
649,0.0713284965418,0.0868510820693,0.068192819656,0.0120522351565,0.0382623207837,0.0270757560865,0.152006888183,0.0540382232397,0.318142897121,0.0296641105485,0.00231385455777,0.140071316056,1,0.2,30,15,3,10,20,1.13217314873e-05,1.2156616618e-06,1.13217314873e-05,0.0941185487963,0.000998937928206,0.00093343264723,1.13217314873e-05,1.2156616618e-06,1.13217314873e-05,0.185690123156,0.532529636322,0.1856816029
650,0.104545306823,0.0353505348443,0.0346453840141,0.111708809423,0.0876446449045,0.0182238169856,0.108189076156,0.164076655443,0.0278979802933,0.204932467621,0.0501379338833,0.0526473896098,1,0.2,30,15,3,10,20,1.71860333119e-06,1.84533627557e-07,1.71860333119e-06,0.0258091640969,0.00627210920307,1.42958906585e-06,1.71860333119e-06,1.84533627557e-07,1.71860333119e-06,0.198839546596,0.570240084046,0.198830422988
651,0.28894068392,0.0281771732285,0.0111930755401,0.0196539251757,0.0498269225147,0.0150863255665,0.0218464501821,0.491112407178,0.0135266893055,0.0337403789849,0.0129873927075,0.0139085756964,1,0.2,30,15,3,10,20,9.51419823464e-05,1.02157925664e-05,9.51419823464e-05,4.62233471854e-05,0.00272525353198,5.99899782776e-05,9.51419823464e-05,1.02157925664e-05,9.51419823464e-05,0.204767791909,0.587241345432,0.204758396287
652,0.0157970785102,0.0427217705782,0.142803692825,0.0270526025087,0.0811000493104,0.0834235688249,0.034752425264,0.162844721346,0.249164820726,0.0912731011402,0.0466203117908,0.0224458571764,1,0.2,30,15,3,10,20,0.000121626534501,1.30595497002e-05,0.000121626534501,0.00669375226421,0.00688421093933,0.00144317036319,0.000121626534501,1.30595497002e-05,0.000121626534501,0.202240714728,0.579994091408,0.20223143506
653,0.079746330504,0.110662868412,0.226901725805,0.0598071971987,0.00287759406571,0.0804975590838,0.00911239651601,0.00245368474049,0.0166034628597,0.0509651758632,0.208424855998,0.151947148953,1,0.2,30,15,3,10,20,9.7780558808e-05,1.04991075566e-05,9.7780558808e-05,0.0165525420298,0.00238283022735,6.13955390555e-05,9.7780558808e-05,1.04991075566e-05,9.7780558808e-05,0.201444639743,0.577711075408,0.201435396602
654,0.0193742296068,0.0709697185854,0.0399273130299,0.0508306252406,0.0773846738015,0.00367098835828,0.305149876433,0.029895830961,0.0208409651974,0.0338247441642,0.269461956575,0.078669078047,1,0.2,30,15,3,10,20,0.000177018850837,1.9007254378e-05,0.000177018850837,0.0343849161879,0.000102779744194,0.00109869099416,0.000177018850837,1.9007254378e-05,0.000177018850837,0.197967995741,0.567740615297,0.197958912123
655,0.00695862062117,0.0839645839573,0.0136307469532,0.0062123177187,0.173025644438,0.0274900194283,0.0224067367597,0.0939749904157,0.452669870656,0.0185166521647,0.0655499178181,0.0355998990692,1,0.2,30,15,3,10,20,0.000236188508103,2.53605479498e-05,0.000236188508103,0.014077507845,0.00978865112105,0.00863157825691,0.000236188508103,2.53605479498e-05,0.000236188508103,0.198551271079,0.569413355872,0.198542160698
656,0.11244969601,0.00856661857178,0.00102248465355,0.00912726835001,0.062484051392,0.0247375784782,0.0786609302659,0.344810418218,0.101790864326,0.0557392594417,0.145344232749,0.0552665975443,1,0.2,30,15,3,10,20,0.000218627992851,2.34750019821e-05,0.000218627992851,0.0055518310077,0.000979654276821,0.000703567406053,0.000218627992851,2.34750019821e-05,0.000218627992851,0.203756235591,0.58434036336,0.203746886384
657,0.274241910094,0.0164937689746,0.131265889603,0.0268485842623,0.0180600816775,0.0754105194884,0.0405842898782,0.0964445792402,0.0391741241333,0.064776114916,0.195285569439,0.0214145682931,1,0.2,30,15,3,10,20,7.93116720432e-08,8.51602594041e-09,7.93116720432e-08,0.000393986031159,0.000168506062869,0.0034628663827,7.93116720432e-08,8.51602594041e-09,7.93116720432e-08,0.204604837951,0.586774019488,0.204595449806
658,0.239831614222,0.0457668004374,0.0922650026611,0.0496094436226,0.00808795711437,0.0848632687849,0.127443470809,0.158671718379,0.111170518346,0.00185636764816,0.0322670580495,0.0481667799267,1,0.2,30,15,3,10,20,2.43808051173e-06,2.61786901573e-07,2.43808051173e-06,0.228033218051,3.38176253357e-06,0.00169943096043,2.43808051173e-06,2.61786901573e-07,2.43808051173e-06,0.158234636133,0.453791681546,0.158227375652
659,0.112874292028,0.0233156314838,0.043145729777,0.154103121389,0.0675405100396,0.0474380961872,0.0367455885577,0.0533743426195,0.137353366241,0.0227737138189,0.0366681074468,0.264667500412,1,0.2,30,15,3,10,20,3.34983285939e-05,3.59685564453e-06,3.34983285939e-05,0.00086398267943,0.00322742154664,2.51329847842e-05,3.34983285939e-05,3.59685564453e-06,3.34983285939e-05,0.204557171296,0.586637319129,0.204547785338
660,0.160987208127,0.0654674566443,0.119189911913,0.081419240607,0.0272987317558,0.0213475794885,0.032934759349,0.130208539206,0.0182045793828,0.117952185187,0.0692228453955,0.155766962944,1,0.2,30,15,3,10,20,5.61956302076e-05,6.033959848e-06,5.61956302076e-05,0.000306118383263,0.00106261086113,0.000302998724097,5.61956302076e-05,6.033959848e-06,5.61956302076e-05,0.205039760654,0.588021308384,0.205030352553
661,0.110728409422,0.00220385925141,0.0775022243301,0.0279382642457,0.110279731302,0.124736043446,0.0333272720205,0.148909730325,0.206285493741,0.0725781250116,0.0586945253059,0.0268163215985,1,0.2,30,15,3,10,20,0.000272762045961,2.92876016748e-05,0.000272762045961,0.00227610211146,0.000774755580366,0.00720623501982,0.000272762045961,2.92876016748e-05,0.000272762045961,0.203088540719,0.582425521034,0.203079222149
662,0.00390480180737,0.0922709170385,0.0140381086718,0.000152416964809,0.0656621975257,0.115156624175,0.150189816325,0.0417522484367,0.0100805063976,0.300902689634,0.0289304091258,0.176959263897,1,0.2,30,15,3,10,20,1.22971633623e-05,1.32039786187e-06,1.22971633623e-05,0.000733107400559,0.000756996375115,9.47243226823e-05,1.22971633623e-05,1.32039786187e-06,1.22971633623e-05,0.205095621857,0.588181509401,0.205086211194
663,0.000806078996106,0.278207962787,0.0320363135097,0.115239512485,0.00181909477871,0.10289968542,0.0293244468578,0.16373933335,0.0682354234383,0.10625401536,0.090047715261,0.0113904177561,1,0.2,30,15,3,10,20,0.000187455497096,2.01278807371e-05,0.000187455497096,0.04944340194,0.00142297434169,0.00125877039277,0.000187455497096,2.01278807371e-05,0.000187455497096,0.194561371335,0.557970960212,0.194552444028
664,0.0713485782606,0.00760852238217,0.125462211252,0.0311064371147,0.0487585636781,0.00472068575855,0.0104361839997,0.0707255241989,0.0589873917804,0.115038775174,0.322482221763,0.133324904638,1,0.2,30,15,3,10,20,3.67449219141e-09,3.94545594788e-10,3.67449219141e-09,0.00996313862945,0.000763399971599,9.93279656675e-05,3.67449219141e-09,3.94545594788e-10,3.67449219141e-09,0.203207862527,0.582767716937,0.203198538482
665,0.129928295391,0.0735078223445,0.0479212551729,0.0349190427172,0.0678447203737,0.0642056454512,0.0284823906415,0.0117403812777,0.325213630635,0.0125994809721,0.0246777874056,0.178959547618,1,0.2,30,15,3,10,20,2.80414280623e-05,3.01092541152e-06,2.80414280623e-05,0.0236313239521,0.0101552462779,0.000237276754398,2.80414280623e-05,3.01092541152e-06,2.80414280623e-05,0.198417982339,0.56903110504,0.198408878074
666,0.121097680134,0.151399913674,0.0355431009105,0.0121642898904,0.00627092799275,0.00313704769433,0.0444341998213,0.0530680647673,0.263315303808,0.130921094463,0.164557920232,0.0140904566131,1,0.2,30,15,3,10,20,0.000131983228866,1.417159129e-05,0.000131983228866,0.000829451311381,0.000272515461072,0.000275560377669,0.000131983228866,1.417159129e-05,0.000131983228866,0.205034578668,0.588006447278,0.205025170806
667,0.0950145792989,0.0809330383944,0.00248184351484,0.092749325419,0.0940113361276,0.108112451268,0.0126233424862,0.0167850954723,0.0562451343247,0.0196540996169,0.340570376231,0.0808193778457,1,0.2,30,15,3,10,20,8.11197219105e-06,8.71016381666e-07,8.11197219105e-06,0.016987189008,0.00113302707144,0.000390531841243,8.11197219105e-06,8.71016381666e-07,8.11197219105e-06,0.201622122667,0.578220068108,0.201612871382
668,0.0287198498048,0.0281907237542,0.122827668613,0.078868030288,0.0833260949504,0.0993805346714,0.131322600515,0.0601770733176,0.0466636842966,0.183082796813,0.066137119302,0.0713038236749,1,0.2,30,15,3,10,20,5.76285614872e-05,6.18781967258e-06,5.76285614872e-05,0.0434354291222,0.000152724696415,4.89590359402e-05,5.76285614872e-05,6.18781967258e-06,5.76285614872e-05,0.196417493582,0.563294022571,0.196408481108
669,0.221107242916,0.0542695865368,0.00339289855919,0.0307837700894,0.0627990557578,0.0201555019707,0.0997060481604,0.0255041858491,0.0936871795594,0.0548073211417,0.177857258548,0.155929950912,1,0.2,30,15,3,10,20,9.4472517965e-06,1.01439093758e-06,9.4472517965e-06,8.0310288399e-05,0.00017897715599,0.00107469036949,9.4472517965e-06,1.01439093758e-06,9.4472517965e-06,0.205149622071,0.588336373396,0.20514020893
670,0.00872596235536,0.0416395657673,0.0288143714051,0.00763153258528,0.0644501543572,0.161769535694,0.0293929590615,0.283553126372,0.0321101853832,0.301578581523,0.03584326978,0.00449075571578,1,0.2,30,15,3,10,20,0.000148579425912,1.59535943788e-05,0.000148579425912,0.0351163741454,4.95164762606e-05,0.00393584361875,0.000148579425912,1.59535943788e-05,0.000148579425912,0.197270455554,0.565740181371,0.197261403942
671,0.0237551172408,0.185223345826,0.0196463103111,0.372098997834,0.0288602698477,0.0331014306908,0.0313316607302,0.0252523595144,0.0781067908333,0.0220773597993,0.0705898768595,0.109956480513,1,0.2,30,15,3,10,20,0.000486594073287,5.22476407798e-05,0.000486594073287,0.0613857947302,0.000617763799938,0.00691417390935,0.000486594073287,5.22476407798e-05,0.000486594073287,0.190852632286,0.547334888548,0.190843875151
672,0.203544983751,0.0137882142529,0.0465728041356,0.0902040634304,0.0695255725441,0.0884391656242,0.089992094976,0.0245276918514,0.000966088586415,0.0753628237613,0.258450458193,0.0386260388929,1,0.2,30,15,3,10,20,1.89615504645e-05,2.03598097816e-06,1.89615504645e-05,0.000350211968333,0.00110440370234,0.000818799694572,1.89615504645e-05,2.03598097816e-06,1.89615504645e-05,0.204948393789,0.5877592828,0.204938989881
673,0.0254152473697,0.00839039424631,0.159682249076,0.185165184527,0.103433475771,0.0148798236371,0.103917785534,0.0108453207487,0.140368063107,0.0870258847473,0.0672001110448,0.093676460192,1,0.2,30,15,3,10,20,1.18631107721e-05,1.27379181987e-06,1.18631107721e-05,0.0519401934644,0.00439582647122,0.00344248568512,1.18631107721e-05,1.27379181987e-06,1.18631107721e-05,0.193141163229,0.553898030036,0.193132301087
674,0.0245290592274,0.108543404634,0.0490645879191,0.35753263083,0.0980548442867,0.0764226414249,0.0454021486334,0.00756103758384,0.0210569226595,0.030968617061,0.115410148014,0.0654539577266,1,0.2,30,15,3,10,20,0.000268153433974,2.87927557307e-05,0.000268153433974,0.0195936505932,0.00111367457302,0.0101828147803,0.000268153433974,2.87927557307e-05,0.000268153433974,0.198853846127,0.570281092817,0.198844721862
675,0.0190316224039,0.111352351236,0.00595507386831,0.02616388718,0.0676533678377,0.085036311134,0.166855365012,0.0265338167495,0.0657813451433,0.128299361633,0.207984461786,0.0893530360164,1,0.2,30,15,3,10,20,3.73198297689e-05,4.00718620874e-06,3.73198297689e-05,0.00856246669057,0.000614668971263,0.000292818402945,3.73198297689e-05,4.00718620874e-06,3.73198297689e-05,0.203454100181,0.583473887226,0.203444764837
676,0.102333452623,0.0254528516264,0.00491047677305,0.0893242154696,0.0226486665265,0.0386111385639,0.00205745922511,0.18131478376,0.241064085236,0.134126497355,0.120110758809,0.0380456140313,1,0.2,30,15,3,10,20,1.01350941556e-05,1.0882474485e-06,1.01350941556e-05,3.11402123799e-06,0.000108956980669,2.34792863418e-05,1.01350941556e-05,1.0882474485e-06,1.01350941556e-05,0.205395221683,0.589040713884,0.205385797273
677,0.0403487471855,0.220879442851,0.084661147247,0.0604522347088,0.0337744633894,0.0287026993008,0.110395950475,0.0485189492642,0.0821500480725,0.0692565374099,0.0489772354254,0.17188254467,1,0.2,30,15,3,10,20,5.01379555048e-07,5.38352197954e-08,5.01379555048e-07,0.0200536740442,0.00454330556585,8.05288468619e-07,5.01379555048e-07,5.38352197954e-08,5.01379555048e-07,0.200378241022,0.574652814079,0.200369046812
678,0.0728524585724,0.0927261723928,0.257344398067,0.00439984912159,0.0212836699268,0.000198776805296,0.247849426594,0.0202845981779,0.0673638138122,0.059326571781,0.0831302484214,0.0732400163272,1,0.2,30,15,3,10,20,0.000282499609711,3.0333164621e-05,0.000282499609711,0.00301836616058,0.000642722003513,0.00360665393399,0.000282499609711,3.0333164621e-05,0.000282499609711,0.20369421732,0.584162504856,0.203684870958
679,0.0184654217505,0.0947114793837,0.0337495113155,0.425872220631,0.0208900354635,0.0885009089134,0.0683550940621,0.0171782418263,0.153522682534,0.0393716489889,0.0159229872572,0.0234597678736,1,0.2,30,15,3,10,20,0.00252725999404,0.000271362475573,0.00252725999404,0.138100335477,0.0198444832298,0.00176675653733,0.00252725999404,0.000271362475573,0.00252725999404,0.170433788409,0.48877690324,0.170425968179
680,0.00759224120886,0.00488324000342,0.020089173497,0.11890139934,0.142784586458,0.16249245042,0.133394728743,0.00542828013714,0.204519171631,0.0954237095612,0.013362294784,0.0911287242168,1,0.2,30,15,3,10,20,1.8884202813e-08,2.02767583732e-09,1.8884202813e-08,0.0570412764401,0.00627672697263,0.00821641479924,1.8884202813e-08,2.02767583732e-09,1.8884202813e-08,0.190736379681,0.547001494633,0.190727627881
681,0.0211459088719,0.0996776730134,0.104623972932,0.0014651161171,0.00290378492274,0.115121498387,0.231625067251,0.0777285021699,0.120073605244,0.0128337697452,0.0181308353188,0.194670266027,1,0.2,30,15,3,10,20,3.43731849054e-05,3.6907926257e-06,3.43731849054e-05,0.000142268060017,3.74514133798e-05,0.00422559401399,3.43731849054e-05,3.6907926257e-06,3.43731849054e-05,0.204497089964,0.58646501546,0.204487706764
682,0.1566793583,0.0824444380422,0.0912041946374,0.194279110901,0.0199606174538,0.0656068091602,0.0852158189361,0.0105927193588,0.000542778662945,0.121832841975,0.11951882266,0.0521224899121,1,0.2,30,15,3,10,20,0.000269666201486,2.89551879055e-05,0.000269666201486,0.0265144618367,0.00234721155686,6.60564434404e-06,0.000269666201486,2.89551879055e-05,0.000269666201486,0.19926789092,0.571468507202,0.199258747658
683,0.0127914406378,0.0256723019012,0.00912671967576,0.117875405751,0.00230535656128,0.0288087777809,0.0635909394121,0.158242169584,0.0595771604413,0.104222248796,0.353774508674,0.0640129707858,1,0.2,30,15,3,10,20,5.75846045664e-06,6.18309983415e-07,5.75846045664e-06,0.00795401147727,0.000126474977787,0.00203085498129,5.75846045664e-06,6.18309983415e-07,5.75846045664e-06,0.203349665998,0.583174386658,0.203340335446
684,0.0570198534117,0.019055071413,0.0549541143878,0.292361540302,0.24616622041,0.0363758834234,0.0346040646621,0.0193872083944,0.00566991862443,0.0184833803991,0.166055978625,0.0498667659481,1,0.2,30,15,3,10,20,0.0010913283143,0.000117180485478,0.0010913283143,0.0436026317662,0.000825533480452,0.00161831201923,0.0010913283143,0.000117180485478,0.0010913283143,0.19502751117,0.559307774861,0.195018562474
685,0.0609853070997,0.0228503606069,0.177930827696,0.159232591037,0.00156517383825,0.173035187155,0.137954029714,0.00889772550283,0.0419399734531,0.0963492497242,0.0971471805709,0.0221123936014,1,0.2,30,15,3,10,20,5.98547458878e-05,6.42685440246e-06,5.98547458878e-05,6.26287289554e-05,0.00301918592487,9.52049720448e-05,5.98547458878e-05,6.42685440246e-06,5.98547458878e-05,0.204727357592,0.587125386264,0.204717963826
686,0.0149233803481,0.00234452112417,0.0659923819532,0.187703783247,0.0358097640084,0.0961233489879,0.168135907083,0.0894618090831,0.119903953214,0.0121125288196,0.0528254915399,0.154663130592,1,0.2,30,15,3,10,20,9.44415293974e-05,1.01405820037e-05,9.44415293974e-05,0.000160896589669,0.00182695522303,0.000172691697827,9.44415293974e-05,1.01405820037e-05,9.44415293974e-05,0.204906227412,0.587638356358,0.204896825438
687,0.0612197463326,0.049858739639,0.175254847279,0.0159226549391,0.0328095270072,0.184321933174,0.117052871168,0.119233067875,0.0139176434257,0.0065888341447,0.17310965868,0.0507104763358,1,0.2,30,15,3,10,20,9.96826203605e-05,1.07033398607e-05,9.96826203605e-05,0.0205642425512,0.00205501005817,0.000220084086288,9.96826203605e-05,1.07033398607e-05,9.96826203605e-05,0.200653606843,0.575442519303,0.200644399998
688,0.0544406659124,0.0665157213079,0.121623507228,0.0580414825432,0.251838060379,0.0128844061041,0.138191501204,0.0115162940119,0.0762891788401,0.143706339409,0.0101567822714,0.0547960607882,1,0.2,30,15,3,10,20,6.26045836547e-05,6.72211598442e-06,6.26045836547e-05,0.0271985886716,0.00100348290865,0.000236008750809,6.26045836547e-05,6.72211598442e-06,6.26045836547e-05,0.199535550395,0.572236111856,0.199526394851
689,0.00282667652993,0.135568708529,0.114137564854,0.104933547954,0.102759940186,0.100768830018,0.0309858324626,0.0135978871205,0.195945877783,0.0483676885477,0.0957684498005,0.0543389962157,1,0.2,30,15,3,10,20,3.87104151936e-05,4.15649918178e-06,3.87104151936e-05,5.08012176944e-05,5.97014439769e-05,0.00320670906084,3.87104151936e-05,4.15649918178e-06,3.87104151936e-05,0.204716865353,0.587095296197,0.204707472068
690,0.036804815271,0.044655175372,0.0587437443387,0.0253210900347,0.0622650666084,0.121043539066,0.0243153072577,0.0262877420916,0.0285568677837,0.181142080188,0.125507578839,0.26535699315,1,0.2,30,15,3,10,20,5.91745711929e-05,6.35382120071e-06,5.91745711929e-05,0.00706941458192,4.03418204003e-05,0.000796370020981,5.91745711929e-05,6.35382120071e-06,5.91745711929e-05,0.20375643739,0.584340942087,0.203747088173
691,0.0565110015104,0.109821859642,0.00625280068748,0.026294532634,0.0156506865408,0.0452203198776,0.321966402148,0.190723995055,0.0380269569984,0.0179533273711,0.122719242871,0.0488588746654,1,0.2,30,15,3,10,20,7.84642990258e-05,8.42503995549e-06,7.84642990258e-05,0.00338014095618,0.000132420875081,0.0101237400809,7.84642990258e-05,8.42503995549e-06,7.84642990258e-05,0.20256257499,0.580917135269,0.202553280553
692,0.150497242144,0.0803833699867,0.0236388271134,0.0749006769224,0.0441510791942,0.00483340503135,0.00375339688649,0.0749264575794,0.00587193010368,0.235350420147,0.216027537606,0.0856656572848,1,0.2,30,15,3,10,20,1.73661404054e-06,1.86467512747e-07,1.73661404054e-06,0.00922066292111,0.00185262793589,1.43513700766e-06,1.73661404054e-06,1.86467512747e-07,1.73661404054e-06,0.203155238422,0.582616799401,0.203145916791
693,0.0179080928893,0.0864528944284,0.0312806342292,0.144640182762,0.0218370882769,0.0319093894588,0.112500482305,0.181178397333,0.0127854275271,0.0158720292641,0.314802529881,0.0288328516453,1,0.2,30,15,3,10,20,2.29082133588e-07,2.45975067965e-08,2.29082133588e-07,0.0490627466492,1.23141420986e-07,0.000205693780659,2.29082133588e-07,2.45975067965e-08,2.29082133588e-07,0.195310313247,0.560118806082,0.195301351575
694,0.080002358533,0.175194053702,0.0370133419363,0.0328137204357,0.0103510481642,0.0438865663232,0.105409354251,0.0126830406607,0.211213963559,0.186031906315,0.0373322462075,0.0680683999115,1,0.2,30,15,3,10,20,5.50732652474e-06,5.91344682804e-07,5.50732652474e-06,0.000690205227905,0.0031629538051,0.000366373468289,5.50732652474e-06,5.91344682804e-07,5.50732652474e-06,0.204560248611,0.586646144379,0.204550862513
695,0.184428917324,0.0240676407235,0.00813384928136,0.0299822870529,0.061541360233,0.0313727013303,0.0436994070575,0.128405733756,0.376152917899,0.0576588601197,0.0429160786284,0.0116402465946,1,0.2,30,15,3,10,20,0.000251138566865,2.69657982863e-05,0.000251138566865,0.0997444917488,0.00992978642789,0.00741335086477,0.000251138566865,2.69657982863e-05,0.000251138566865,0.181160869255,0.51954045902,0.18115255682
696,0.0938087744025,0.0386114771054,0.170455729997,0.0738663482676,0.117160080228,0.0368501612441,0.0578389821174,0.0974487498252,0.0285904575749,0.188416175039,0.0210863052506,0.075866758948,1,0.2,30,15,3,10,20,0.000156052135649,1.67559704771e-05,0.000156052135649,0.0276662088961,0.00138408123659,0.000664072227436,0.000156052135649,1.67559704771e-05,0.000156052135649,0.199192450467,0.571252156023,0.199183310666
697,0.260524608012,0.0410303999025,0.0372697836194,0.103186391169,0.0301896713982,0.0904284933244,0.0757626563293,0.0655674260604,0.0586295100186,0.0691449546729,0.120333755717,0.0479323497764,1,0.2,30,15,3,10,20,1.22304197379e-05,1.31323131977e-06,1.22304197379e-05,0.0674835519983,0.00388549287892,1.39873040065e-05,1.22304197379e-05,1.31323131977e-06,1.22304197379e-05,0.190756905914,0.547060360592,0.190748153172
698,0.0753085499542,0.018281528293,0.0728568504111,0.0582935881952,0.0358608681127,0.063055583982,0.0770675930821,0.0393859687437,0.192751504115,0.0479565669238,0.1158935031,0.203287895088,1,0.2,30,15,3,10,20,3.53256730462e-06,3.79306526107e-07,3.53256730462e-06,0.0236639005391,7.3456739288e-05,0.000898601897667,3.53256730462e-06,3.79306526107e-07,3.53256730462e-06,0.200367774276,0.57462279712,0.200358580546
699,0.0785013926718,0.0149302751816,0.0303380391853,0.0963799978591,0.00120266961347,0.0973589091443,0.226456963216,0.0934200921813,0.0726727424536,0.0957261482918,0.0368195047757,0.156193265426,1,0.2,30,15,3,10,20,8.44502222881e-09,9.06777357168e-10,8.44502222881e-09,0.000424671805274,0.00395485432833,4.62840191956e-09,8.44502222881e-09,9.06777357168e-10,8.44502222881e-09,0.204532141045,0.586565536364,0.204522756236
700,0.0939622199552,0.0221599718577,0.020639903612,0.133121922502,0.00930544051295,0.142881173479,0.0579768233876,0.149694065504,0.156092145772,0.0540151112203,0.0709345162906,0.0892167059067,1,0.2,30,15,3,10,20,5.93711065204e-05,6.37492402081e-06,5.93711065204e-05,0.0893407954489,0.000126814365785,0.00383264276977,5.93711065204e-05,6.37492402081e-06,5.93711065204e-05,0.186213594465,0.534030868487,0.186205050189
701,0.0657643586205,0.0517478732545,0.174479065479,0.0101762345047,0.0958389155006,0.0100643764953,0.117269758454,0.0352623465935,0.153326735576,0.0440090874871,0.0851510302552,0.15691021778,1,0.2,30,15,3,10,20,3.21426029382e-05,3.45128571069e-06,3.21426029382e-05,0.00112335267152,0.00444489846,0.000142407597768,3.21426029382e-05,3.45128571069e-06,3.21426029382e-05,0.20423086182,0.585701515633,0.204221490835
702,0.0176364458054,0.0769908867989,0.150043986263,0.0258838060804,0.15450207779,0.101154977144,0.108335287057,0.012960416026,0.129197592983,0.109542001008,0.076993363094,0.036759159951,1,0.2,30,15,3,10,20,6.58306794321e-06,7.06851538086e-07,6.58306794321e-06,0.0192226829923,0.000492535629159,0.00870652653075,6.58306794321e-06,7.06851538086e-07,6.58306794321e-06,0.199587412028,0.572384842741,0.199578254104
703,0.0905529214316,0.103876251871,0.00384460668901,0.00854246430084,0.129058942976,0.0387052738475,0.00917439398841,0.086317771202,0.0612854888919,0.210353638756,0.173761492813,0.0845267532335,1,0.2,30,15,3,10,20,2.00445062113e-05,2.15226246605e-06,2.00445062113e-05,0.027927557891,0.000417776490558,1.07729132347e-05,2.00445062113e-05,2.15226246605e-06,2.00445062113e-05,0.199589240634,0.572390086894,0.199580082627
704,0.212917319353,0.0602247797935,0.00135865385352,0.110131030826,0.0522822966026,0.0484473605557,0.20935142237,0.0277795719863,0.017066666522,0.0368464194791,0.121991452912,0.101603025747,1,0.2,30,15,3,10,20,0.000270747415582,2.9071282385e-05,0.000270747415582,0.0327239880846,0.00152854076247,0.0031664349958,0.000270747415582,2.9071282385e-05,0.000270747415582,0.197510371816,0.566428222918,0.197501309196
705,0.124980566365,0.0330357265631,0.00155075826625,0.119906922065,0.33453829712,0.0451852781563,0.0180592112384,0.0908369586596,0.0177378880615,0.0154540419998,0.146129060706,0.0525852907982,1,0.2,30,15,3,10,20,0.000103605289085,1.11245332078e-05,0.000103605289085,0.000535101619751,0.00016508092612,0.00384890272576,0.000103605289085,1.11245332078e-05,0.000103605289085,0.204407610492,0.586208402616,0.204398231398
706,0.0951401114542,0.0082000933666,0.0337256357825,0.10104330639,0.0201853355808,0.000726138462299,0.00842667114304,0.248609216981,0.226184812509,0.0238223163055,0.132423415418,0.101512946606,1,0.2,30,15,3,10,20,0.000188827766639,2.02752270573e-05,0.000188827766639,0.0166516807916,0.00582997971146,0.00400401947336,0.000188827766639,2.02752270573e-05,0.000188827766639,0.199827346073,0.57307293529,0.19981817714
707,0.305032123178,0.00957847971331,0.0536272816015,0.0803682757332,0.0212701405277,0.0922484621602,0.0224028658691,0.273554837137,0.0169431436338,0.023818301321,0.0767149696184,0.0244411195066,1,0.2,30,15,3,10,20,0.000190499448714,2.04547225533e-05,0.000190499448714,0.0059048089883,0.0142263545747,0.0032279360971,0.000190499448714,2.04547225533e-05,0.000190499448714,0.200468197816,0.574910795806,0.200458999478
708,0.0129729819228,0.0441858851318,0.0139485238055,0.143999488546,0.218320638126,0.180844284836,0.00861568260508,0.0224153573538,0.238858276604,0.0671137718167,0.0275425193013,0.0211825899514,1,0.2,30,15,3,10,20,0.000166793279229,1.7909291987e-05,0.000166793279229,0.0865595865224,0.000240480080392,0.000423158802038,0.000166793279229,1.7909291987e-05,0.000166793279229,0.187368998568,0.537344383048,0.187360401278
709,0.149717595581,0.0191141837746,0.0194001073492,0.0835076906642,0.029058466998,0.0232881890186,0.0272443748574,0.0700223585977,0.00607023493709,0.102878656535,0.246599931386,0.2230982103,1,0.2,30,15,3,10,20,2.87427576454e-05,3.08623010209e-06,2.87427576454e-05,0.00174615601099,5.51992304815e-05,0.00114323498547,2.87427576454e-05,3.08623010209e-06,2.87427576454e-05,0.204802044105,0.587339575265,0.204792646912
710,0.0435957618417,0.0439294480997,0.173529181454,0.0209861364343,0.0693428271993,0.00399317574824,0.00190066740862,0.326374527736,0.0852737490499,0.060882131056,0.104398972259,0.0657934217141,1,0.2,30,15,3,10,20,1.84936251147e-07,1.9857378763e-08,1.84936251147e-07,8.49359606094e-05,0.00335464390131,0.000400486011765,1.84936251147e-07,1.9857378763e-08,1.84936251147e-07,0.204642811497,0.586882921559,0.20463342161
711,0.0155906396944,0.00987486346785,0.101110545242,0.010181381957,0.0507301123811,0.0545520485812,0.249910724047,0.138291369931,0.109116768686,0.0993306660757,0.00189762398871,0.159413255949,1,0.2,30,15,3,10,20,0.000145319888593,1.56036042241e-05,0.000145319888593,0.0521157371136,0.000212578569402,0.0012849205388,0.000145319888593,1.56036042241e-05,0.000145319888593,0.1942921532,0.557198885569,0.194283238246
712,0.157785472936,0.0457587318406,0.15043458118,0.00833382598506,0.0550015496514,0.159665471444,0.121497976395,0.0128195513279,0.0363993081088,0.0103264116905,0.193396257079,0.048580862363,1,0.2,30,15,3,10,20,4.52492716615e-06,4.85860354885e-07,4.52492716615e-06,0.0662316366526,0.000153502681295,1.87676911431e-05,4.52492716615e-06,4.85860354885e-07,4.52492716615e-06,0.191786448524,0.550012924479,0.191777648542
713,0.00933695846875,0.164034788136,0.024426482267,0.0795567904085,0.0197876626958,0.0336353643043,0.0807331805032,0.124915808122,0.0019148804338,0.0921200462845,0.108166504752,0.261371533624,1,0.2,30,15,3,10,20,3.49250302735e-05,3.75004657091e-06,3.49250302735e-05,0.00239197372537,0.000350920419094,0.00138631595648,3.49250302735e-05,3.75004657091e-06,3.49250302735e-05,0.20455333258,0.586626310306,0.204543946799
714,0.187076305321,0.124975483964,0.0358450600183,0.0502372674252,0.0275898773709,0.104038982899,0.118452390776,0.0116572512968,0.0270788799934,0.262374791549,0.0161083959475,0.0345653134388,1,0.2,30,15,3,10,20,1.97694825279e-05,2.1227320229e-06,1.97694825279e-05,0.0373978289911,4.32903789228e-05,0.000148893451984,1.97694825279e-05,2.1227320229e-06,1.97694825279e-05,0.197692540527,0.566950653708,0.197683469549
715,0.187140129197,0.219551974094,0.0188200784664,0.00161082732639,0.00118372826064,0.00321883781794,0.0631625857617,0.0650399060797,0.157860101388,0.0952812052251,0.0983811567877,0.0887494695955,1,0.2,30,15,3,10,20,1.59557206039e-05,1.71323245445e-06,1.59557206039e-05,0.000407601130797,0.00193963308663,0.000722511460509,1.59557206039e-05,1.71323245445e-06,1.59557206039e-05,0.204787404764,0.587297591969,0.204778008242
716,0.0107895138591,0.0437837267171,0.0382269447644,0.0257554008975,0.115313707841,0.0123486274039,0.193747321801,0.0563890904815,0.0975152811536,0.00805054652833,0.06249958634,0.335580252213,1,0.2,30,15,3,10,20,8.38593869637e-05,9.0043331118e-06,8.38593869637e-05,0.0314637362509,0.000197110858031,4.32322452147e-05,8.38593869637e-05,9.0043331118e-06,8.38593869637e-05,0.198846206861,0.570259184623,0.198837082947
717,0.250392630883,0.0362827416096,0.115780258593,0.123502404619,0.084700234848,0.0958351090549,0.0197093201471,0.0871238691587,0.00387843602963,0.0660242280543,0.00270935582355,0.114061411179,1,0.2,30,15,3,10,20,1.99145310161e-05,2.13830648573e-06,1.99145310161e-05,0.109343332406,0.00739046152657,0.00058577864857,1.99145310161e-05,2.13830648573e-06,1.99145310161e-05,0.1813134245,0.519977963116,0.181305105066
718,0.162524685027,0.0209080192302,0.0513607229286,0.114928915953,0.0436064665015,0.0563992179982,0.0992513976546,0.01894239827,0.0578685975564,0.0851399957778,0.0611032869757,0.227966296127,1,0.2,30,15,3,10,20,9.05578165043e-05,9.72357150708e-06,9.05578165043e-05,0.00301769586306,0.0027465790341,0.00036355461717,9.05578165043e-05,9.72357150708e-06,9.05578165043e-05,0.204094583222,0.585310690364,0.20408521849
719,0.0264112348677,0.0163213530094,0.041072472677,0.115352877097,0.422283779372,0.0375246419336,0.0110450039838,0.147982317499,0.0712988941148,0.0266061199019,0.0578655538032,0.0262357517409,1,0.2,30,15,3,10,20,0.000533261459021,5.72585131679e-05,0.000533261459021,0.0833467452579,0.00524616545206,0.0161024611947,0.000533261459021,5.72585131679e-05,0.000533261459021,0.183462359203,0.526140764864,0.183453941166
720,0.107247174601,0.00372816147262,0.217616428325,0.00986691730864,0.0465203202312,0.0682781178767,0.0364473998625,0.108273501316,0.0925999420188,0.145798068093,0.0258767859868,0.137747182908,1,0.2,30,15,3,10,20,3.62838812777e-05,3.89595208649e-06,3.62838812777e-05,0.00105414981597,0.00411951221001,5.79018961703e-05,3.62838812777e-05,3.89595208649e-06,3.62838812777e-05,0.20432569745,0.585973489084,0.204316322114
721,0.00155122447906,0.174572999017,0.0144803186138,0.213960693499,0.1599690455,0.0363929284352,0.00987495404362,0.000502574598629,0.162665510053,0.110567479401,0.00606513365993,0.1093971387,1,0.2,30,15,3,10,20,0.000126090078756,1.35388191152e-05,0.000126090078756,0.036581830124,0.000336185786421,0.0104230106149,0.000126090078756,1.35388191152e-05,0.000126090078756,0.195597314807,0.560941880748,0.195588339966
722,0.089798801552,0.0192849474006,0.220477843808,0.0184774525785,0.0677024740249,0.222461112392,0.0193416162734,0.0584081637968,0.141496758274,0.0151581428059,0.0763086320051,0.0510840550882,1,0.2,30,15,3,10,20,2.11431381501e-05,2.27022717223e-06,2.11431381501e-05,3.28557446621e-05,0.000174096820269,0.00948810267187,2.11431381501e-05,2.27022717223e-06,2.11431381501e-05,0.203421863716,0.583381438189,0.203412529851
723,0.00219399439032,0.387615756992,0.0575585456329,0.0026412264007,0.211192483011,0.00040044721468,0.0206022197285,0.0459611875499,0.0508267627864,0.0944797631334,0.00292381091013,0.123603802251,1,0.2,30,15,3,10,20,3.50057836796e-05,3.75871740187e-06,3.50057836796e-05,0.0403905470298,0.00070471054332,0.00131815590689,3.50057836796e-05,3.75871740187e-06,3.50057836796e-05,0.196688468186,0.564071134486,0.196679443278
724,0.0296489998697,0.214547797083,0.144435544264,0.0729460223523,0.0800820692446,0.0387319415724,0.114495354682,0.018249429905,0.0541888733064,0.0961150256134,0.081737276551,0.0548216655559,1,0.2,30,15,3,10,20,5.23915031298e-05,5.62549481327e-06,5.23915031298e-05,0.00517055856661,0.00605270304242,0.00154334545125,5.23915031298e-05,5.62549481327e-06,5.23915031298e-05,0.202763812968,0.581494253672,0.202754509298
725,0.0532910252783,0.220715720838,0.0855976387956,0.278159310835,0.00978972861719,0.00620805917026,0.0198751819608,0.00374528580248,0.169454726795,0.0447828635823,0.0466700477502,0.0617104105748,1,0.2,30,15,3,10,20,0.000127761640808,1.37183017238e-05,0.000127761640808,0.00112593358698,0.00670345319546,0.00122989825895,0.000127761640808,1.37183017238e-05,0.000127761640808,0.203460156219,0.583491254976,0.203450820597
726,0.0850912521539,0.051472493425,0.252149475762,0.0298305180665,0.0937113407646,0.207692183529,0.0539465187918,0.0322355580832,0.0724441243056,0.00420687829408,0.0545372854153,0.0626823714093,1,0.2,30,15,3,10,20,6.93620328362e-05,7.44769156539e-06,6.93620328362e-05,0.0357692090544,0.00298559936143,0.0114303943199,6.93620328362e-05,7.44769156539e-06,6.93620328362e-05,0.195062148056,0.559407107922,0.195053197771
727,0.15983248047,0.0793698759025,0.0112117042107,0.0401595637485,0.12247521907,0.0183444190385,0.208563026673,0.0310253109065,0.0839416340957,0.036406912123,0.0383396343566,0.170330219405,1,0.2,30,15,3,10,20,0.00013261840222,1.42397925096e-05,0.00013261840222,0.000330086298981,0.000107584526974,0.00125972121347,0.00013261840222,1.42397925096e-05,0.00013261840222,0.204968318274,0.587816423042,0.204958913451
728,0.0473234553814,0.0895432153334,0.0871324930244,0.00079938076612,0.119802561824,0.0574828019878,0.0462973757217,0.0539112291187,0.179268484733,0.0121957875233,0.278339001704,0.027904212882,1,0.2,30,15,3,10,20,1.19233842941e-05,1.28026364001e-06,1.19233842941e-05,0.0335872061895,0.000406881002354,6.50633250837e-06,1.19233842941e-05,1.28026364001e-06,1.19233842941e-05,0.198436715044,0.569084827448,0.198427609919
729,0.00610371549727,0.00475539747382,0.006271374239,0.0230659753877,0.00805727276226,0.218426014077,0.109221712237,0.000224481666296,0.0436548340987,0.2615907751,0.114963137306,0.203665310154,1,0.2,30,15,3,10,20,8.89876907781e-06,9.55498054096e-07,8.89876907781e-06,0.00103706658574,0.000562578116078,2.02095914738e-05,8.89876907781e-06,9.55498054096e-07,8.89876907781e-06,0.205091368839,0.588169312424,0.205081958371
730,0.0521377937165,0.114157830508,0.0831664416634,0.152961565963,0.0835456253445,0.0963787253884,0.0178196768791,0.0785127055272,0.0325673716229,0.0500454111241,0.0256674586074,0.213039393655,1,0.2,30,15,3,10,20,6.32273008215e-05,6.78897973107e-06,6.32273008215e-05,0.0457996507909,0.00281766640842,5.24321869617e-05,6.32273008215e-05,6.78897973107e-06,6.32273008215e-05,0.19537878215,0.560315163966,0.195369817336
731,0.120903823719,0.0109921842374,0.0257050692787,0.00293346085023,0.0692037524793,0.0755862753668,0.132132333939,0.0499348179327,0.0142104850395,0.021660946148,0.311908732765,0.164828118245,1,0.2,30,15,3,10,20,2.76857311655e-06,2.97273274805e-07,2.76857311655e-06,1.78451722951e-06,0.000458282395781,9.41765444229e-05,2.76857311655e-06,2.97273274805e-07,2.76857311655e-06,0.205315587028,0.588812334404,0.205306166272
732,0.123721511549,0.011605426495,0.0413201476783,0.0398465127301,0.106067103706,0.178032294721,0.270095075277,0.0202287535143,0.107857970076,0.0234929924581,0.0206547740662,0.057077437729,1,0.2,30,15,3,10,20,0.000218960375481,2.35106912953e-05,0.000218960375481,0.10246932675,0.0242948005528,0.000249089322244,0.000218960375481,2.35106912953e-05,0.000218960375481,0.179149698779,0.513772743086,0.179141478625
733,0.165355018259,0.225554086133,0.0152560317121,0.00607711903533,0.180067309478,0.0117517766591,0.0357711661278,0.034889524253,0.0274770941044,0.0841161084255,0.165321999424,0.0483627663893,1,0.2,30,15,3,10,20,0.000614384367649,6.59690191556e-05,0.000614384367649,0.028358573779,0.000362550664158,0.000711168910371,0.000614384367649,6.59690191556e-05,0.000614384367649,0.198853552427,0.570280250534,0.198844428176
734,0.0132988272163,0.034465028014,0.107048445443,0.161834572979,0.0540715520161,0.0286972274901,0.0982344246871,0.0737357360875,0.0587804472419,0.272038424839,0.0637135923347,0.0340817216513,1,0.2,30,15,3,10,20,0.000134294413119,1.44197528095e-05,0.000134294413119,0.011963650711,0.00341138860033,8.7809910897e-05,0.000134294413119,1.44197528095e-05,0.000134294413119,0.202139003866,0.579702400889,0.202129728864
735,0.0641418246371,0.0723025454591,0.0911920199686,0.0380067076578,0.0989749878766,0.0443396810721,0.0119515577492,0.0750112781974,0.157776532867,0.322080334507,0.00195585400458,0.0222666760039,1,0.2,30,15,3,10,20,2.26856265606e-06,2.43585060418e-07,2.26856265606e-06,0.000334181992439,0.00230160995868,3.71068747142e-05,2.26856265606e-06,2.43585060418e-07,2.26856265606e-06,0.204880780681,0.587565379197,0.204871379875
736,0.0356013052395,0.0178547992991,0.0796464606758,0.0491025698843,0.0519065355133,0.182188327385,0.247432149684,0.0801830732088,0.126048974585,0.00493355660457,0.0961218288675,0.0289804190537,1,0.2,30,15,3,10,20,1.68333926708e-06,1.80747177505e-07,1.68333926708e-06,1.31679165954e-05,0.00064886350153,3.40045620776e-05,1.68333926708e-06,1.80747177505e-07,1.68333926708e-06,0.205287397972,0.588731492688,0.205277978508
737,0.0413767274485,0.0351502759476,0.0477282158881,0.233976243784,0.0220449509494,0.0539408726785,0.00605755783842,0.0817585424824,0.00452067656348,0.0660668028217,0.231811140608,0.175567992991,1,0.2,30,15,3,10,20,1.48681900583e-06,1.59645975128e-07,1.48681900583e-06,0.002732575778,0.00276701927203,0.000264387228957,1.48681900583e-06,1.59645975128e-07,1.48681900583e-06,0.204246450577,0.5857462217,0.204237078877
738,0.0336181648696,0.00830323978956,0.0511423533532,0.00473885853501,0.0118572135659,0.00111543155583,0.13266935019,0.0271389002097,0.0477832327615,0.0307244943671,0.585365101648,0.0655436591544,1,0.2,30,15,3,10,20,2.57605344735e-06,2.76601632728e-07,2.57605344735e-06,2.86953708342e-05,1.41563326124e-05,0.000199445403286,2.57605344735e-06,2.76601632728e-07,2.57605344735e-06,0.205379837434,0.588996594313,0.205370413729
739,0.00404854409189,0.0321050094203,0.0337500403892,0.032500788444,0.0441557880069,0.0865115129364,0.130793328645,0.0421037357081,0.111142350726,0.137924412385,0.266602415274,0.0783620739727,1,0.2,30,15,3,10,20,5.03197706835e-05,5.4030442357e-06,5.03197706835e-05,0.00901517860014,3.12745643578e-05,0.00113470967644,5.03197706835e-05,5.4030442357e-06,5.03197706835e-05,0.203296739336,0.583022601439,0.203287411213
740,0.0619121132966,0.0395909642642,0.0444810303371,0.0247194008737,0.132776645182,0.117885619997,0.078464532966,0.0523256612868,0.017914368129,0.0709185638803,0.343313311961,0.0156977878269,1,0.2,30,15,3,10,20,1.59096172002e-06,1.70828213917e-07,1.59096172002e-06,2.50144804174e-06,6.62055603433e-05,1.40517932251e-06,1.59096172002e-06,1.70828213917e-07,1.59096172002e-06,0.205416062635,0.589100482407,0.205406637268
741,0.0937522211882,0.0101886171756,0.00375168891046,0.190140752382,0.00500996844934,0.0174029961816,0.0440841067963,0.0291822911375,0.0507726610876,0.279844656078,0.270789556488,0.0050804841267,1,0.2,30,15,3,10,20,5.82736299249e-05,6.25708336866e-06,5.82736299249e-05,0.0152534052723,0.000858802834783,0.000285240490768,5.82736299249e-05,6.25708336866e-06,5.82736299249e-05,0.202012829496,0.579340552935,0.202003560284
742,0.0469534334111,0.0247184868054,0.0163062443544,0.0057890380694,0.169892781004,0.0104056118077,0.024942263255,0.334956823092,0.183095189058,0.00734829700652,0.137302898344,0.0382889337925,1,0.2,30,15,3,10,20,2.79540731673e-05,3.00154575109e-06,2.79540731673e-05,0.00335420913104,0.00144337964746,0.00362410218209,2.79540731673e-05,3.00154575109e-06,2.79540731673e-05,0.203677556082,0.584114723087,0.203668210486
743,0.100030882974,0.0222339629029,0.01842108798,0.0235173686117,0.0105322784859,0.102694687791,0.00562770288121,0.122111522723,0.246200797356,0.0422033164697,0.0253600643164,0.281066327508,1,0.2,30,15,3,10,20,7.26931509447e-09,7.80536764877e-10,7.26931509447e-09,0.0387636380251,0.000135391132879,7.53144674597e-06,7.26931509447e-09,7.80536764877e-10,7.26931509447e-09,0.197439190674,0.566224086763,0.19743013132
744,0.0380263928477,0.00196071402276,0.132048903064,0.184143096261,0.0388800452199,0.199129842302,0.229349869779,0.000906928450586,0.00803540942099,0.122091855474,0.00698834740125,0.0384385957582,1,0.2,30,15,3,10,20,0.000338990083306,3.63987830367e-05,0.000338990083306,0.0353676238174,0.0086168028946,0.0037328192864,0.000338990083306,3.63987830367e-05,0.000338990083306,0.195335689256,0.560191580426,0.19532672642
745,0.0688056745505,0.0489981489962,0.0692650266848,0.0375676916272,0.0457754610425,0.180354651354,0.00439682024654,0.0872325058774,0.0296873192886,0.186468801158,0.0380168243486,0.203431074825,1,0.2,30,15,3,10,20,4.36230115925e-06,4.68398520357e-07,4.36230115925e-06,0.00747117346767,0.000433998602519,0.000281580138681,4.36230115925e-06,4.68398520357e-07,4.36230115925e-06,0.203746246766,0.584311717006,0.203736898018
746,0.0986006236309,0.0687265877543,0.0479144642003,0.00375327744476,0.00800846173264,0.0135986275438,0.182925341306,0.0912587618376,0.0647936676607,0.168302353036,0.158141929914,0.093975903939,1,0.2,30,15,3,10,20,3.46597852665e-08,3.72156610515e-09,3.46597852665e-08,0.0227447958839,0.000994146887403,0.000197652145907,3.46597852665e-08,3.72156610515e-09,3.46597852665e-08,0.200514474605,0.575043510251,0.200505274144
747,0.0736648139292,0.0206787100092,0.0137707693255,0.146753357577,0.198139150979,0.0472920946374,0.0984603792276,0.0705561875707,0.0748846252254,0.0655527643624,0.0503069566599,0.139940190496,1,0.2,30,15,3,10,20,0.000237563088232,2.55081423673e-05,0.000237563088232,0.0167374038419,0.00140863229532,0.0036183331887,0.000237563088232,2.55081423673e-05,0.000237563088232,0.200755056461,0.575733460615,0.200745844961
748,0.160858735768,0.112959694095,0.24428852448,0.0415826509823,0.064499026481,0.129913154234,0.0588671331388,0.00278122670442,0.0243499679821,0.00992212580438,0.0171962245215,0.132781535808,1,0.2,30,15,3,10,20,0.000106435153861,1.14283876244e-05,0.000106435153861,0.0126467901562,0.00224341273183,0.00427859351921,0.000106435153861,1.14283876244e-05,0.000106435153861,0.201401806063,0.577588235251,0.201392564888
749,0.154279545337,0.0196923319227,0.170893801542,0.0230955811652,0.0265249459741,0.0566127867449,0.10077669162,0.139351062403,0.104485434334,0.0660934463532,0.104942575353,0.0332517972518,1,0.2,30,15,3,10,20,5.52984834903e-05,5.93762945273e-06,5.52984834903e-05,0.0641069545705,0.00546854211905,5.43866939649e-05,5.52984834903e-05,5.93762945273e-06,5.52984834903e-05,0.191079768299,0.547986278382,0.191071000742
750,0.209840453336,0.000799768239317,0.0804268711834,0.0364019112394,0.0767987594192,0.0538538095892,0.00861194352263,0.112078756394,0.0920143994876,0.0483730367683,0.149630244875,0.131170045946,1,0.2,30,15,3,10,20,3.70299053083e-05,3.97605580683e-06,3.70299053083e-05,0.00399777505529,0.00258892082017,0.000660275535958,3.70299053083e-05,3.97605580683e-06,3.70299053083e-05,0.203911022634,0.584784267896,0.203901666325
751,0.0724253488303,0.0508285300083,0.0249614360771,0.116891352427,0.0440622613221,0.0278427767793,0.221086124577,0.0502954471365,0.0248597378511,0.019537941313,0.334603151022,0.0126058926564,1,0.2,30,15,3,10,20,5.38523156987e-08,5.78234836849e-09,5.38523156987e-08,0.0422926925585,3.09632633648e-06,5.93494592859e-06,5.38523156987e-08,5.78234836849e-09,5.38523156987e-08,0.1967416757,0.564223725145,0.196732648351
752,0.0261914749822,0.0127140382723,0.015291252731,0.0918561987297,0.03095069385,0.173684821442,0.0759163329805,0.117130087865,0.0365829765819,0.375121660697,0.0359170702969,0.00864339157121,1,0.2,30,15,3,10,20,3.88881147964e-06,4.17557953134e-07,3.88881147964e-06,0.0328922341555,9.69152056007e-05,4.09118497268e-05,3.88881147964e-06,4.17557953134e-07,3.88881147964e-06,0.198643049969,0.569676563082,0.198633935377
753,0.035029615505,0.0492645555237,0.245578324018,0.255985123977,0.0216576723655,0.0914094429391,0.17777404687,0.00507301143246,0.0469388311387,0.00235536143114,0.0202049795326,0.0487290352662,1,0.2,30,15,3,10,20,0.000439229430421,4.71619009775e-05,0.000439229430421,0.0150200295595,0.045985131902,0.00084252831491,0.000439229430421,4.71619009775e-05,0.000439229430421,0.192346054553,0.551617785254,0.192337228894
754,0.000218402671942,0.00822607910074,0.192949733663,0.0242369298549,0.00567700078098,0.125228884177,0.223940896576,0.0116791522442,0.146300337899,0.0506592497212,0.042767536869,0.168115796443,1,0.2,30,15,3,10,20,8.51680051077e-05,9.14484491507e-06,8.51680051077e-05,0.00022295490323,0.000425733464802,0.0001910023934,8.51680051077e-05,9.14484491507e-06,8.51680051077e-05,0.205185602048,0.588439558225,0.205176187255
755,0.10686920028,0.189120619645,0.118160969377,0.0334247740431,0.0625629382917,0.0306654130704,0.133252232447,0.00686626483392,0.216431807522,0.0596412253234,0.0178450318854,0.0251595232812,1,0.2,30,15,3,10,20,5.0478163285e-08,5.42005151178e-09,5.0478163285e-08,0.0459369932695,2.67195823213e-05,0.0426050724822,5.0478163285e-08,5.42005151178e-09,5.0478163285e-08,0.187236950886,0.536965691372,0.187228359655
756,0.0490607667561,0.118300341907,0.00428878694568,0.103052267454,0.0270450575685,0.0742925298035,0.0811337957304,0.0103521208602,0.00757527356844,0.0310095196356,0.278600800754,0.215288739017,1,0.2,30,15,3,10,20,3.5610104503e-07,3.82360585618e-08,3.5610104503e-07,0.0184672651023,0.000880709757954,0.000192446064645,3.5610104503e-07,3.82360585618e-08,3.5610104503e-07,0.201417310415,0.577632699257,0.201408068528
757,0.00897256016868,0.0616293198566,0.0451589234537,0.125819498909,0.233321072237,0.0723777153576,0.133479117556,0.12376035944,0.011602382086,0.0297923488477,0.0571505407089,0.0969361613789,1,0.2,30,15,3,10,20,4.38014442629e-05,4.70314426567e-06,4.38014442629e-05,0.0421257065998,0.0104024737651,0.00240605966257,4.38014442629e-05,4.70314426567e-06,4.38014442629e-05,0.194108676041,0.556672702361,0.194099769505
758,0.0256030777035,0.111355518118,0.0420486365386,0.180572000542,0.0777030979719,0.236723894579,0.024170894131,0.0162473271725,0.0898422223702,0.0523893910233,0.0467535481631,0.0965903916863,1,0.2,30,15,3,10,20,6.28309715569e-05,6.74642420031e-06,6.28309715569e-05,0.0963270583544,0.00139006388181,0.000640305256215,6.28309715569e-05,6.74642420031e-06,6.28309715569e-05,0.185171693999,0.531042864243,0.185163197531
759,0.000982454149441,0.131918404982,0.0417218977483,0.0503007097073,0.0526800303456,0.0519430606236,0.341144643086,0.0375582840827,0.0938761868018,0.143688817144,0.0269036927531,0.0272818185765,1,0.2,30,15,3,10,20,0.000233667655871,2.50898735024e-05,0.000233667655871,0.000940302342876,0.00194957956379,0.00105304966188,0.000233667655871,2.50898735024e-05,0.000233667655871,0.204419520107,0.586242557489,0.204410140465
760,0.146254081564,0.0119278361117,0.00466461909487,0.242504682899,0.0159864077795,0.0124873181665,0.141516960014,0.0371892542459,0.0246546132065,0.000576475703837,0.22917618176,0.133061569454,1,0.2,30,15,3,10,20,5.14126120365e-05,5.52038718246e-06,5.14126120365e-05,0.0297336614812,0.000268043716413,0.00293532008592,5.14126120365e-05,5.52038718246e-06,5.14126120365e-05,0.198621014336,0.569613368403,0.198611900755
761,0.0131245648596,0.0437087338816,0.0529598669448,0.0647138716195,0.014061860965,0.00083580955835,0.220000095572,0.0640411046306,0.047057946727,0.0556591686389,0.113543902008,0.310293074594,1,0.2,30,15,3,10,20,2.70747829464e-05,2.90713268252e-06,2.70747829464e-05,0.00315579211217,0.00135527811603,0.00069227325307,2.70747829464e-05,2.90713268252e-06,2.70747829464e-05,0.204339468466,0.586012982159,0.204330092497
762,0.0379873564395,0.173280606935,0.00935737233863,0.0722410087642,0.000760391103349,0.0714577214769,0.0135877705554,0.0804575943992,0.28798615393,0.195324862885,0.00944562721936,0.0481135339539,1,0.2,30,15,3,10,20,3.23104039219e-06,3.46930320412e-07,3.23104039219e-06,5.10514943158e-06,3.54777668485e-05,1.32844163547e-05,3.23104039219e-06,3.46930320412e-07,3.23104039219e-06,0.205417979794,0.589105980513,0.205408554339
763,0.106244698189,0.015857937796,0.058531961342,0.122553385288,0.202187593444,0.105976309248,0.110053627389,0.0675515895084,0.0712238719106,0.0476508649437,0.0667363090278,0.0254318519143,1,0.2,30,15,3,10,20,0.000949859313038,0.000101990367133,0.000949859313038,0.0228866615036,0.00238014867701,0.010004950365,0.000949859313038,0.000101990367133,0.000949859313038,0.197363471107,0.566006935133,0.197354415228
764,0.0891810183353,0.131614081013,0.0761013619597,0.0131972733205,0.188598451547,0.18232703297,0.0847681239339,0.0806688857999,0.0272350558783,0.0193934354811,0.0225062005105,0.0844090792508,1,0.2,30,15,3,10,20,5.97547781008e-05,6.41612044306e-06,5.97547781008e-05,0.0393707433298,0.00788205146029,0.00465892811588,5.97547781008e-05,6.41612044306e-06,5.97547781008e-05,0.194715784214,0.558413791705,0.194706849822
765,0.00458562051248,0.196669973517,0.0533937364023,0.110912114467,0.186358080816,0.00920999652449,0.0343829098483,0.063929234364,0.143642844639,0.00945482542015,0.0968075137615,0.0906531497277,1,0.2,30,15,3,10,20,1.09995683919e-06,1.18106966284e-07,1.09995683919e-06,0.0780738112422,1.0638067762e-06,0.00893535574144,1.09995683919e-06,1.18106966284e-07,1.09995683919e-06,0.187556218935,0.537881301179,0.187547613054
766,0.00723626743657,0.0560762701534,0.0408439602887,0.166772618579,0.0310492275054,0.16922269878,0.174283798188,0.11258925129,0.0372868918835,0.119256065092,0.010286832363,0.0750961184408,1,0.2,30,15,3,10,20,0.000333215650032,3.57787579851e-05,0.000333215650032,0.019879026398,0.00168198405193,0.00261065948659,0.000333215650032,3.57787579851e-05,0.000333215650032,0.200177700107,0.574077694742,0.200168515099
767,0.113609676079,0.0286754911066,0.201111231249,0.0224872501999,0.0348190398295,0.257841980684,0.072565952854,0.0183914402887,0.106231192837,0.0251423341142,0.0596798403265,0.0594445704313,1,0.2,30,15,3,10,20,2.51555591596e-06,2.70105759758e-07,2.51555591596e-06,7.81627122677e-07,0.00327704100823,0.00614147021119,2.51555591596e-06,2.70105759758e-07,2.51555591596e-06,0.203494642663,0.583590156595,0.203485305459
768,0.0509629419471,0.0380274132557,0.0594003728366,0.129134837075,0.131556833484,0.102170319728,0.182490564537,0.139806945007,0.0253421160111,0.0668399087359,0.0200768968371,0.0541908505447,1,0.2,30,15,3,10,20,0.00018575689266,1.99454944746e-05,0.00018575689266,0.0839808340085,0.0178795299535,9.25531974641e-05,0.00018575689266,1.99454944746e-05,0.00018575689266,0.184326631316,0.528619359343,0.184318173622
769,0.124910987329,0.12850389191,0.132002122009,0.0305490173686,0.0572265118737,0.0965579801571,0.112715229203,0.138222107798,0.00227684920133,0.0788931327159,0.0161213184859,0.0820208519487,1,0.2,30,15,3,10,20,0.000139672146566,1.49971825415e-05,0.000139672146566,0.00812085112135,0.00254919233811,0.0102365656943,0.000139672146566,1.49971825415e-05,0.000139672146566,0.201016025952,0.576481879465,0.201006802478
770,0.0555691558431,0.0717403605948,0.05499481539,0.149693150603,0.238850347016,0.0160605192489,0.104992775919,0.00846429505833,0.00805759676272,0.0397346704983,0.131119552482,0.120722760584,1,0.2,30,15,3,10,20,2.96354469162e-08,3.18208188269e-09,2.96354469162e-08,0.0213669630234,0.00927999569959,0.000353418877898,2.96354469162e-08,3.18208188269e-09,2.96354469162e-08,0.199063353057,0.570881925256,0.19905421918
771,0.111833489137,0.110525344134,0.176640893895,0.0380571545612,0.0381330688855,0.118630333659,0.0555475451137,0.034069731605,0.00044495011396,0.162387206464,0.0757310610017,0.07799922143,1,0.2,30,15,3,10,20,9.33585670266e-06,1.00242998045e-06,9.33585670266e-06,0.0466252773107,0.000415522548634,0.000159021642431,9.33585670266e-06,1.00242998045e-06,9.33585670266e-06,0.195727413703,0.561314983617,0.195718432892
772,0.106474708095,0.0293050883578,0.0270784802353,0.0610890813233,0.0654922326728,0.0759056347952,0.010213365016,0.131296872071,0.116715165278,0.000238159414351,0.303882367949,0.0723088447924,1,0.2,30,15,3,10,20,6.47853086974e-05,6.95626955292e-06,6.47853086974e-05,0.000824503599831,0.000215070648426,0.00139119605536,6.47853086974e-05,6.95626955292e-06,6.47853086974e-05,0.20487639187,0.587552792787,0.204866991265
773,0.0303020486814,0.0917089043425,0.183870289648,0.0222322814633,0.141670232559,0.057856964485,0.161297480351,0.0250006746317,0.15463139087,0.0430034650292,0.0725951226613,0.0158311452769,1,0.2,30,15,3,10,20,1.60119494916e-05,1.71926998529e-06,1.60119494916e-05,0.163310735085,0.000402655931713,0.000357033956706,1.60119494916e-05,1.71926998529e-06,1.60119494916e-05,0.171712689736,0.492444588128,0.171704810824
774,0.0301993551419,0.0590963738648,0.107953880444,0.208118763565,0.0529654103613,0.0449808400698,0.176832327813,0.11085092669,0.00491043426869,0.000804244188846,0.0971566371729,0.10613080642,1,0.2,30,15,3,10,20,0.000100771129744,1.08202176657e-05,0.000100771129744,0.0535375228864,0.0013440657507,0.000790124396682,0.000100771129744,1.08202176657e-05,0.000100771129744,0.193907848769,0.556096761796,0.193898951448
775,0.0324106242322,0.0185925979283,0.12892506466,0.149279334427,0.12704602319,0.0415428044502,0.0995279842587,0.113006036514,0.0139454797646,0.0705502657468,0.00735458939044,0.197819195438,1,0.2,30,15,3,10,20,0.000100300080063,1.07696390914e-05,0.000100300080063,0.0431852826839,0.000108343145924,0.00703953510437,0.000100300080063,1.07696390914e-05,0.000100300080063,0.195004965223,0.559243116683,0.194996017562
776,0.0624867648255,0.294286501982,0.0804104745204,0.162972740101,0.0357758489562,0.0180847813046,0.0689497907361,0.00759352377238,0.159630192663,0.0851537601833,0.0191750992275,0.00548052172722,1,0.2,30,15,3,10,20,0.000728846991054,7.82593497591e-05,0.000728846991054,0.0302691482021,0.00946052702654,0.0125817510296,0.000728846991054,7.82593497591e-05,0.000728846991054,0.194054343257,0.556516884607,0.194045439214
777,0.0569771590221,0.0586551896298,0.0161732485472,0.236859239664,0.229601903643,0.0325759576902,0.0351523256375,0.0161882850201,0.0550543268778,0.0227074881688,0.016840055363,0.223214820737,1,0.2,30,15,3,10,20,0.000112686379904,1.20996079098e-05,0.000112686379904,0.00685509621684,0.00628175826601,0.000569937726604,0.000112686379904,1.20996079098e-05,0.000112686379904,0.202518463071,0.580790629326,0.202509170658
778,0.0988530011866,0.0751715696048,0.0917201669452,0.0278304221127,0.0715387602437,0.0525042884854,0.0623624560137,0.0698678642242,0.0579224625794,0.113678496434,0.213689534727,0.0648609774428,1,0.2,30,15,3,10,20,2.20435330382e-05,2.36690633718e-06,2.20435330382e-05,1.07646193034e-05,0.00029908684242,0.00016663730914,2.20435330382e-05,2.36690633718e-06,2.20435330382e-05,0.205314871218,0.588810281573,0.205305450494
779,0.0743978243954,0.0343199507845,0.0725380777965,0.293820276705,0.0169893891077,0.063177730136,0.0811147952748,0.0757122522284,0.176737711892,0.0313961974663,0.0582699419996,0.021525852214,1,0.2,30,15,3,10,20,0.000726221739356,7.79774655044e-05,0.000726221739356,0.0876841097456,0.0247048078318,0.000414815152571,0.000726221739356,7.79774655044e-05,0.000726221739356,0.181629570282,0.520884618759,0.181621236341
780,0.0332043638801,0.00165520139197,0.00522351863338,0.0558288002568,0.0420064683597,0.0188066179727,0.152625811563,0.152010732426,0.0944038990368,0.209969933552,0.226303749686,0.00796090324223,1,0.2,30,15,3,10,20,1.67450348836e-05,1.79798442988e-06,1.67450348836e-05,1.07529670444e-05,0.000123289592888,6.50890883795e-05,1.67450348836e-05,1.79798442988e-06,1.67450348836e-05,0.205376436873,0.588986842046,0.205367013324
781,0.015609485251,0.107380427828,0.0292249748229,0.0666248028613,0.0237763780063,0.245222449753,0.0260176575391,0.0534635436617,0.0045973066795,0.185315929743,0.233060799029,0.00970624482453,1,0.2,30,15,3,10,20,2.2240934645e-05,2.38810217332e-06,2.2240934645e-05,0.00669612616272,0.00244923338225,0.001248575089,2.2240934645e-05,2.38810217332e-06,2.2240934645e-05,0.203277341113,0.582966970431,0.20326801388
782,0.0800941543606,0.0516955620053,0.06147331873,0.0334568420389,0.0202661568778,0.0940029770319,0.25785091008,0.0415173145113,0.0394184355749,0.135811914559,0.0966337496214,0.0877786646095,1,0.2,30,15,3,10,20,2.89934435242e-05,3.11314729337e-06,2.89934435242e-05,0.000187236325694,0.00219371551207,4.66308060698e-05,2.89934435242e-05,3.11314729337e-06,2.89934435242e-05,0.204908036872,0.587643545601,0.204898634815
783,0.143368057528,0.00103852231191,0.0351065653795,0.0693341822831,0.0283610328393,0.0570218854281,0.342690308632,0.139959516825,0.0184952428112,0.104154287054,0.0310658024932,0.0294045964146,1,0.2,30,15,3,10,20,3.10804710067e-05,3.33724016295e-06,3.10804710067e-05,9.82770024978e-05,0.00547823181439,0.00133265783675,3.10804710067e-05,3.33724016295e-06,3.10804710067e-05,0.203985569768,0.584998057177,0.203976210038
784,0.0266634627968,0.0362971796135,0.251940650436,0.117080197637,0.0865178814915,0.00589911613641,0.0203036723107,0.00778561864241,0.00829921598353,0.0778409760466,0.0395728195467,0.321799209359,1,0.2,30,15,3,10,20,1.13597899466e-05,1.21974815775e-06,1.13597899466e-05,0.0224148589308,0.000534277604889,0.000680192151493,1.13597899466e-05,1.21974815775e-06,1.13597899466e-05,0.200567791083,0.575196413399,0.200558588175
785,0.169233232701,0.109086154972,0.0301381035848,0.0989614660821,0.0920440553742,0.000803524826452,0.141195143756,0.00998026071652,0.0412063844488,0.213429792373,0.0707275655674,0.023194315597,1,0.2,30,15,3,10,20,6.52297370011e-05,7.00398967866e-06,6.52297370011e-05,0.0306641447518,0.00468413875578,7.96807149406e-05,6.52297370011e-05,7.00398967866e-06,6.52297370011e-05,0.19809733269,0.568111533023,0.198088243137
786,0.107210816501,0.00347278243061,0.0344873207646,0.225530792561,0.0498773009176,0.0332113833821,0.01197324831,0.203874315336,0.0471665077942,0.134039102856,0.053252833986,0.0959035951602,1,0.2,30,15,3,10,20,3.056986795e-05,3.28241457721e-06,3.056986795e-05,0.000175113293256,1.75572970399e-05,0.00214685963788,3.056986795e-05,3.28241457721e-06,3.056986795e-05,0.204924760705,0.587691506885,0.204915357881
787,0.238322719491,0.122399634204,0.0226555059122,0.0810787075325,0.00791021630573,0.0359598465404,0.245990027568,0.00995736199285,0.0343893444673,0.103897283791,0.0848507121059,0.0125886400885,1,0.2,30,15,3,10,20,2.71862673341e-05,2.91910322751e-06,2.71862673341e-05,0.0519525879559,0.000430827821728,0.00176755722867,2.71862673341e-05,2.91910322751e-06,2.71862673341e-05,0.194283970172,0.557175417952,0.194275055594
788,0.238148582707,0.121894437119,0.0800062382729,0.0541805339927,0.119857799752,0.0659765567822,0.00184980214853,0.0700979537357,0.0425834257853,0.118808396269,0.0650383460445,0.0215579273913,1,0.2,30,15,3,10,20,6.69728038984e-06,7.19115006163e-07,6.69728038984e-06,1.19749173516e-05,0.00236712812268,0.00215789318165,6.69728038984e-06,7.19115006163e-07,6.69728038984e-06,0.20449400114,0.586456157205,0.204484618081
789,0.0308559284937,0.0617550313067,0.00175178520033,0.0815848886348,0.0939234010533,0.0857745347573,0.0186952961777,0.15517711233,0.0403108544277,0.0962414270512,0.0961765330255,0.237753207542,1,0.2,30,15,3,10,20,2.83695379141e-05,3.04615593859e-06,2.83695379141e-05,0.00412548865813,0.000494824005805,0.00295492846895,2.83695379141e-05,3.04615593859e-06,2.83695379141e-05,0.203851084103,0.584612373756,0.203841730544
790,0.0274305265559,0.0101976045693,0.15443814848,0.0266569372798,0.0668105989503,0.134777291271,0.310983255053,0.0455739191615,0.0822129972315,0.0557531606428,0.071850749245,0.0133148115588,1,0.2,30,15,3,10,20,0.000346928800884,3.7251196346e-05,0.000346928800884,0.00196617187129,0.000158719362907,0.00737783878756,0.000346928800884,3.7251196346e-05,0.000346928800884,0.203179294032,0.582685787052,0.203169971298
791,0.208794690123,0.142625377379,0.0220352749896,0.11748232738,0.0827410369338,0.019011947214,0.102799698865,0.0496010201698,0.152189251519,0.0280801129287,0.02102255358,0.0536167089186,1,0.2,30,15,3,10,20,0.00024003982114,2.57740795383e-05,0.00024003982114,0.0424424905281,0.015444954014,0.00236929413177,0.00024003982114,2.57740795383e-05,0.00024003982114,0.192845353604,0.553049695243,0.192836505035
792,0.00164641188034,0.0714698571958,0.106846809045,0.0763303196367,0.0536201003739,0.122124400778,0.048934179679,0.0671299073651,0.00355759661429,0.132163005608,0.172045985302,0.144131426521,1,0.2,30,15,3,10,20,0.000248567656246,2.66897488605e-05,0.000248567656246,0.0169303117065,0.000457572102749,0.000888225224951,0.000248567656246,2.66897488605e-05,0.000248567656246,0.201462127969,0.577761228849,0.201452884025
793,0.076155626963,0.00679867729009,0.0457218846777,0.012969520486,0.179532239297,0.0762259453965,0.051648426865,0.0574086242997,0.298699804437,0.0380092778413,0.0284389165247,0.128391055922,1,0.2,30,15,3,10,20,0.000281599129,3.02364762409e-05,0.000281599129,0.00088503377808,0.000663762562995,0.000837743575207,0.000281599129,3.02364762409e-05,0.000281599129,0.204697751357,0.587040480308,0.20468835895
794,0.0647441485312,0.0553963048957,0.00923292523379,0.0157151228168,0.336928288534,0.0587914651415,0.075720291511,0.0252861216772,0.130982816085,0.133836835723,0.046494293616,0.0468713862353,1,0.2,30,15,3,10,20,4.63661744918e-05,4.97853007708e-06,4.63661744918e-05,0.0882412896226,3.70890913809e-05,0.00027378945317,4.63661744918e-05,4.97853007708e-06,4.63661744918e-05,0.187200262436,0.536860474751,0.187191672888
795,0.0343650419077,0.0885701116335,0.0116739124348,0.0036438035181,0.329788835165,0.0516702451503,0.0652075727992,0.00311328419764,0.143210675138,0.153620377669,0.0790377764689,0.0360983639178,1,0.2,30,15,3,10,20,0.000102323469253,1.09868988514e-05,0.000102323469253,0.000646065540383,0.00203161572068,0.000102549436705,0.000102323469253,1.09868988514e-05,0.000102323469253,0.204772099404,0.587253698639,0.204762703585
796,0.0290752515356,0.050791031415,0.0058810303088,0.0520133818914,0.0129621212495,0.0160506191057,0.0712365608007,0.0857685666254,0.148316032699,0.0799820723247,0.104956170267,0.342967161778,1,0.2,30,15,3,10,20,3.35547322551e-05,3.60291194154e-06,3.35547322551e-05,0.012460978565,0.00161060771701,1.36278833081e-05,3.35547322551e-05,3.60291194154e-06,3.35547322551e-05,0.202509238776,0.58076417552,0.202499946786
797,0.00109050106963,0.0466421879784,0.00829911226939,0.383050486602,0.0807117502144,0.0216971887792,0.293563808202,0.0222373457683,0.0735924853068,0.00498346826954,0.0638291203486,0.000302545192386,1,0.2,30,15,3,10,20,0.00134029434181,0.000143913009127,0.00134029434181,0.0113966736578,0.00516115075983,0.0251611642071,0.00134029434181,0.000143913009127,0.00134029434181,0.195700949516,0.561239088554,0.19569196992
798,0.1518642735,0.0343863894687,0.0576514976972,0.242939291071,0.0600286120288,0.00464386504703,0.0953514195878,0.121771442737,0.0484654826811,0.0258766638234,0.126145331742,0.0308757306166,1,0.2,30,15,3,10,20,0.000910181069793,9.77299482049e-05,0.000910181069793,0.0454031583276,0.000633148951201,0.00704285177988,0.000910181069793,9.77299482049e-05,0.000910181069793,0.193739619554,0.555614307259,0.193730729952
799,0.0198345351904,0.0236149801875,0.000952723549762,0.0740438558665,0.181565777962,0.071095644615,0.0571534828383,0.0542252581705,0.139728924131,0.0478512496504,0.140717802267,0.189215765572,1,0.2,30,15,3,10,20,1.78097205086e-05,1.91230417838e-06,1.78097205086e-05,0.0258864965845,0.00414313460137,2.98077377071e-05,1.78097205086e-05,1.91230417838e-06,1.78097205086e-05,0.199241257053,0.571392125521,0.199232115012
800,0.115717477336,0.0971942728145,0.061591405072,0.024307819088,0.0630235433947,0.0484148082421,0.286090736831,0.039605619515,0.0573724444732,0.0354702168879,0.0175485211555,0.15366313519,1,0.2,30,15,3,10,20,0.00042874131096,4.60357477255e-05,0.00042874131096,0.0381177414931,0.0101751018816,0.000122518723708,0.00042874131096,4.60357477255e-05,0.00042874131096,0.19511456346,0.559557426933,0.195105610769
801,0.000723566112608,0.0797250758704,0.0532969064662,0.20449936658,0.0509467974042,0.071522568212,0.105103841105,0.000711895215466,0.0311773166557,0.235898122869,0.0649302315652,0.101464311945,1,0.2,30,15,3,10,20,0.000106429102633,1.14277378788e-05,0.000106429102633,0.0304120696286,0.000125517925155,0.000481827004467,0.000106429102633,1.14277378788e-05,0.000106429102633,0.19896731697,0.570606509086,0.198958187499
802,0.0116451992121,0.282081595628,0.0659041087437,0.0348771873548,0.0982958217292,0.0372447290878,0.0260161245133,0.144127654034,0.00114707718978,0.0160397380366,0.279957322019,0.00266344245193,1,0.2,30,15,3,10,20,0.000155809387629,1.67299056069e-05,0.000155809387629,0.0182134267647,0.000205534693155,0.0044216896958,0.000155809387629,1.67299056069e-05,0.000155809387629,0.200604739813,0.575302376461,0.20059553521
803,0.0719475388703,0.0378674899275,0.0110402413868,0.268931401524,0.0128471583785,0.113905167521,0.0270022928268,0.00030133015584,0.144041995201,0.119784124812,0.012314811797,0.1800164476,1,0.2,30,15,3,10,20,5.62220073661e-09,6.03679207382e-10,5.62220073661e-09,0.0197142350545,0.00736208087879,0.00124501747033,5.62220073661e-09,6.03679207382e-10,5.62220073661e-09,0.199613734837,0.572460332358,0.199604575706
804,0.0786547219746,0.300469156338,0.0533081097436,0.0652115818014,0.148217505447,0.0544289132205,0.00744707369019,0.0293363804222,0.011216197863,0.147674222382,0.0398294387549,0.0642066983631,1,0.2,30,15,3,10,20,1.37794916263e-05,1.47956164726e-06,1.37794916263e-05,2.83894989374e-05,0.00285056004474,2.07339572866e-05,1.37794916263e-05,1.47956164726e-06,1.37794916263e-05,0.204824225224,0.587403187172,0.204814827013
805,0.0257075637743,0.049604031694,0.0491848649077,0.189409292813,6.99147224768e-05,0.0215432842616,0.0567125531336,0.195631681279,0.206020561276,0.0990799203403,0.0271663412307,0.0798699905667,1,0.2,30,15,3,10,20,3.15599279473e-06,3.38872145994e-07,3.15599279473e-06,0.104787919344,3.10380503809e-06,3.47825853344e-05,3.15599279473e-06,3.38872145994e-07,3.15599279473e-06,0.183894552327,0.527380225764,0.183886114459
806,0.115724568914,0.0605924692771,0.0269874170075,0.434253112418,0.0112768639899,0.00545210994811,0.0137568359537,0.0778780968469,0.154371863068,0.000320853334164,0.0910648540867,0.00832095515647,1,0.2,30,15,3,10,20,0.00166990145808,0.00017930430375,0.00166990145808,0.032434683716,0.0132837788344,0.00428035398898,0.00166990145808,0.00017930430375,0.00166990145808,0.193714621016,0.555542615443,0.193705732562
807,0.0609469912698,0.0438858471553,0.00893275826325,0.0336098376921,0.0396464670401,0.10276025035,0.0378838767715,0.165413033797,0.103937815151,0.0313119056629,0.0316323915892,0.340038825258,1,0.2,30,15,3,10,20,2.62374678454e-08,2.81722665814e-09,2.62374678454e-08,0.0318448195498,5.80518314103e-08,4.98984485469e-06,2.62374678454e-08,2.81722665814e-09,2.62374678454e-08,0.198888843734,0.570381460371,0.198879717864
808,0.0950158475876,0.00972264980748,0.071064476876,0.0277311887708,0.0188333588002,0.0211089664143,0.10356780633,0.00348060518014,0.204954693754,0.0630645272354,0.0310583558798,0.350397523365,1,0.2,30,15,3,10,20,1.98324586161e-05,2.12949402888e-06,1.98324586161e-05,0.000403099297451,5.56400659597e-05,0.000719442860039,1.98324586161e-05,2.12949402888e-06,1.98324586161e-05,0.205172635483,0.588402372186,0.205163221285
809,0.116291367469,0.0459717121137,0.209514460362,0.103777898096,0.0352732437232,0.0703349155908,0.00767887987173,0.128971606864,0.217534840095,0.0157709096826,0.0309609007334,0.0179192653978,1,0.2,30,15,3,10,20,8.91508084858e-05,9.57249517146e-06,8.91508084858e-05,0.00486732413934,0.0428016449288,0.00908752107886,8.91508084858e-05,9.57249517146e-06,8.91508084858e-05,0.193695062386,0.555486524413,0.193686174829
810,0.143160867377,0.00933717190047,0.0529872847368,0.207758116115,0.00160042435294,0.00450961123945,0.0304345025324,0.0718323707391,0.00198342917625,0.0657734518945,0.147658696522,0.262964073414,1,0.2,30,15,3,10,20,0.000132873942768,1.4267230967e-05,0.000132873942768,0.0178020823335,0.000420314585976,0.000395449384515,0.000132873942768,1.4267230967e-05,0.000132873942768,0.201492096904,0.577847174973,0.201482851586
811,0.0564204394317,0.0172768362198,0.0858771592047,0.0147089435193,0.119986831717,0.132973602453,0.00595792863901,0.0124041168626,0.223165843244,0.0318181251729,0.149852098081,0.149558075455,1,0.2,30,15,3,10,20,1.26864815342e-05,1.36220058227e-06,1.26864815342e-05,0.00723435508999,0.00484414722741,0.00106009143605,1.26864815342e-05,1.36220058227e-06,1.26864815342e-05,0.202721773392,0.581373690877,0.20271247165
812,0.0727165173836,0.0900590250792,0.0539457246715,0.0232413957508,0.0819095614308,0.0728905741875,0.0115731354525,0.0355251421156,0.0397954501086,0.414281056294,0.0254795419279,0.0785828755975,1,0.2,30,15,3,10,20,0.000110435844051,1.18579584627e-05,0.000110435844051,0.0100523271806,0.00138663683931,0.000128643475201,0.000110435844051,1.18579584627e-05,0.000110435844051,0.202959868342,0.582056509194,0.202950555676
813,0.0663087676992,0.045721140424,0.0190430268205,0.362188560775,0.0611722493838,0.0136315870467,0.0608906474063,0.0632325136132,0.0533416048847,0.0824326390182,0.0372621029636,0.134775159965,1,0.2,30,15,3,10,20,5.23374444682e-05,5.61969030868e-06,5.23374444682e-05,0.0689974367119,0.000426015371015,0.00168983573361,5.23374444682e-05,5.61969030868e-06,5.23374444682e-05,0.190777593588,0.54711968954,0.190768839897
814,0.283849881373,0.110464289976,0.0987381282203,0.0223433025249,0.00191152801752,0.0516935158348,0.0895034503975,0.136519055268,0.0614976728535,0.0992081551975,0.0127972516426,0.0314737686948,1,0.2,30,15,3,10,20,8.65569863889e-05,9.29398564451e-06,8.65569863889e-05,0.000421306108069,0.00151581426607,0.00795775262081,8.65569863889e-05,9.29398564451e-06,8.65569863889e-05,0.203324176628,0.583101287214,0.203314847246
815,0.0475029793987,0.076873239205,0.0229578138847,0.0875587460579,0.105909930154,0.0413751858092,0.0119691125102,0.00845590463721,0.0281597414927,0.0738409935829,0.0570131380998,0.438383215168,1,0.2,30,15,3,10,20,1.79241828067e-06,1.92459447405e-07,1.79241828067e-06,0.0121526880639,0.000481851002591,1.42685037363e-05,1.79241828067e-06,1.92459447405e-07,1.79241828067e-06,0.202831823624,0.58168929738,0.202822516833
816,0.0553231344259,0.169586379588,0.104518994987,0.0621298954219,0.0298638264026,0.0368896573022,0.0913830223835,0.0787440729805,0.0337108269315,0.17720146903,0.0189129619385,0.141735758609,1,0.2,30,15,3,10,20,0.000100223264115,1.07613910418e-05,0.000100223264115,0.0352449018158,6.09930452476e-05,0.00270583198423,0.000100223264115,1.07613910418e-05,0.000100223264115,0.197536246652,0.566502427819,0.197527182845
817,0.0852129907329,0.0832197701107,0.0158082690326,0.0085233286494,0.036063247528,0.145636551901,0.164081390066,0.167000756176,0.0984051385406,0.0254148519946,0.0533043175474,0.117329387721,1,0.2,30,15,3,10,20,0.000117615178349,1.26288336131e-05,0.000117615178349,0.0572183890471,0.00341521612671,0.00280351821662,0.000117615178349,1.26288336131e-05,0.000117615178349,0.192298001894,0.551479977896,0.192289178439
818,0.0666058019056,0.0917545193258,0.147959877799,0.0268902046483,0.206819556093,0.010281238129,0.0698227404466,0.0961808558421,0.0363171608119,0.0547665896033,0.0617099533979,0.130891501998,1,0.2,30,15,3,10,20,0.000427723520008,4.59264632541e-05,0.000427723520008,0.0165332638903,0.00599469896584,0.000850274985569,0.000427723520008,4.59264632541e-05,0.000427723520008,0.200258867298,0.574310469289,0.200249678565
819,0.0864081627662,0.00557875333063,0.222911852009,0.0155507251354,0.0019889350662,0.0685770114218,0.0997074345425,0.249501962328,0.0518808628242,0.0351598522021,0.053834855255,0.108899593118,1,0.2,30,15,3,10,20,1.04152387661e-05,1.11832774701e-06,1.04152387661e-05,0.115246883114,0.000103427506501,0.000755024223953,1.04152387661e-05,1.11832774701e-06,1.04152387661e-05,0.181571092498,0.520716913807,0.18156276124
820,0.0143022221057,0.0713377024185,0.0454568521595,0.34359052963,0.0350683049933,0.0527210713301,0.196419985292,0.0213012378601,0.0511535278857,0.0187699228943,0.0195366039769,0.130342039453,1,0.2,30,15,3,10,20,0.000558226733837,5.99391391396e-05,0.000558226733837,0.019923536478,0.000900100510235,0.0124588385849,0.000558226733837,5.99391391396e-05,0.000558226733837,0.19811122612,0.568151377163,0.19810213593
821,0.123130556036,0.131966255348,0.00497078925373,0.403790080253,0.0895204638012,0.0522094989272,0.01412978412,0.0325112524746,0.0122114632436,0.0541271731283,0.0803375874281,0.00109509598639,1,0.2,30,15,3,10,20,0.000523802776027,5.62428948147e-05,0.000523802776027,0.0213493149667,0.00297671236584,0.0153938977307,0.000523802776027,5.62428948147e-05,0.000523802776027,0.196818574765,0.56444425939,0.196809543888
822,0.155838799911,0.287729466848,0.00131761696107,0.0707952836677,0.00286258011255,0.141306098904,0.0908522712669,0.0213783907373,0.00814337176599,0.0384429023229,0.156385072155,0.0249481453474,1,0.2,30,15,3,10,20,7.70134597067e-06,8.2692572698e-07,7.70134597067e-06,0.0518004211209,2.77931029865e-06,0.00807789061449,7.70134597067e-06,8.2692572698e-07,7.70134597067e-06,0.193123692354,0.553847926352,0.193114831013
823,0.0505956157005,0.00407586025602,0.143544928635,0.033556037292,0.190489863086,0.0303127821751,0.292024651014,0.0354260543025,0.0201722496059,0.0125012589786,0.135784528287,0.0515161706672,1,0.2,30,15,3,10,20,0.000412715849791,4.43150269348e-05,0.000412715849791,0.00180047886977,0.000355954645717,0.000859345045755,0.000412715849791,4.43150269348e-05,0.000412715849791,0.204454959139,0.586344190976,0.204445577871
824,0.322165154348,0.00818539336209,0.0498131105673,0.117954103703,0.0209845367934,0.106768160296,0.102584108045,0.00966849318607,0.0739969203959,0.0935516445574,0.0345461950625,0.0597821796837,1,0.2,30,15,3,10,20,9.62239506305e-05,1.03319680263e-05,9.62239506305e-05,0.0149434502974,0.00700145891539,8.99683277821e-05,9.62239506305e-05,1.03319680263e-05,9.62239506305e-05,0.200821863037,0.575925051213,0.200812648471
825,0.10094284791,0.0101489416715,0.0264018146303,0.118433503505,0.0899011527386,0.00408254902183,0.151914238612,0.119800847068,0.100383454289,0.0644284486286,0.181767487926,0.031794713999,1,0.2,30,15,3,10,20,0.00012811957784,1.375673492e-05,0.00012811957784,0.00205988705088,0.000925961918882,0.00264024548789,0.00012811957784,1.375673492e-05,0.00012811957784,0.204165132972,0.585513015787,0.204155765003
826,0.00787671691418,0.0717673441839,0.0242340783114,0.145891390387,0.176250665475,0.0858736824291,0.103411646466,0.100340862693,0.07169370635,0.0318452956981,0.0722500851235,0.108564525968,1,0.2,30,15,3,10,20,3.84807264836e-05,4.13183654434e-06,3.84807264836e-05,0.000139399344509,0.000655907635776,0.00289393855377,3.84807264836e-05,4.13183654434e-06,3.84807264836e-05,0.204640636636,0.586876684403,0.204631246849
827,0.0375734532612,0.0554945981599,0.187155672074,0.00898692824131,0.0716766215303,0.0108555295493,0.0574678288511,0.0679542416992,0.0513930246548,0.356259951154,0.0732483190247,0.0219338318004,1,0.2,30,15,3,10,20,2.06897840621e-05,2.2215486477e-06,2.06897840621e-05,0.00135894366056,0.000405273909635,0.00105842033646,2.06897840621e-05,2.2215486477e-06,2.06897840621e-05,0.20483406961,0.587431419302,0.204824670948
828,0.0269078082612,0.0716628538075,0.00227737574862,0.495714978015,0.104317824141,0.0118608134393,0.0468408920827,0.00543857232244,0.0427467604682,0.0239870910222,0.167470196685,0.000774834008,1,0.2,30,15,3,10,20,0.000190383602846,2.04422836979e-05,0.000190383602846,0.00607079032474,0.000219637128227,0.00883226720831,0.000190383602846,2.04422836979e-05,0.000190383602846,0.202160317983,0.579763526374,0.202151042003
829,0.0937439872982,0.135569349231,0.126422887611,0.0233534600418,0.0579788534221,0.0657030382713,0.0103133510386,0.0220166194083,0.0335178719206,0.0169281633465,0.0977583986861,0.316694019724,1,0.2,30,15,3,10,20,6.04254450359e-05,6.48813275688e-06,6.04254450359e-05,0.00452845809808,0.00140978821249,0.0012870460179,6.04254450359e-05,6.48813275688e-06,6.04254450359e-05,0.203895219332,0.584738946547,0.203885863748
830,0.00516219192519,0.0902719998029,0.149753795696,0.0258311222357,0.0625345191988,0.0430620558106,0.131730654923,0.314095658818,0.0397694071121,0.0673182367999,0.000338241106756,0.0701321165709,1,0.2,30,15,3,10,20,2.33717181136e-05,2.50951912373e-06,2.33717181136e-05,0.0271552006079,0.000277186765584,0.013032874509,2.33717181136e-05,2.50951912373e-06,2.33717181136e-05,0.19709875384,0.56524776826,0.197089710107
831,0.0635487504967,0.102489434986,0.077475696357,0.24332646402,0.0189622423766,0.0402543334287,0.024048887163,0.0548895359543,0.330338523052,0.0405715682765,0.000562572704748,0.00353199118473,1,0.2,30,15,3,10,20,0.000770257716572,8.27057925542e-05,0.000770257716572,0.273653723539,0.039518749513,0.00304120565272,0.000770257716572,8.27057925542e-05,0.000770257716572,0.139804561842,0.400937169992,0.139798147011
832,0.00673725358358,0.0784174522425,0.175244025768,0.0425496564053,0.0134779702665,0.0406440427367,0.234509100296,6.42429915832e-05,0.0295392420131,0.0844675745787,0.194053185528,0.10029625359,1,0.2,30,15,3,10,20,9.16255405318e-05,9.83821750156e-06,9.16255405318e-05,0.0114630762311,0.000420282459676,0.00141273359877,9.16255405318e-05,9.83821750156e-06,9.16255405318e-05,0.202621069304,0.581084887626,0.202611772183
833,0.086553496263,0.0545653850523,0.146987918229,0.00410192250326,0.0390548971336,0.0329280232067,0.2550752088,0.116209260688,0.0675140793766,0.086645232738,0.0493393523957,0.0610252236147,1,0.2,30,15,3,10,20,0.000129591727507,1.39148057868e-05,0.000129591727507,0.00462088178195,0.000271038376531,0.00893581410858,0.000129591727507,1.39148057868e-05,0.000129591727507,0.202478980335,0.580677399142,0.202469689734
834,0.0870272413295,0.0657149427194,0.0105579307413,0.0556197840633,0.0347652775813,0.145236314796,0.14434086394,0.103906799802,0.0998763402215,0.112036772702,0.0377465703734,0.103171161731,1,0.2,30,15,3,10,20,1.8849818013e-05,2.02398379754e-06,1.8849818013e-05,4.38637081046e-05,0.00303376485161,1.96919245568e-05,1.8849818013e-05,2.02398379754e-06,1.8849818013e-05,0.204779234185,0.587274160053,0.204769838038
835,0.2025720443,0.0268607644066,0.0051253504457,0.393621640726,0.0216814637932,0.043883480172,0.0260589231671,0.0686956205029,0.0148363412322,0.0422201171842,0.0914404846695,0.0630037694008,1,0.2,30,15,3,10,20,7.67468063742e-06,8.24062558624e-07,7.67468063742e-06,0.099506311186,0.000984756172245,0.00228042743484,7.67468063742e-06,8.24062558624e-07,7.67468063742e-06,0.184312660734,0.528579293944,0.184304203681
836,0.0782323101027,0.0143122858413,0.0471634126107,0.304845280566,0.0562223263437,0.110876166653,0.169500454889,0.0669776741435,0.0146502700241,0.0712910385605,0.0639618236038,0.00196695666164,1,0.2,30,15,3,10,20,1.2313243904e-05,1.32212449689e-06,1.2313243904e-05,0.169872619055,4.41212308865e-06,0.000292888423804,1.2313243904e-05,1.32212449689e-06,1.2313243904e-05,0.170462861811,0.488860281116,0.170455040246
837,0.164052982743,0.0672088303347,0.22497936096,0.0607373317283,0.0327201177855,0.0456407065092,0.0661111214661,0.0653195302146,0.103322558562,0.0336492028051,0.0929832711019,0.0432749857894,1,0.2,30,15,3,10,20,0.000254135744943,2.72876178318e-05,0.000254135744943,0.056507657459,0.0026980284724,0.000157596035412,0.000254135744943,2.72876178318e-05,0.000254135744943,0.193016693198,0.553541069852,0.193007836767
838,0.0872553309062,0.0553913887978,0.00882483660814,0.0382602107781,0.141596054055,0.0804132981852,0.00525686137308,0.0775267151099,0.0390210905052,0.0936610466504,0.299790458898,0.0730027081327,1,0.2,30,15,3,10,20,1.00817339109e-05,1.08251793586e-06,1.00817339109e-05,3.88775121364e-06,0.000308914430137,6.82288708126e-05,1.00817339109e-05,1.08251793586e-06,1.00817339109e-05,0.205344838319,0.588896222437,0.20533541622
839,0.212955263136,0.0471728154042,0.10522904124,0.0183362405326,0.00221173913786,0.00391713717924,0.113795992986,0.0841944382719,0.100608593446,0.134692847388,0.0509031668069,0.125982724472,1,0.2,30,15,3,10,20,4.00017809437e-06,4.29515852338e-07,4.00017809437e-06,9.64725867844e-07,7.56272425034e-05,0.00028329025883,4.00017809437e-06,4.29515852338e-07,4.00017809437e-06,0.205354448637,0.588923783295,0.205345026097
840,0.04268104674,0.317655100641,0.169072197359,0.0696452760877,0.120723432637,0.0695533703174,0.000652669097529,0.0120899589937,0.106172438819,0.0395403095562,0.0343459304,0.0178682693519,1,0.2,30,15,3,10,20,0.000147290817924,1.58152311496e-05,0.000147290817924,0.129438735493,8.18732745506e-05,0.0279403372334,0.000147290817924,1.58152311496e-05,0.000147290817924,0.172956820228,0.496012555809,0.172948884229
841,0.0379103402845,0.340632616359,0.12964254491,0.0229904285018,0.0553265054,0.0195889567473,0.0889330126473,0.0526207549808,0.0320110057026,0.118765870979,0.00273443622229,0.0988435272655,1,0.2,30,15,3,10,20,9.71971063851e-05,1.04364598297e-05,9.71971063851e-05,0.000168089782704,0.000467698880812,0.00170727690596,9.71971063851e-05,1.04364598297e-05,9.71971063851e-05,0.20486634567,0.587523981889,0.204856945526
842,0.046006468596,0.245690979281,0.00189443351997,0.00369063076957,0.0779122437593,0.107560836936,0.0406329858402,0.0887569605827,0.126061141716,0.0137489960642,0.00846237477646,0.239581948158,1,0.2,30,15,3,10,20,0.000245969406946,2.64107639662e-05,0.000245969406946,0.0370855274712,0.000266937151651,0.00485063901241,0.000245969406946,2.64107639662e-05,0.000245969406946,0.196549011037,0.563671193643,0.196539992529
843,0.035373251334,0.0481506783991,0.103707638375,0.0539270619861,0.0198308833865,0.0775499040669,0.218236909093,0.0206297279709,0.105192738356,0.000321671097432,0.305997372531,0.0110821634042,1,0.2,30,15,3,10,20,1.51467851229e-08,1.62637366856e-09,1.51467851229e-08,9.05886750249e-06,6.85543927772e-05,0.000218319940831,1.51467851229e-08,1.62637366856e-09,1.51467851229e-08,0.205371036217,0.588971353826,0.205361612916
844,0.171979331273,0.123962113273,0.0812929235289,0.0255815639597,0.0467710195768,0.0585468815477,0.0306175732274,0.0201582316648,0.141734915879,0.0361759783252,0.0677003555169,0.195479112227,1,0.2,30,15,3,10,20,1.91346760663e-06,2.05457019811e-07,1.91346760663e-06,0.0435423461179,1.72159760972e-05,3.46757368203e-05,1.91346760663e-06,2.05457019811e-07,1.91346760663e-06,0.19647454203,0.563457628416,0.196465526938
845,0.121112267172,0.0164678152726,0.071891998456,0.0249253956137,0.0862662784175,0.345921296297,0.0214026162308,0.104441360092,0.00511597516089,0.0285758317838,0.14931253078,0.024566634724,1,0.2,30,15,3,10,20,1.15189922387e-06,1.23684237371e-07,1.15189922387e-06,0.0016548355201,7.60098928046e-05,0.0077342760588,1.15189922387e-06,1.23684237371e-07,1.15189922387e-06,0.203486408718,0.583566542954,0.203477071892
846,0.169845237128,0.44915866737,0.114253473414,0.0155587383543,0.00653831838992,0.00829859279177,0.151001858089,0.0288670877684,0.0234642301003,0.0088408603705,0.00754566529995,0.0166272709236,1,0.2,30,15,3,10,20,0.00351528779487,0.000377451152875,0.00351528779487,0.322209660919,0.0152722732616,0.039515633507,0.00351528779487,0.000377451152875,0.00351528779487,0.124940848954,0.358310413739,0.124935116134
847,0.0420696543327,0.0736558365323,0.214334985926,0.0202360775585,0.0453257164675,0.1428701864,0.0179016295467,0.100888761682,0.0192505418675,0.232694022364,0.0525438113311,0.0382287759917,1,0.2,30,15,3,10,20,6.04784702288e-05,6.49382629362e-06,6.04784702288e-05,0.000440703274842,0.000638634222298,0.000955074922313,6.04784702288e-05,6.49382629362e-06,6.04784702288e-05,0.204961545449,0.587796999661,0.204952140937
848,0.132667227617,0.0684873212383,0.0797114400877,0.0190134540196,0.000513816497064,0.245011721962,0.0445125965155,0.0260861794491,0.0689671017301,0.198660747361,0.0626304248571,0.0537379686662,1,0.2,30,15,3,10,20,3.8015658964e-05,4.08190029965e-06,3.8015658964e-05,0.00705770877726,0.000332891786458,0.000757164922261,3.8015658964e-05,4.08190029965e-06,3.8015658964e-05,0.203725117339,0.584251121179,0.20371576956
849,0.0267039806961,0.0141357017752,0.0799826795871,0.163061034632,0.00982106753996,0.030806242744,0.00460573838111,0.283599598757,0.110093441268,0.0575841950679,0.125519387132,0.0940869324192,1,0.2,30,15,3,10,20,7.63561647634e-05,8.19868076267e-06,7.63561647634e-05,0.0226333720073,0.00162842702416,0.00161890085968,7.63561647634e-05,8.19868076267e-06,7.63561647634e-05,0.200049011056,0.573708635081,0.200039831952
850,0.038418837809,0.12425680203,0.0550570780047,0.197495335582,0.0930723229225,0.0143066363296,0.054470396518,0.191929400747,0.000900199037983,0.167481664742,0.0622674989193,0.000343827358666,1,0.2,30,15,3,10,20,5.72935775429e-06,6.15185104544e-07,5.72935775429e-06,0.0970504368422,0.000223742096121,8.22357080577e-05,5.72935775429e-06,6.15185104544e-07,5.72935775429e-06,0.185426774976,0.531774395773,0.185418266803
851,0.0228952286433,0.268852784679,0.0278850209861,0.0321804484346,0.0551705920103,0.137026482766,0.305329420558,0.0112070707534,0.0445304981354,0.0647721235376,0.027740100804,0.00241022869305,1,0.2,30,15,3,10,20,0.000896722429319,9.62848376879e-05,0.000896722429319,0.0257509266934,0.0120502512818,0.0158756930277,0.000896722429319,9.62848376879e-05,0.000896722429319,0.193628483564,0.555295586978,0.193619599062
852,0.0148845694903,0.0820250081855,0.162152664941,0.182631142443,0.0065121324532,0.101523059607,0.0592613786318,0.0316107026344,0.0188611109112,0.0700157156466,0.0129089589233,0.257613556132,1,0.2,30,15,3,10,20,4.31039522615e-05,4.62825163229e-06,4.31039522615e-05,0.0295041945402,7.99993383502e-05,0.00445299325322,4.31039522615e-05,4.62825163229e-06,4.31039522615e-05,0.198402200059,0.568985843979,0.198393096518
853,0.00182844244011,0.025242683453,0.255000222282,0.0987867125005,0.169702846651,0.0627967415383,0.0707174958175,0.0663242726366,0.0838092135233,0.0141111232193,0.144730557108,0.00694968883026,1,0.2,30,15,3,10,20,1.84982994743e-07,1.98623978184e-08,1.84982994743e-07,3.88140045461e-07,2.43857533202e-07,1.27008625491e-07,1.84982994743e-07,1.98623978184e-08,1.84982994743e-07,0.205431527344,0.589144832725,0.205422101268
854,0.0870202376661,0.0015818232748,0.0849481460044,0.0116943954179,0.0679477456617,0.0696029440954,0.284947536708,0.0399772123733,0.100475492805,0.0554245041482,0.139041316131,0.0573386457143,1,0.2,30,15,3,10,20,0.000169685928494,1.82198878369e-05,0.000169685928494,0.0275583508213,0.00188276702466,0.000380693833021,0.000169685928494,1.82198878369e-05,0.000169685928494,0.199158572224,0.57115499863,0.199149433978
855,0.110703347854,0.116177195341,0.0266201262439,0.00787791102964,0.0941322489981,0.0200680544711,0.057594971096,0.148185269519,0.100345676133,0.152937560415,0.113122935386,0.0522347035123,1,0.2,30,15,3,10,20,2.78021454084e-05,2.98523263219e-06,2.78021454084e-05,0.00398088527321,0.00115926221648,0.00357664926603,2.78021454084e-05,2.98523263219e-06,2.78021454084e-05,0.203617063501,0.583941240017,0.203607720679
856,0.00460147894298,0.171167144016,0.0131110820489,0.171920961644,0.0217576302651,0.164117449981,0.171597362265,0.0710179955808,0.0424183259315,0.105947781705,0.0210511232653,0.0412916643547,1,0.2,30,15,3,10,20,0.000285168933427,3.06197810726e-05,0.000285168933427,0.0398987842991,0.00983320553915,0.000859672831312,0.000285168933427,3.06197810726e-05,0.000285168933427,0.194791793235,0.558631773445,0.194782855355
857,0.368175569009,0.0364757211806,0.0189093879818,0.0860288522616,0.14896178581,0.0522674540051,0.0580795634524,0.0649956304018,0.0425645514719,0.0364156440895,0.0414105016686,0.0457153386679,1,0.2,30,15,3,10,20,0.000377327720912,4.05152555298e-05,0.000377327720912,0.0692493011199,0.00584799786126,0.00598007250567,0.000377327720912,4.05152555298e-05,0.000377327720912,0.188449262785,0.540442408407,0.188440615927
858,0.0517346900027,0.0235967384475,0.0994248928767,0.00622447669201,0.281116516027,0.126820450926,0.0632644661095,0.0449354554621,0.0854504707263,0.209296817267,0.000853339839976,0.00728168562325,1,0.2,30,15,3,10,20,1.13922220666e-05,1.22323053012e-06,1.13922220666e-05,0.103780060605,6.22715886759e-06,0.00121099648934,1.13922220666e-05,1.22323053012e-06,1.13922220666e-05,0.183852193893,0.527258748536,0.183843757968
859,0.0316314120994,0.0134887809908,0.0226388094902,0.0999132071359,0.0266459978692,0.541638136777,0.0159876082488,0.062083894447,0.0729487004531,0.00421488292611,0.0645174856813,0.0442910838816,1,0.2,30,15,3,10,20,0.000489662446643,5.25771048603e-05,0.000489662446643,0.00299880304286,0.00263806013169,0.00858789783268,0.000489662446643,5.25771048603e-05,0.000489662446643,0.202085653499,0.579549400552,0.202076380945
860,0.0249127547914,0.010043675645,0.283085091811,0.00670471164995,0.0656777733837,0.167225841618,0.11207499357,0.156443341664,0.0481818711147,0.097866942619,0.0226934891817,0.00508951295214,1,0.2,30,15,3,10,20,0.000197520050043,2.1208553881e-05,0.000197520050043,0.086134295072,0.00022931443243,0.0164034232636,0.000197520050043,2.1208553881e-05,0.000197520050043,0.184149200992,0.528110517492,0.18414075144
861,0.00464341036163,0.0366398644842,0.0683434333408,0.222854452857,0.00664192183596,0.181824427128,0.0264388448056,0.155794143276,0.0572648078564,0.152612325341,0.0235095930763,0.0634327756371,1,0.2,30,15,3,10,20,0.000121255100166,1.30196672422e-05,0.000121255100166,0.0050255997527,0.00115559790672,0.00526249845582,0.000121255100166,1.30196672422e-05,0.000121255100166,0.202975955902,0.582102645749,0.202966642498
862,0.136987244968,0.0955716928895,0.0610312306346,0.140741795377,0.0862625954474,0.14509206637,0.107493964023,0.0122516011074,0.0254147947714,0.0172857482851,0.120805663267,0.0510616028593,1,0.2,30,15,3,10,20,0.000308792963394,3.31563919753e-05,0.000308792963394,0.0729321596573,0.0034009236239,0.000731359967818,0.000308792963394,3.31563919753e-05,0.000308792963394,0.189332986406,0.542976786707,0.189324299
863,0.00915580608994,0.0297887925764,0.077033396711,0.123610132273,0.0904890998986,0.0864431303185,0.265360499654,0.0195223477116,0.107888133584,0.0744430919841,0.0947111598088,0.0215544093902,1,0.2,30,15,3,10,20,2.43987264918e-07,2.61979330866e-08,2.43987264918e-07,0.0404125139673,0.0102914495895,0.00178289801245,2.43987264918e-07,2.61979330866e-08,2.43987264918e-07,0.194649159451,0.558222722518,0.194640228116
864,0.0396242936958,0.108201572586,0.068794594968,0.0236550203081,0.0592341554661,0.0336237022822,0.108951129712,0.114937965699,0.120891284726,0.0832639363894,0.13617186679,0.102650477377,1,0.2,30,15,3,10,20,6.63523303574e-09,7.12452722247e-10,6.63523303574e-09,1.92723367242e-06,0.00110921162656,0.000562486411412,6.63523303574e-09,7.12452722247e-10,6.63523303574e-09,0.205088021765,0.588159713548,0.20507861145
865,0.066465307456,0.0903200797373,6.74819023997e-05,0.0520766706626,0.0271871712473,0.156742005922,0.147192396466,0.0206969200734,0.115506326812,0.103431044884,0.106930985122,0.113383609715,1,0.2,30,15,3,10,20,1.91830056499e-05,2.05975954763e-06,1.91830056499e-05,1.22114619072e-06,0.000667966283275,0.000613826359713,1.91830056499e-05,2.05975954763e-06,1.91830056499e-05,0.205151662065,0.588342223773,0.20514224883
866,0.0705684623579,0.212457241758,0.0503452997564,0.0100482408177,0.00184977047174,0.0273731779316,0.239230318816,0.205707712835,0.00396817759409,0.0823154980729,0.0610410660941,0.0350950334954,1,0.2,30,15,3,10,20,0.000196190927988,2.10658404871e-05,0.000196190927988,0.00718269581435,0.00241202897587,0.00137410164442,0.000196190927988,2.10658404871e-05,0.000196190927988,0.203008626555,0.582196339966,0.202999311651
867,0.0436768698748,0.00840809130354,0.039219429948,0.125573872346,0.0264040805553,0.00569155581768,0.170594445359,0.101394804733,0.0697714389582,0.154938694554,0.146688442592,0.107638273959,1,0.2,30,15,3,10,20,2.42186116969e-05,2.60045362982e-06,2.42186116969e-05,0.0243036849571,0.000376728422515,0.000697869737885,2.42186116969e-05,2.60045362982e-06,2.42186116969e-05,0.200197366422,0.574134094595,0.200188180511
868,0.0786498713097,0.0888633391148,0.0557172605194,0.156309043092,0.00158291943877,0.0135500906939,0.058436947283,0.0470388549513,0.238546209845,0.0891425027827,0.0222237837142,0.149939177255,1,0.2,30,15,3,10,20,7.84733025407e-05,8.42600670054e-06,7.84733025407e-05,0.0389721842017,0.00048388988113,0.00207329661061,7.84733025407e-05,8.42600670054e-06,7.84733025407e-05,0.196832442655,0.564484030286,0.196823411142
869,0.10586802866,0.0613057216722,0.0886532592332,0.225999646697,0.0598393244549,0.00162969053861,0.0267286037976,0.0368061743506,0.258435799353,0.0665830932826,0.00738078266372,0.0607698752965,1,0.2,30,15,3,10,20,1.09865933179e-08,1.17967647488e-09,1.09865933179e-08,0.147433589218,1.91963022396e-08,0.00296527888225,1.09865933179e-08,1.17967647488e-09,1.09865933179e-08,0.174535113254,0.500538848307,0.174527104837
870,0.00988200139433,0.0607951571182,0.00120031520749,0.0216660092141,0.121611350639,0.324032901571,0.0566011191515,0.0955483281788,0.0739624965759,0.0275957112124,0.127068225535,0.080036384202,1,0.2,30,15,3,10,20,0.000463575183134,4.97760062699e-05,0.000463575183134,0.0411323190415,0.00216100025571,0.000488533513798,0.000463575183134,4.97760062699e-05,0.000463575183134,0.196036273131,0.562200743163,0.196027278149
871,0.0354072087969,0.114520919318,0.048719186534,0.00645541284399,0.000545309520672,0.232501221428,0.123219339924,0.167819020046,0.155430782901,0.0461259684909,0.065856719106,0.00339891109003,1,0.2,30,15,3,10,20,0.000289174793939,3.10499070699e-05,0.000289174793939,0.0347892399964,0.00283236680262,0.00549605618007,0.000289174793939,3.10499070699e-05,0.000289174793939,0.196323722321,0.563025101561,0.196314714149
872,0.0516466280119,0.000871851406853,0.0555562591616,0.0972877192503,0.0626493120953,0.0740241709385,0.235813553959,0.0228076129784,0.221660015719,0.0405552919102,0.0794422694738,0.0576853150947,1,0.2,30,15,3,10,20,1.68414638851e-05,1.80833841508e-06,1.68414638851e-05,0.00017366531654,0.000180022918751,0.00708075172814,1.68414638851e-05,1.80833841508e-06,1.68414638851e-05,0.203889990655,0.584723951538,0.203880635311
873,0.0445674056855,0.050620324553,0.0840694050112,0.14091253704,0.0633957085296,0.0311156321423,0.144434158194,0.105715003189,0.0235644451693,0.00566355274118,0.11446467964,0.191477148105,1,0.2,30,15,3,10,20,5.4314920113e-05,5.83202013926e-06,5.4314920113e-05,0.0413202637725,0.00315689795937,2.80009725538e-05,5.4314920113e-05,5.83202013926e-06,5.4314920113e-05,0.196242037596,0.562790842807,0.196233033172
874,0.0402487859961,0.275738688228,0.0965237028344,0.0836311917342,0.0678666206305,0.146292119827,0.00098897338462,0.0319866854925,0.196041814294,0.0054607080711,0.0280434003224,0.0271773091854,1,0.2,30,15,3,10,20,0.000475832958108,5.10921748358e-05,0.000475832958108,2.07313978563e-05,0.0475740170302,2.8611351772e-05,0.000475832958108,5.10921748358e-05,0.000475832958108,0.195236491958,0.559907098407,0.195227533673
875,0.0341166087267,0.0827697343509,0.0782827364285,0.0842748300099,0.0345781424652,0.194578783651,0.052741468581,0.0510878724506,0.206419442318,0.118291845518,0.00676452779248,0.0560940077076,1,0.2,30,15,3,10,20,2.49582216446e-05,2.67986864325e-06,2.49582216446e-05,0.000166587705756,0.00159918949441,0.00439349749287,2.49582216446e-05,2.67986864325e-06,2.49582216446e-05,0.204144922365,0.585455054994,0.204135555324
876,0.0264106426615,0.013536370074,0.0037055090442,0.0548868426921,0.0361883478053,0.0579375394826,0.0955818397036,0.0249534787003,0.0938972630723,0.299699637352,0.292920566318,0.000281963094004,1,0.2,30,15,3,10,20,4.23510318825e-06,4.54740742218e-07,4.23510318825e-06,0.0204568850846,0.000139236465159,4.98905810532e-06,4.23510318825e-06,4.54740742218e-07,4.23510318825e-06,0.201196052369,0.576998166495,0.201186820634
877,0.0566923169702,0.00466268155541,0.308550022664,0.150079053646,0.0011062398976,0.0409204499401,0.00702996364378,0.0571892813826,0.230066898315,0.0349225758315,0.0886169837356,0.0201635324183,1,0.2,30,15,3,10,20,0.000243755007339,2.6172994619e-05,0.000243755007339,0.0707879445351,0.00759364745205,0.00264294184921,0.000243755007339,2.6172994619e-05,0.000243755007339,0.18857577039,0.540805212027,0.188567117728
878,0.0787031540001,0.233376705604,0.107910016953,0.00041618592467,0.00678854275585,0.183665958619,0.118506941845,0.103176138707,0.0141883508171,0.0163219814625,0.130441309275,0.00650471403591,1,0.2,30,15,3,10,20,2.920700415e-05,3.13607819095e-06,2.920700415e-05,0.0739463888013,0.000143065302547,0.00323008085747,2.920700415e-05,3.13607819095e-06,2.920700415e-05,0.189522660138,0.543520740698,0.189513964029
879,0.0720686512838,0.102811101117,0.0188876272359,0.0927444738316,0.135888041772,0.044077341799,0.156216013686,0.0436161321323,0.0475199379872,0.131048125015,0.0801929249043,0.0749296292359,1,0.2,30,15,3,10,20,2.33171178149e-05,2.5036564613e-06,2.33171178149e-05,0.072408749565,0.000188191566737,0.000359408462349,2.33171178149e-05,2.5036564613e-06,2.33171178149e-05,0.190424097072,0.54610591795,0.1904153596
880,0.175141190625,0.140215019265,0.0754293182473,0.0739816726925,0.0292303147943,0.0058985271487,0.173802159763,0.0581010716041,0.0338495994803,0.0462091353107,0.179581784914,0.00856020615523,1,0.2,30,15,3,10,20,2.22408482313e-05,2.38809289472e-06,2.22408482313e-05,0.00954860765143,0.00272214417483,0.00247654089951,2.22408482313e-05,2.38809289472e-06,2.22408482313e-05,0.20238302281,0.580402208274,0.202373736612
881,0.104839499969,0.0130037558816,0.023499253907,0.108023067137,0.350994689808,0.0488773521238,0.0753933175308,0.163668734784,0.0387684426321,0.000833033502468,0.0718966079681,0.000202244755763,1,0.2,30,15,3,10,20,0.00174522973355,0.00018739261574,0.00174522973355,0.00477794414713,0.0085124399438,0.00323386138552,0.00174522973355,0.00018739261574,0.00174522973355,0.200526141358,0.575076968637,0.200516940362
882,0.21028810136,0.180428455693,0.0256917594496,0.00922476166167,0.0390525742891,0.292927850582,0.00371658029273,0.0970106069079,0.0091409668024,0.107878095275,0.0157403514026,0.00889989628435,1,0.2,30,15,3,10,20,0.00138836237983,0.00014907427541,0.00138836237983,0.0890939591679,0.00755075621091,0.000621316551257,0.00138836237983,0.00014907427541,0.00138836237983,0.184248198613,0.528394426869,0.184239744518
883,0.0317889274683,0.0118111366965,0.0649437513029,0.00868458820249,0.170952005259,0.0278516740364,0.0077511851281,0.0556460128072,0.0188645716578,0.185314782757,0.139418747608,0.276972617076,1,0.2,30,15,3,10,20,1.75946776773e-05,1.88921413019e-06,1.75946776773e-05,0.000315721771265,6.90010615574e-05,0.000710293397009,1.75946776773e-05,1.88921413019e-06,1.75946776773e-05,0.205191657994,0.588456925713,0.205182242924
884,0.00566536071935,0.0223889022827,0.0468748448397,0.0511607512242,0.0955227939696,0.185401054649,0.00571652003686,0.0833070723224,0.0517704594454,0.162316202946,0.151038262702,0.138837774862,1,0.2,30,15,3,10,20,1.0623448522e-06,1.14068409932e-07,1.0623448522e-06,0.0200350480179,1.57807225243e-05,0.000260894184365,1.0623448522e-06,1.14068409932e-07,1.0623448522e-06,0.201258248926,0.577176536295,0.201249014338
885,0.0338216174057,0.0487960161447,0.0497827808636,0.0134629450145,0.228234799638,0.0291446690879,0.0472051012063,0.0503920151512,0.0472487183217,0.283527821748,0.14292656417,0.0254569512482,1,0.2,30,15,3,10,20,1.27348528088e-05,1.36739440833e-06,1.27348528088e-05,0.00457820928478,0.000835780437312,0.000209105593719,1.27348528088e-05,1.36739440833e-06,1.27348528088e-05,0.204265654208,0.585801294649,0.204256281627
886,0.0024445601935,0.237214323757,0.132132188214,0.0977567365116,0.160562314213,0.0570393551743,0.165166953682,0.0231236556473,0.0181285227903,0.0423305039783,0.0116715763314,0.0524293095068,1,0.2,30,15,3,10,20,0.000541037544423,5.80934639801e-05,0.000541037544423,0.18100656341,0.000300146133155,0.00216368091357,0.000541037544423,5.80934639801e-05,0.000541037544423,0.167272729052,0.479711489521,0.167265053864
887,0.180725975597,0.113654851956,0.0100474951906,0.238513950371,0.0513733855883,0.0276076708133,0.0292852785633,0.0526390483133,0.00605790758604,0.145990823713,0.0837583311686,0.0603452811394,1,0.2,30,15,3,10,20,1.44767878778e-08,1.55443326215e-09,1.44767878778e-08,0.0731786334325,2.23802070409e-08,1.84442083333e-06,1.44767878778e-08,1.55443326215e-09,1.44767878778e-08,0.190398225833,0.546031723368,0.190389489549
888,0.0948211851158,0.0537085863947,0.0128806729316,0.00278255908601,0.176822306431,0.0371088573016,0.121917107107,0.268849418509,0.0473077126187,0.0549941270469,0.10326385614,0.0255436113184,1,0.2,30,15,3,10,20,6.72081479161e-06,7.21641993311e-07,6.72081479161e-06,9.52690797766e-05,0.00514050133424,0.0011858201093,6.72081479161e-06,7.21641993311e-07,6.72081479161e-06,0.204106825082,0.585345798064,0.204097459788
889,0.110657175755,0.00764870727113,0.0133319698951,0.049029698617,0.0455712868134,0.0143707414689,0.0366056393888,0.049629473126,0.121952555283,0.00492106740429,0.287022541116,0.259259143861,1,0.2,30,15,3,10,20,8.60260827746e-06,9.236980303e-07,8.60260827746e-06,0.00819078618363,0.000953954105824,5.34558790571e-05,8.60260827746e-06,9.236980303e-07,8.60260827746e-06,0.203534792527,0.583705299995,0.20352545348
890,0.108935367899,0.0570954289058,0.207569338855,0.199875486492,0.00681650851316,0.01314564501,0.0375813802927,0.0932910616068,0.158157629717,0.0535479779972,0.0603317048225,0.00365246988854,1,0.2,30,15,3,10,20,1.42596823942e-06,1.53112173837e-07,1.42596823942e-06,0.194400257323,1.23588321889e-06,0.00380042406881,1.42596823942e-06,1.53112173837e-07,1.42596823942e-06,0.164713623531,0.472372383331,0.164706065766
891,0.0568681540764,0.0394835240889,0.339364379747,0.0364032079925,0.00469171349888,0.0631866383643,0.0743089835926,0.236360224556,0.0450466793515,0.0867805847423,0.00801950908206,0.00948640090743,1,0.2,30,15,3,10,20,0.000207515070709,2.22817610531e-05,0.000207515070709,0.1445949426,0.00376972314634,0.00102692258401,0.000207515070709,2.22817610531e-05,0.000207515070709,0.17456237847,0.500617040593,0.174554368802
892,0.0723406033651,0.020436037524,0.124072543796,0.111456722885,0.0636966696848,0.0378328837083,0.0255841676342,0.00808608759647,0.13207223655,0.0947762904301,0.135139784599,0.174505972227,1,0.2,30,15,3,10,20,1.16933952506e-05,1.25556875451e-06,1.16933952506e-05,0.0170057717671,0.000169949631203,0.000362839192013,1.16933952506e-05,1.25556875451e-06,1.16933952506e-05,0.201818739951,0.578783935096,0.201809479644
893,0.0463419906491,0.145211890744,0.0251097823434,0.0126302904316,0.0346492934231,0.0109341428973,0.117378666357,0.0394583395847,0.131601957192,0.33421088838,0.0401480088193,0.0623247491789,1,0.2,30,15,3,10,20,1.92361250467e-05,2.06546319943e-06,1.92361250467e-05,0.000237407007338,0.000862046837203,3.02949518495e-05,1.92361250467e-05,2.06546319943e-06,1.92361250467e-05,0.205183101582,0.58843238729,0.205173686905
894,0.0908406586595,0.0185167908688,0.143872687535,0.066349596308,0.016579143395,0.0309559022357,0.229513665116,0.0733877860308,0.0964096414345,0.166748556172,0.00491589182141,0.0619096804233,1,0.2,30,15,3,10,20,9.40207681984e-06,1.00954031139e-06,9.40207681984e-06,0.0149675547451,0.0107121460251,0.000924696830029,9.40207681984e-06,1.00954031139e-06,9.40207681984e-06,0.199958312265,0.573448525424,0.199949137323
895,0.148038297112,0.0357080967322,0.0754662837626,0.205960982546,0.14435457687,0.10536502728,0.0741312379663,0.0661636705987,0.0515155936588,0.0402034419619,0.0385554853035,0.0145373062078,1,0.2,30,15,3,10,20,0.00120226240205,0.00012909194245,0.00120226240205,0.167740011434,0.000896404225123,0.010091119716,0.00120226240205,0.00012909194245,0.00120226240205,0.167674545252,0.480863834252,0.167666851627
896,0.0703512773745,0.104365061827,0.198642514115,0.198076676088,0.00673893243012,0.0643412370061,0.00190151175221,0.0668852938863,0.17801903181,0.060402397801,0.0062428172531,0.0440332486564,1,0.2,30,15,3,10,20,0.00106186494809,0.00011401688062,0.00106186494809,0.018200075669,0.00937188037343,0.00751721181204,0.00106186494809,0.00011401688062,0.00106186494809,0.197304002107,0.56583638753,0.197294948956
897,0.138421412772,0.0616384774511,0.134506654968,0.0987708044838,0.0573608843018,0.0147437303257,0.0731664366383,0.147856385013,0.00722050133579,0.0882874529556,0.0777732777679,0.100253981988,1,0.2,30,15,3,10,20,3.13734964805e-05,3.36870353363e-06,3.13734964805e-05,0.0170722414917,0.00403298980654,0.00407566274756,3.13734964805e-05,3.36870353363e-06,3.13734964805e-05,0.200231721413,0.574232619223,0.200222533925
898,0.0967742786954,0.000888935888665,0.163778322944,0.117656756788,0.0263846814238,0.0572539181144,0.0893822500556,0.189942480899,0.0533306160114,0.0744205770081,0.000490753571709,0.1296964286,1,0.2,30,15,3,10,20,0.000121393364424,1.30345132538e-05,0.000121393364424,0.06506056495,0.00422401111727,0.000488590648067,0.000121393364424,1.30345132538e-05,0.000121393364424,0.190993105515,0.54773774335,0.190984341935
899,0.117577322236,0.0196987163096,0.0842575739278,0.28484250818,0.0056372822945,0.0904854826631,0.0777502702361,0.183256784984,0.0258444020267,0.00503974196987,0.0793812785742,0.0262286365985,1,0.2,30,15,3,10,20,0.000483463755897,5.19115255095e-05,0.000483463755897,0.187802544155,0.00124210081525,0.000612766345886,0.000483463755897,5.19115255095e-05,0.000483463755897,0.166051567844,0.476209394077,0.166043948688
900,0.0177172988904,0.00403604898531,0.172410549312,0.123487058441,0.0730222189292,0.0545199657899,0.0398773333575,0.0916174674586,0.208718166972,0.0608074808788,0.059904845939,0.0938815650464,1,0.2,30,15,3,10,20,0.000514921437344,5.5289268335e-05,0.000514921437344,0.0238954281514,0.00601483022617,0.00176429479309,0.000514921437344,5.5289268335e-05,0.000514921437344,0.198479040194,0.569206209223,0.198469933127
901,0.232822972257,0.0498794521204,0.0977273073823,0.0286162126386,0.0151880304025,0.0491224834509,0.107993729113,0.0495253216224,0.0704547518321,0.238801476607,0.043509117944,0.0163591446301,1,0.2,30,15,3,10,20,1.2474507446e-05,1.33944003786e-06,1.2474507446e-05,0.018391906988,0.00276473333307,3.56487816351e-05,1.2474507446e-05,1.33944003786e-06,1.2474507446e-05,0.201067471446,0.57662941693,0.201058245611
902,0.0439871004962,0.0198715732408,0.0172023471869,0.0760095365509,0.0708316889234,0.0339939698678,0.121138774384,0.125240637303,0.0768896912086,0.0338709226545,0.171633080854,0.209330677329,1,0.2,30,15,3,10,20,2.90132436731e-05,3.11527331818e-06,2.90132436731e-05,0.0320087302813,1.6209815731e-06,0.00162827795632,2.90132436731e-05,3.11527331818e-06,2.90132436731e-05,0.198496276894,0.569255641329,0.198487169037
903,0.00175832527667,0.00235319439418,0.0689291511511,0.0221339547064,0.0355317283729,0.297885509269,0.0648660044323,0.0482802611754,0.130352624773,0.147133982467,0.00504267191356,0.175732592069,1,0.2,30,15,3,10,20,8.89931599289e-05,9.55556778655e-06,8.89931599289e-05,0.0278753543663,0.00169272534058,7.08555855928e-05,8.89931599289e-05,9.55556778655e-06,8.89931599289e-05,0.199266008169,0.571463107771,0.199256864992
904,0.0374489735657,0.0598798623047,0.0730531145946,0.0242615115646,0.0656565628075,0.0649854146561,0.0303353582445,0.20994938906,0.243816019647,0.107275351364,0.0775487521513,0.00578969003875,1,0.2,30,15,3,10,20,1.29783574271e-05,1.39354051763e-06,1.29783574271e-05,1.0541671703e-05,0.00418278390705,3.66740275608e-05,1.29783574271e-05,1.39354051763e-06,1.29783574271e-05,0.204551629591,0.586621426404,0.204542243888
905,0.0929683613805,0.0946097012367,0.0261277088109,0.0962344195869,0.227554093582,0.063544026036,0.235299984376,0.0164055841814,0.0396962142559,0.0708823934232,0.00974500031488,0.0269325128148,1,0.2,30,15,3,10,20,0.000111720767229,1.19959260383e-05,0.000111720767229,0.141217355071,0.000541518839945,0.0102609953407,0.000111720767229,1.19959260383e-05,0.000111720767229,0.174105388752,0.499306467022,0.174097400053
906,0.0579651270199,0.0584680288511,0.198087535493,0.0160233259957,0.00757418533125,0.103793042087,0.0156889453516,0.0515260311491,0.122522909401,0.139984730511,0.129006251559,0.0993598872494,1,0.2,30,15,3,10,20,4.80659306345e-05,5.16104000317e-06,4.80659306345e-05,0.0175324064299,0.000456375060916,0.000482167225412,4.80659306345e-05,5.16104000317e-06,4.80659306345e-05,0.201595704815,0.578144305924,0.201586454742
907,0.048745590715,0.228569181757,0.130501052349,0.0171893898468,0.129720712508,0.00287690477872,0.0467936808656,0.0876274806943,0.0481729082535,0.165905097977,0.051199815489,0.0426981847649,1,0.2,30,15,3,10,20,6.58855631683e-05,7.07440847716e-06,6.58855631683e-05,0.0115681739526,0.00685264853363,0.00047405931054,6.58855631683e-05,7.07440847716e-06,6.58855631683e-05,0.201493186447,0.577850299608,0.201483941079
908,0.163590131268,0.00452147226361,0.0112173263738,0.0800115596782,0.190381391324,0.0834181473475,0.141887235725,0.00215453961401,0.0915804341404,0.0826279775769,0.0575478595437,0.091061925145,1,0.2,30,15,3,10,20,1.68381275929e-06,1.80798018344e-07,1.68381275929e-06,7.1710853907e-05,0.00311691523329,0.000997108982547,1.68381275929e-06,1.80798018344e-07,1.68381275929e-06,0.204570502245,0.586675550163,0.204561115676
909,0.0731162923381,0.102522940379,0.0543333621952,0.0943022023056,0.00268549529796,0.0610885512015,0.0817397756091,0.131158960451,0.058016626409,0.064950863729,0.0543044878192,0.221780442266,1,0.2,30,15,3,10,20,5.42929791778e-06,5.82966424928e-07,5.42929791778e-06,0.00877058366931,0.00030366864713,0.00588514002882,5.42929791778e-06,5.82966424928e-07,5.42929791778e-06,0.202354006966,0.580318995465,0.202344722099
910,0.011364692906,0.00650904517064,0.185206015611,0.0745109958257,0.00754467920643,0.0755976989827,0.0624386902471,0.0928059630099,0.0965633390519,0.195486529771,0.156901420187,0.03507093003,1,0.2,30,15,3,10,20,5.94749975228e-05,6.38607923225e-06,5.94749975228e-05,0.000215903904609,7.42014400777e-05,0.00038253560817,5.94749975228e-05,6.38607923225e-06,5.94749975228e-05,0.205242165522,0.588601773242,0.205232748134
911,0.00300504733427,0.0600666308557,0.00423844530258,0.205040108211,0.147480925608,0.0667986826301,0.0686978849073,0.00130683317253,0.0218056671817,0.100653755898,0.218903635364,0.102002383535,1,0.2,30,15,3,10,20,1.34031666177e-05,1.43915405715e-06,1.34031666177e-05,0.0337636603794,0.00121619553852,0.00230670809878,1.34031666177e-05,1.43915405715e-06,1.34031666177e-05,0.197760390808,0.567145237484,0.197751316716
912,0.0389913734353,0.0804082314015,0.107026602681,0.123265438537,0.0867882773722,0.0367766232046,0.112972289175,0.14257935009,0.129480336894,0.0401984308662,0.0101145971308,0.0913984492134,1,0.2,30,15,3,10,20,8.13760041353e-05,8.73768191101e-06,8.13760041353e-05,0.0277122804356,0.0114384720686,0.000972229310894,8.13760041353e-05,8.73768191101e-06,8.13760041353e-05,0.19711884643,0.5653053906,0.197109801775
913,0.0148213637182,0.0028666769428,0.106456898859,0.0284347717737,0.0533695103907,0.0401374102201,0.00760324003,0.209021812235,0.174082729989,0.120370820556,0.144921430998,0.097913334288,1,0.2,30,15,3,10,20,1.83616204727e-06,1.9715639858e-07,1.83616204727e-06,1.21187379282e-06,9.88920592163e-05,3.06904884955e-07,1.83616204727e-06,1.9715639858e-07,1.83616204727e-06,0.205409626022,0.589082023229,0.20540020095
914,0.00808048051192,0.0542796892564,0.108579776177,0.0249736359163,0.114914992938,0.00834900785979,0.0647454102204,0.0330471675582,0.0667409940278,0.0603555527293,0.133547257081,0.322386035724,1,0.2,30,15,3,10,20,1.11124620636e-06,1.19319152853e-07,1.11124620636e-06,0.000250188585411,0.000258363540374,0.000730804623202,1.11124620636e-06,1.19319152853e-07,1.11124620636e-06,0.205176277928,0.588412818137,0.205166863563
915,0.130532941386,0.046694963892,0.0379673400708,0.229630719159,0.0471505157134,0.0505974677395,0.206964235153,0.0143494421093,0.133145513355,0.0609326222033,0.00582729858922,0.0362069406298,1,0.2,30,15,3,10,20,0.00130522753727,0.00014014773966,0.00130522753727,0.00699858966975,0.00248337454151,0.00137987746342,0.00130522753727,0.00014014773966,0.00130522753727,0.202070352463,0.579505519623,0.202061080611
916,0.0738221790234,0.0518159979934,0.0403389070289,0.0192981912849,0.0804043635334,0.0601066245107,0.192630412552,0.0141189289246,0.110699097603,0.24367908545,0.0341811525751,0.0789050595213,1,0.2,30,15,3,10,20,4.079961151e-06,4.38082492812e-07,4.079961151e-06,0.00888382526733,2.16995406141e-05,0.000262452150365,4.079961151e-06,4.38082492812e-07,4.079961151e-06,0.203544916419,0.583734333704,0.203535576909
917,0.0394010334416,0.171397925117,0.0569630981383,0.132625084835,0.0333609348632,0.129143186626,0.00761190390411,0.0184337402182,0.239124520407,0.00678440953165,0.0130705744076,0.152083588511,1,0.2,30,15,3,10,20,0.0001771919797,1.90258439481e-05,0.0001771919797,0.000378635536242,0.00283452957043,0.000279583372414,0.0001771919797,1.90258439481e-05,0.0001771919797,0.204560901147,0.586648015748,0.204551515019
918,0.00406396322008,0.0100628835765,0.176501017319,0.124925035605,0.0989681018121,0.0184918613866,0.00484259739211,0.145267655027,0.110758568479,0.011027023254,0.246113291852,0.0489780010773,1,0.2,30,15,3,10,20,4.18952879363e-06,4.49847228858e-07,4.18952879363e-06,4.48969179833e-06,2.47994924973e-06,0.00190814047632,4.18952879363e-06,4.49847228858e-07,4.18952879363e-06,0.205034791356,0.588007057233,0.205025383484
919,0.0310491979543,0.04472902214,0.0225918910168,0.140354938588,0.149479337665,0.00779372407342,0.00313470938676,0.365599371756,0.0204497584036,0.155008986452,0.0472809411238,0.0125281214405,1,0.2,30,15,3,10,20,0.000249568495608,2.67972131687e-05,0.000249568495608,0.0497134024205,0.00137891400159,0.0013857640635,0.000249568495608,2.67972131687e-05,0.000249568495608,0.194435087354,0.55760879791,0.194426165841
920,0.013809273361,0.0126892567328,0.0128720102352,0.536570932414,0.0240164124919,0.0550246154638,0.037400764835,0.00736836590591,0.123110470091,0.120783569427,0.0029970107465,0.0533573182959,1,0.2,30,15,3,10,20,4.13597562643e-05,4.44097001314e-06,4.13597562643e-05,0.118937182503,0.00426334442659,0.000450697410695,4.13597562643e-05,4.44097001314e-06,4.13597562643e-05,0.179994133398,0.516194446799,0.179985874498
921,0.00842682696365,0.0736512994481,0.102653194508,0.00202561019596,0.0593129795095,0.038779115793,0.0378381167937,0.0383707689287,0.293169105645,0.14343143011,0.188690653809,0.0136508982952,1,0.2,30,15,3,10,20,6.13451381546e-06,6.58688405357e-07,6.13451381546e-06,3.74942549236e-05,0.000422116285062,0.00121508386554,6.13451381546e-06,6.58688405357e-07,6.13451381546e-06,0.205082496347,0.588143867531,0.205073086285
922,0.0626767568938,0.00435251836203,0.035524507948,0.0279215373331,0.0612402512875,0.0960932937199,0.125937219458,0.0909155257811,0.0973589070026,0.352068059288,0.0360306626904,0.00988076023538,1,0.2,30,15,3,10,20,2.18065197263e-06,2.3414572266e-07,2.18065197263e-06,0.00311079999726,4.39659093547e-05,0.00290708271867,2.18065197263e-06,2.3414572266e-07,2.18065197263e-06,0.204184658593,0.585569012153,0.204175289729
923,0.00127409040896,0.0513115093563,0.0255634542359,0.0673123382004,0.319181901608,0.0792654979958,0.114523740204,0.0415284956046,0.0498266162915,0.17365544308,0.0563211042845,0.0202358087301,1,0.2,30,15,3,10,20,0.000161044945357,1.72920693374e-05,0.000161044945357,0.00515532991235,0.00563244458946,8.79610568814e-05,0.000161044945357,1.72920693374e-05,0.000161044945357,0.203058181307,0.582338455085,0.203048864129
924,0.0978267135375,0.0251337567225,0.132919366065,0.0889271702061,0.151972214378,0.00374278141948,0.107377385904,0.168038046509,0.0322389852119,0.0551740901592,0.076831083736,0.0598184061514,1,0.2,30,15,3,10,20,0.000271605991406,2.91634712621e-05,0.000271605991406,0.0129359984693,0.00233465366512,0.00646574049907,0.000271605991406,2.91634712621e-05,0.000271605991406,0.200731327937,0.575665410996,0.200722117526
925,0.040832343445,0.0598903249932,0.299381685839,0.106409140837,0.0819453869477,0.0299367054676,0.0213556009636,0.0577822138644,0.0556589429556,0.0538971014912,0.000838690287954,0.192071862907,1,0.2,30,15,3,10,20,3.74161745636e-05,4.0175311523e-06,3.74161745636e-05,0.0761876374297,0.0013811538698,7.63545198235e-05,3.74161745636e-05,4.0175311523e-06,3.74161745636e-05,0.189448661443,0.543308524249,0.189439968728
926,0.137036772016,0.0815604857629,0.0686949358972,0.086968846017,0.015806023055,0.0757234479857,0.0198753856758,0.210813824991,0.0556570266295,0.0896401993631,0.152465980649,0.0057570719567,1,0.2,30,15,3,10,20,0.00033241664984,3.56929659927e-05,0.00033241664984,0.0504802402145,0.00385978117341,0.00029493810323,0.00033241664984,3.56929659927e-05,0.00033241664984,0.193920262186,0.556132361496,0.193911364296
927,0.236493733631,0.0902503152891,0.0165753230814,0.0337934741436,0.202421188432,0.00626943352234,0.00453378234755,0.0347203070048,0.00519910624044,0.191067309662,0.150293600537,0.0283824261077,1,0.2,30,15,3,10,20,0.000109492048212,1.17566191561e-05,0.000109492048212,0.0148006013268,0.000285976541639,0.00259217210253,0.000109492048212,1.17566191561e-05,0.000109492048212,0.201705262257,0.578458499183,0.201696007158
928,0.0184571248948,0.0280249833164,0.0996348462204,0.0498614106818,0.10085826447,0.130440467684,0.26301353352,0.0118032044413,0.0161567207322,0.0305654842138,0.125483483573,0.125700476251,1,0.2,30,15,3,10,20,2.61912873703e-05,2.81226806739e-06,2.61912873703e-05,0.000277555316014,0.000909369423389,0.00152221506898,2.61912873703e-05,2.81226806739e-06,2.61912873703e-05,0.204852622293,0.587484625434,0.204843222779
929,0.013261281493,0.142581240391,0.0236306122646,0.142010578619,0.0848684673909,0.0560186371238,0.0424128676288,0.208104029474,0.125892944187,0.129562450121,0.00773557114876,0.0239213201562,1,0.2,30,15,3,10,20,0.000478880240056,5.14193742436e-05,0.000478880240056,0.0355390616459,0.00161312750436,0.0128248187587,0.000478880240056,5.14193742436e-05,0.000478880240056,0.194750339215,0.558512889931,0.194741403237
930,0.139404285428,0.0338471037765,0.068467630342,0.0701071768863,0.123719626643,0.0506125283567,0.00479150444134,0.0803348259542,0.253509918844,0.0148508710473,0.0734601112011,0.0868944170797,1,0.2,30,15,3,10,20,0.000211535538987,2.27134555473e-05,0.000211535538987,0.045394808821,0.00161624936121,0.00873343478579,0.000211535538987,2.27134555473e-05,0.000211535538987,0.193796992806,0.555778844588,0.193788100571
931,0.0151601269256,0.0183058687594,0.088304079842,0.0363464427152,0.214441486917,0.164153015542,0.0618964763453,0.0439562234373,0.0391309518697,0.0554268518616,0.106231933108,0.156646542676,1,0.2,30,15,3,10,20,1.69547679706e-05,1.82050434863e-06,1.69547679706e-05,2.88708535834e-05,0.00144276122137,4.76325709215e-05,1.69547679706e-05,1.82050434863e-06,1.69547679706e-05,0.205105057922,0.588208570527,0.205095646825
932,0.0164739459699,0.029033737636,0.022614168794,0.134384820994,0.129526689008,0.00836563538764,0.0683477243822,0.0969602019275,0.0417343803168,0.106388920583,0.0866596325457,0.259510142456,1,0.2,30,15,3,10,20,1.23418511539e-06,1.32519617695e-07,1.23418511539e-06,0.0267724133193,0.000514450306974,1.78487311192e-05,1.23418511539e-06,1.32519617695e-07,1.23418511539e-06,0.199821517429,0.57305621967,0.199812348764
933,0.0454165304586,0.00249663449241,0.137242451119,0.138347126478,0.0192355775341,0.0727060125365,0.0892092170969,0.0803603466736,0.239846204809,0.0180514792825,0.151694852281,0.00539356723832,1,0.2,30,15,3,10,20,2.94586983711e-05,3.16310365217e-06,2.94586983711e-05,1.26859793113e-05,0.000303487431082,0.00449426981419,2.94586983711e-05,3.16310365217e-06,2.94586983711e-05,0.204418118592,0.586238538168,0.204408739015
934,0.00992121903751,0.00546146682647,0.0137690414903,0.0161975190248,0.10247465665,0.0650808557219,0.163966607773,0.0252293876489,0.288848706696,0.0219583849979,0.091797017113,0.195295137021,1,0.2,30,15,3,10,20,1.56011176962e-05,1.67515725716e-06,1.56011176962e-05,1.22641823983e-06,0.000163943105507,0.00119773702832,1.56011176962e-05,1.67515725716e-06,1.56011176962e-05,0.205138350902,0.588304049482,0.205128938278
935,0.0939697093114,0.00712232222229,0.237383514032,0.0920752528417,0.025058247425,0.0287288902418,0.0471565819781,0.00771210972682,0.0631582108924,0.108596757873,0.190120955807,0.0989174476478,1,0.2,30,15,3,10,20,2.45882666095e-06,2.64014502383e-07,2.45882666095e-06,0.0184455286967,0.00278140050646,0.00212829152853,2.45882666095e-06,2.64014502383e-07,2.45882666095e-06,0.200631808427,0.575380004924,0.200622602582
936,0.0328923083621,0.00822875705415,0.0229356515177,0.120449370616,0.0553908942575,0.0262661040255,0.0927686991082,0.0224168847802,0.223227771546,0.163915147544,0.227233139587,0.00427527160147,1,0.2,30,15,3,10,20,0.000195530154124,2.09948904336e-05,0.000195530154124,0.0219701895655,0.000246625008522,0.000704450480375,0.000195530154124,2.09948904336e-05,0.000195530154124,0.200553787182,0.575156252448,0.200544584917
937,0.0154832254747,0.111872308722,0.449546153939,0.058581271642,0.0297958451244,0.0362251385485,0.0651841773676,0.0589626409857,0.00841834112889,0.0303711843194,0.0788738603199,0.0566858524276,1,0.2,30,15,3,10,20,4.78038312577e-07,5.13289729688e-08,4.78038312577e-07,0.00772554126751,0.0130447155078,0.0020136053298,4.78038312577e-07,5.13289729688e-08,4.78038312577e-07,0.200750898735,0.575721536922,0.200741687426
938,0.209571356837,0.0642856591087,0.0667365288716,0.0607095586286,0.0297255585791,0.218260879802,0.00651886475675,0.117931676537,0.10894161402,0.00375215701934,0.0791448937889,0.0344212520502,1,0.2,30,15,3,10,20,0.000256759832808,2.75693771209e-05,0.000256759832808,0.000208023279576,0.00352913267912,0.00650600287164,0.000256759832808,2.75693771209e-05,0.000256759832808,0.203105258594,0.582473465233,0.203095939257
939,0.150586130348,0.0280812767267,0.0525333564473,0.0632700381284,0.00151612671548,0.0810913290931,0.0258230938412,0.291704952345,0.0550419777587,0.1400811295,0.0348891138722,0.0753814752235,1,0.2,30,15,3,10,20,0.000122817019112,1.31873770119e-05,0.000122817019112,0.0167486224962,0.000124839401104,0.00335583831498,0.000122817019112,1.31873770119e-05,0.000122817019112,0.20116976068,0.576922766126,0.201160530151
940,0.0737438336341,0.0689690744661,0.188282655199,0.0510978960545,0.14625886172,0.0643787017617,0.197851850393,0.0802779980445,0.0803666528498,0.0207729067523,0.0238227347979,0.00417683432695,1,0.2,30,15,3,10,20,0.00264410053128,0.00028390813273,0.00264410053128,0.0169566593312,0.0103456441156,0.0468093598902,0.00264410053128,0.00028390813273,0.00264410053128,0.187917570488,0.538917599759,0.187908948026
941,0.0842354605014,0.101394317229,0.146392262387,0.0373757935682,0.139715303466,0.0384069690022,0.107234478015,0.0440107408271,0.00194102351882,0.0835931937825,0.151826943547,0.0638735141553,1,0.2,30,15,3,10,20,0.000107624299911,1.15560712094e-05,0.000107624299911,0.0204743002838,0.000161121496737,0.00567486173172,0.000107624299911,1.15560712094e-05,0.000107624299911,0.199933687588,0.573377905782,0.199924513776
942,0.0928455241829,0.291391006139,0.054579945903,0.0122732571048,0.0441420172545,0.116363587087,0.221114578596,0.0829390095643,0.0179578867514,0.052024330485,0.00690049010539,0.00746836682659,1,0.2,30,15,3,10,20,0.000131914383313,1.4164199055e-05,0.000131914383313,0.249453042468,0.0267214536021,9.44154710188e-05,0.000131914383313,1.4164199055e-05,0.000131914383313,0.148563194438,0.426055530365,0.148556377724
943,0.0112849849412,0.124601875,0.307770784518,0.0316556880876,0.0757418547113,0.0345644261924,0.00807481768755,0.00750952755403,0.159292478109,0.0937195757853,0.0543873782049,0.0913966092083,1,0.2,30,15,3,10,20,4.89507261969e-05,5.25604420328e-06,4.89507261969e-05,0.0833340082158,7.87572139055e-05,0.000154938526027,4.89507261969e-05,5.25604420328e-06,4.89507261969e-05,0.18822199229,0.539790632901,0.18821335586
944,0.13048002604,0.104895616259,0.0438230337273,0.00599109764964,0.0886937269273,0.0365149160156,0.220641719972,0.021391512768,0.0694238142983,0.0161759842681,0.180758773333,0.0812097787423,1,0.2,30,15,3,10,20,2.51240137528e-05,2.69767043531e-06,2.51240137528e-05,0.03080045489,0.000419282764756,0.000296640031331,2.51240137528e-05,2.69767043531e-06,2.51240137528e-05,0.198935622403,0.570515614128,0.198926494387
945,0.0611370810832,0.13103272212,0.168713016024,0.0783870015805,0.0549357704187,0.0258778924368,0.100447124595,0.0843392066022,0.0723923051681,0.0425764549658,0.0657071850273,0.114454239978,1,0.2,30,15,3,10,20,1.07674396734e-05,1.15614503147e-06,1.07674396734e-05,0.0298752314841,0.00749939209631,0.00523568737212,1.07674396734e-05,1.15614503147e-06,1.07674396734e-05,0.196669005788,0.564015319437,0.196659981774
946,0.0101634413119,0.0479177402586,0.21244253771,0.0812641915923,0.00785749324869,0.0404320932552,0.0682987450887,0.118597683502,0.031888811177,0.148246757832,0.167846370355,0.0650441346687,1,0.2,30,15,3,10,20,1.04287609226e-05,1.11977967751e-06,1.04287609226e-05,0.000345916156018,0.000133714270797,0.00158369402872,1.04287609226e-05,1.11977967751e-06,1.04287609226e-05,0.204998941213,0.587904244743,0.204989534985
947,0.0497301590753,0.0731269867102,0.0520106459535,0.127468307383,0.0546780904844,0.076341293831,0.0637837095498,0.00954365372441,0.129602195071,0.0228687893236,0.10252928954,0.238316879354,1,0.2,30,15,3,10,20,8.114164876e-06,8.7125181942e-07,8.114164876e-06,0.012366591717,0.00458282454981,0.00019509656557,8.114164876e-06,8.7125181942e-07,8.114164876e-06,0.201902788961,0.579024974245,0.201893524799
948,0.163850235862,0.157189481025,0.0223285169798,0.0471893617924,0.0677304107731,0.0245944994861,0.0111595935127,0.0453260209072,0.0393581183613,0.0260100009136,0.385234234467,0.0100295259194,1,0.2,30,15,3,10,20,1.44162374004e-05,1.54793170415e-06,1.44162374004e-05,0.000200010053863,0.000116008666658,0.000692721485464,1.44162374004e-05,1.54793170415e-06,1.44162374004e-05,0.205212133869,0.588515647254,0.205202717859
949,0.149551017159,0.160440034038,0.114722863478,0.0654247044264,0.106105310301,0.025135678828,0.00218416261107,0.0263154109761,0.020685222982,0.108860753741,0.138288864234,0.082285977226,1,0.2,30,15,3,10,20,1.10134820617e-06,1.18256363175e-07,1.10134820617e-06,0.0544539335187,3.44202353039e-06,1.03516196771e-05,1.10134820617e-06,1.18256363175e-07,1.10134820617e-06,0.194241484241,0.557053575081,0.194232571611
950,0.0346050501021,0.10747471628,0.0911708515146,0.0413519181198,0.0519578421397,0.0760332336568,0.115947347043,0.079949291468,0.204100431946,0.0866671960748,0.0152167406548,0.0955253809994,1,0.2,30,15,3,10,20,0.000371273187253,3.98651549284e-05,0.000371273187253,0.0516901275955,0.00922567630745,9.07774727773e-06,0.000371273187253,3.98651549284e-05,0.000371273187253,0.1925944682,0.552330195947,0.192585631143
951,0.097420271262,0.0142409207421,0.0661299746918,0.00840986616725,0.127730568629,0.00932541666002,0.271758752846,0.321102282856,0.0157711942175,0.0339110429507,0.0287236908926,0.0054760180864,1,0.2,30,15,3,10,20,0.000616592138034,6.62060766957e-05,0.000616592138034,0.169805657121,0.0378444709296,0.0062744176206,0.000616592138034,6.62060766957e-05,0.000616592138034,0.16095105735,0.461581944045,0.160943672228
952,0.134766403639,0.085117073503,0.0535312063003,0.0184761839007,0.084302344968,0.0143530006446,0.0563941376504,0.0571266339627,0.0176866867475,0.0993227554547,0.00346745119766,0.375456122031,1,0.2,30,15,3,10,20,2.23040960767e-06,2.3948840804e-07,2.23040960767e-06,2.14522830174e-06,0.000119112429241,5.19283435033e-06,2.23040960767e-06,2.3948840804e-07,2.23040960767e-06,0.205403935291,0.589065703121,0.205394510481
953,0.128841608449,0.0914124001643,0.0973737663364,0.0150668860991,0.0207092131081,0.128817517391,0.0977102653781,0.00289522871326,0.164216226241,0.0775315698335,0.0478125760076,0.127612742279,1,0.2,30,15,3,10,20,8.08694440151e-07,8.68329043226e-08,8.08694440151e-07,0.0775980721037,1.14989735214e-05,4.00016553536e-05,8.08694440151e-07,8.68329043226e-08,8.08694440151e-07,0.189479448363,0.543396816224,0.189470754236
954,0.0719528481351,0.0343032007677,0.102141397909,0.118591742738,0.128469907633,0.146878048905,0.116899192481,0.0336070711042,0.025706356343,0.0122976490884,0.114939342496,0.0942132423988,1,0.2,30,15,3,10,20,8.17973040848e-07,8.78291864863e-08,8.17973040848e-07,0.00662577148335,0.00806620290889,0.000109053050567,8.17973040848e-07,8.78291864863e-08,8.17973040848e-07,0.202390532846,0.580423745858,0.202381246303
955,0.0303248497941,0.0100528330658,0.093617681398,0.123985520103,0.0610957435228,0.00782934876112,0.102670290619,0.150416527025,0.358300954463,0.0357197326196,0.0232567232057,0.00272979542239,1,0.2,30,15,3,10,20,0.000617224404578,6.62739657989e-05,0.000617224404578,0.320583551692,0.000877955549194,0.00878474580479,0.000617224404578,6.62739657989e-05,0.000617224404578,0.137054327129,0.393049935784,0.137048038491
956,0.0130323782338,0.0940234695554,0.0382394188953,0.078063451607,0.00365592748893,0.179131243928,0.0241440266417,0.102034171056,0.0327876777211,0.0812075606463,0.272897834561,0.0807828396653,1,0.2,30,15,3,10,20,1.15190347274e-05,1.2368469359e-06,1.15190347274e-05,0.000159912572058,0.00108900186336,0.000149296518199,1.15190347274e-05,1.2368469359e-06,1.15190347274e-05,0.205134632699,0.588293386269,0.205125220245
957,0.00982251149178,0.0135500123884,0.199028469744,0.144537976371,0.0326387029435,0.0798080332169,0.0443795632987,0.0578565288747,0.00491968443317,0.268464436922,0.0520715801546,0.092922500161,1,0.2,30,15,3,10,20,0.000122633722498,1.31676956879e-05,0.000122633722498,0.0255111487061,0.000991468640539,0.000285647006659,0.000122633722498,1.31676956879e-05,0.000122633722498,0.199822499291,0.573059035493,0.199813330581
958,0.0811983328361,0.0358960670607,0.0336340689792,0.0286830576149,0.0264061466917,0.0178413015977,0.210711457886,0.0246115620679,0.0799565269471,0.15062832031,0.271539932574,0.0388932254343,1,0.2,30,15,3,10,20,1.18462309402e-05,1.27197936172e-06,1.18462309402e-05,0.00992785279073,0.000389887571668,6.98183526913e-05,1.18462309402e-05,1.27197936172e-06,1.18462309402e-05,0.203287651117,0.582996537876,0.20327832341
959,0.152819734354,0.167101039838,0.126436819524,0.0664276576625,0.180047549328,0.066853945349,0.00907499457694,0.00160874200577,0.127446494161,0.0417665393172,0.007990156921,0.0524263269623,1,0.2,30,15,3,10,20,0.000825272246782,8.86129327556e-05,0.000825272246782,0.130279133794,0.000617975767251,0.0177840436736,0.000825272246782,8.86129327556e-05,0.000825272246782,0.174173443409,0.499501636916,0.174165451587
960,0.22939580764,0.000550209008513,0.0841609330554,0.00130320878313,0.212240006138,0.114057225865,0.0950484835538,0.0411516050049,0.066591392608,0.00369148865257,0.136805222792,0.0150044168983,1,0.2,30,15,3,10,20,0.00032859353979,3.52824626769e-05,0.00032859353979,0.000970084725741,0.00325607023176,0.000717337879999,0.00032859353979,3.52824626769e-05,0.00032859353979,0.204131781999,0.585417370519,0.20412241556
961,0.131134665765,0.20033456547,0.113638819763,0.136898379527,0.060024321088,0.0634070711976,0.048024532093,0.0924414821928,0.0549725423055,0.0573629537657,0.0274399191569,0.0143207476756,1,0.2,30,15,3,10,20,0.00105103484805,0.000112854007484,0.00105103484805,0.171032591025,0.000872889677139,0.00939160674806,0.00105103484805,0.000112854007484,0.00105103484805,0.167277616831,0.479725506892,0.167269941419
962,0.211006259078,0.0293942948577,0.0888879789378,0.0594038718007,0.0113072524182,0.0847339586363,0.0744434253482,0.0959109014126,0.0910942701208,0.108442604441,0.0713225059192,0.0740526770297,1,0.2,30,15,3,10,20,6.16290280824e-05,6.61736650245e-06,6.16290280824e-05,0.000221440255297,0.000632227503875,0.00126772767199,6.16290280824e-05,6.61736650245e-06,6.16290280824e-05,0.204942680165,0.587742897039,0.204933276519
963,0.0210831119832,0.173967756758,0.00786127123942,0.122025453392,0.0526464216047,0.262186870282,0.00358250487726,0.143253164845,0.00565196524873,0.0137477020647,0.0849590625398,0.109034715165,1,0.2,30,15,3,10,20,0.000103346552012,1.10967515261e-05,0.000103346552012,0.0193980621864,0.0128844016442,0.000158984734403,0.000103346552012,1.10967515261e-05,0.000103346552012,0.198677854909,0.569776378095,0.19866873872
964,0.0373551610813,0.0343702278078,0.000103068058416,0.103792465515,0.0993999219618,0.374589686853,0.0202450233515,0.109144848398,0.0135347595275,0.134777735669,0.0381361165507,0.0345509852265,1,0.2,30,15,3,10,20,0.000214035959736,2.29819361809e-05,0.000214035959736,0.00148439611797,0.000854074331381,0.00173554290778,0.000214035959736,2.29819361809e-05,0.000214035959736,0.20440958971,0.586214078697,0.204400210525
965,0.167100956693,0.0137829588588,0.0593059351019,0.22223234572,0.0218806671104,0.0926207641762,0.0505052018818,0.0849069842321,0.0278010492942,0.134807141369,0.0901867637451,0.0348692318173,1,0.2,30,15,3,10,20,4.58739643456e-06,4.92567941506e-07,4.58739643456e-06,0.066574560394,0.000345161103215,0.00209395170056,4.58739643456e-06,4.92567941506e-07,4.58739643456e-06,0.19125026536,0.548475236741,0.19124148998
966,0.19856591102,0.0278170460024,0.185868671688,0.0576017808503,0.122757493155,0.00646686584473,0.117173425243,0.0124539195376,0.0660807112054,0.067762488287,0.105196047263,0.0322556399035,1,0.2,30,15,3,10,20,1.55442553743e-05,1.66905171183e-06,1.55442553743e-05,0.000415671687116,0.000961537675048,0.00430901844854,1.55442553743e-05,1.66905171183e-06,1.55442553743e-05,0.20425025228,0.585757124378,0.204240880406
967,0.000861148105579,0.0122857835456,0.0815134266042,0.0246988699609,0.245465649836,0.0594251823531,0.0370259675191,0.203314954277,0.197671191923,0.0963863675414,0.0348825269197,0.00646893141381,1,0.2,30,15,3,10,20,7.16478820689e-09,7.69313275784e-10,7.16478820689e-09,0.111822878609,0.000287440991581,0.00512573134859,7.16478820689e-09,7.69313275784e-10,7.16478820689e-09,0.181347819167,0.520076601531,0.181339498154
968,0.0110105161303,0.0803826997243,0.0120468266715,0.0429700059062,0.0716708911781,0.185506294685,0.0140631040544,0.0320739483265,0.177269970478,0.154940068559,0.098730859554,0.119334814733,1,0.2,30,15,3,10,20,2.22045136085e-05,2.3841914943e-06,2.22045136085e-05,0.026571849043,0.000565894348442,0.00194486232533,2.22045136085e-05,2.3841914943e-06,2.22045136085e-05,0.199438124496,0.571956709928,0.199428973422
969,0.119728933665,0.0187153389827,0.0802170810588,0.00907380528284,0.0608892364534,0.151685960268,0.0869363331834,0.0168818461343,0.152476738539,0.0389550737255,0.258507120509,0.00593253219869,1,0.2,30,15,3,10,20,0.000148871295388,1.59849336251e-05,0.000148871295388,0.00481018161029,0.00177811604474,1.71493699439e-05,0.000148871295388,1.59849336251e-05,0.000148871295388,0.203945975028,0.584884505783,0.203936617115
970,0.052532004908,0.0613133696628,0.0250164763825,0.326210298072,0.012840405203,0.0081394765212,0.0522607001637,0.0362087198929,0.0681055997136,0.00453259459505,0.127546993379,0.225293361507,1,0.2,30,15,3,10,20,3.63182070487e-06,3.89963778809e-07,3.63182070487e-06,0.0551756015373,3.55083140132e-06,8.96337449051e-05,3.63182070487e-06,3.89963778809e-07,3.63182070487e-06,0.19407473023,0.556575351193,0.194065825252
971,0.0502221916396,0.0270194881174,0.398257789448,0.244019003343,0.00646676574238,0.00315894709002,0.0684421625226,0.0777528823289,0.0046744807873,0.00987756957787,0.0601326288442,0.0499760905579,1,0.2,30,15,3,10,20,0.00197946781302,0.00021254373801,0.00197946781302,0.0836489614614,0.00426609700069,0.00172707578978,0.00197946781302,0.00021254373801,0.00197946781302,0.185302585155,0.531418239186,0.18529408268
972,0.0726946085271,0.000674911844654,0.126593069175,0.0507232170721,0.187394333795,0.0165343311736,0.244161916624,0.0102128640611,0.197698197077,0.0442543647474,0.0052383176511,0.0438198682517,1,0.2,30,15,3,10,20,2.03443793831e-08,2.1844611027e-09,2.03443793831e-08,0.0842487677136,0.0247961947251,0.00947985914568,2.03443793831e-08,2.1844611027e-09,2.03443793831e-08,0.181083053229,0.519317295076,0.181074744364
973,0.0210284538643,0.0237627118065,0.00903091506008,0.121525788547,0.0462326819549,0.063663992107,0.0418492848414,0.083068548823,0.338738754939,0.0975241234134,0.10240435051,0.0511703941335,1,0.2,30,15,3,10,20,0.000236717126212,2.54173078871e-05,0.000236717126212,0.0326600573563,0.00197517422757,0.00168080550532,0.000236717126212,2.54173078871e-05,0.000236717126212,0.197766412998,0.567162508163,0.197757338629
974,0.108210039045,0.0445660931788,0.0873462625922,0.000430434843454,0.060354831236,0.0537357278047,0.0365355848414,0.0809138739281,0.346010867167,0.0935205748557,0.0236817323227,0.0646939781849,1,0.2,30,15,3,10,20,0.000196182392607,2.10649240074e-05,0.000196182392607,0.0338694933247,0.00530861126878,0.00701171348807,0.000196182392607,2.10649240074e-05,0.000196182392607,0.195773120704,0.561446064,0.195764137796
975,0.16175952584,0.115163945239,0.0412309048162,0.0398066168623,0.153758488181,0.161677654893,0.0244969764438,0.178581936305,0.0535349433539,0.0545645154692,0.00246497504725,0.0129595175503,1,0.2,30,15,3,10,20,0.000121374305257,1.30324667913e-05,0.000121374305257,0.0508444562501,0.0219732402695,0.0179103713727,0.000121374305257,1.30324667913e-05,0.000121374305257,0.18668831804,0.535392299932,0.186679751982
976,0.0213283837465,0.0101402179387,0.00667685327127,0.371575577687,0.0515159880569,0.0675624049782,0.0245172751927,0.129992913828,0.0733497304072,0.107162817953,0.0562444723365,0.079933364604,1,0.2,30,15,3,10,20,0.000331631905492,3.560870471e-05,0.000331631905492,0.0609748687402,0.00294116185622,0.000142456114065,0.000331631905492,3.560870471e-05,0.000331631905492,0.191985049084,0.550582479186,0.191976239989
977,0.0393952142649,0.0626836544104,0.109162835202,0.0275048168705,0.0525733960929,0.0344714975426,0.102090192,0.279443929618,0.104146736414,0.0420132447979,0.144606279146,0.00190820364166,1,0.2,30,15,3,10,20,0.000124595282654,1.33783166059e-05,0.000124595282654,3.55022905697e-05,0.00018308091372,0.000636076399159,0.000124595282654,1.33783166059e-05,0.000124595282654,0.205148389118,0.588332837482,0.205138976033
978,0.00823480801993,0.0317455854791,0.0415843139784,0.0900048164471,0.108433015381,0.0540033591416,0.13487131789,0.0528891538811,0.133803992463,0.192806661616,0.0991464806287,0.0524764950738,1,0.2,30,15,3,10,20,3.59994229665e-06,3.8654086079e-07,3.59994229665e-06,0.000252812244176,0.000733959814312,0.00131185639948,3.59994229665e-06,3.8654086079e-07,3.59994229665e-06,0.204956514966,0.587782573039,0.204947110685
979,0.0717193446389,0.0305559991037,0.0472896635172,0.193864262594,0.0453099079916,0.294637698739,0.109222114864,0.0501511245696,0.0736780804165,0.0513357450756,0.00441714794176,0.0278189105482,1,0.2,30,15,3,10,20,0.000115520156421,1.24038823464e-05,0.000115520156421,0.218413261093,0.0094456171076,0.00078575709923,0.000115520156421,1.24038823464e-05,0.000115520156421,0.158360932134,0.454153878318,0.158353665857
980,0.335479137352,0.150208001746,0.0726675548224,0.0592420804588,0.0159741701088,0.111079602827,0.0766934397983,0.00986729400501,0.0215237368321,0.0204779899194,0.105506338565,0.0212806535642,1,0.2,30,15,3,10,20,0.000352761250527,3.78774508577e-05,0.000352761250527,0.00687596351403,0.00182332159021,0.00484407150962,0.000352761250527,3.78774508577e-05,0.000352761250527,0.202344170674,0.58029078655,0.202334886259
981,0.0599848835487,0.0628451740402,0.0853233557404,0.191026705497,0.0215034792997,0.0260409890998,0.00616347199054,0.0196573991735,0.108656166708,0.0421960160124,0.153737782149,0.222864576741,1,0.2,30,15,3,10,20,4.04032526594e-05,4.33826622061e-06,4.04032526594e-05,0.0156268446446,0.000220932613305,0.00192350580433,4.04032526594e-05,4.33826622061e-06,4.04032526594e-05,0.2017460731,0.578575538167,0.201736816128
982,0.513147932258,0.00585582055514,0.0952699533172,0.000486940973111,0.112407485663,0.0347975262413,0.0109277002626,0.109739468191,0.0336523290529,0.0465869508982,0.00944808802133,0.027679804566,1,0.2,30,15,3,10,20,0.000555938684056,5.9693461665e-05,0.000555938684056,0.128795763731,0.00032017706301,0.032686699676,0.000555938684056,5.9693461665e-05,0.000555938684056,0.17171107282,0.492439951069,0.171703193982
983,0.00672013298903,0.0259571783378,0.00280564296119,0.0534399566588,0.0971091327091,0.0255683345677,0.163577158876,0.0306879390795,0.00109870528642,0.0912809900234,0.211984555362,0.289770273149,1,0.2,30,15,3,10,20,3.80637905786e-05,4.08706839242e-06,3.80637905786e-05,0.00175939895859,0.00109391208766,0.000120347189326,3.80637905786e-05,4.08706839242e-06,3.80637905786e-05,0.204788002055,0.587299304905,0.204778605506
984,0.0345378380701,0.173068128175,0.250480180833,0.128339318038,0.0435038133536,0.125507655311,0.0293449213033,0.0163359038322,0.0141021732353,0.0724672669787,0.0963923448037,0.015920456066,1,0.2,30,15,3,10,20,0.000436954921492,4.69176774408e-05,0.000436954921492,0.0113911258444,0.00191450828167,0.00725797043659,0.000436954921492,4.69176774408e-05,0.000436954921492,0.200829089652,0.57594577599,0.200819874755
985,0.220112965572,0.0171693934216,0.00783633090983,0.0738888796743,0.060310137006,0.131574580301,0.0536607119554,0.000171591052993,0.163997965211,0.0245184999859,0.113487449256,0.133271495655,1,0.2,30,15,3,10,20,8.27486850094e-05,8.88507239756e-06,8.27486850094e-05,0.00131372050818,0.00101532145824,0.000951682102876,8.27486850094e-05,8.88507239756e-06,8.27486850094e-05,0.204686230828,0.587007441269,0.204676838949
986,0.0498081044747,0.0732453157142,0.0928283595987,0.109284183209,0.0225270305492,0.00600937718462,0.253879543519,0.0895600118987,0.111845868058,0.107588656106,0.0648569317387,0.0185666179486,1,0.2,30,15,3,10,20,1.04033583809e-06,1.11705210036e-07,1.04033583809e-06,0.00784455914277,0.000561827869385,0.0111832939571,1.04033583809e-06,1.11705210036e-07,1.04033583809e-06,0.201406598393,0.577601978887,0.201397356997
987,0.0936857200468,0.0275471694275,0.0573201696864,0.100783344938,0.117126606661,0.0314497272407,0.0312645297956,0.0489968976981,0.0217324567754,0.231748211452,0.154948692181,0.0833964740979,1,0.2,30,15,3,10,20,5.72843767673e-06,6.15086311968e-07,5.72843767673e-06,4.44228757826e-06,0.000501613174555,9.13632065599e-05,5.72843767673e-06,6.15086311968e-07,5.72843767673e-06,0.205304154685,0.588779548269,0.205294734453
988,0.0756579464548,0.124195653759,0.0145062088653,0.0799756034722,0.0667263154198,0.0251440390019,0.0863728428211,0.239885888274,0.0115793491889,0.0498301773752,0.0090885026217,0.217037472746,1,0.2,30,15,3,10,20,0.000131876318048,1.41601118284e-05,0.000131876318048,0.000581035430599,0.00106885370713,0.000175241095843,0.000131876318048,1.41601118284e-05,0.000131876318048,0.20494271931,0.587743009299,0.204933315662
989,0.0506580751788,0.052159456716,0.0647388773105,0.130957561241,0.0543433738514,0.0105111684035,0.234371731733,0.126788822979,0.150171601151,0.00978420576091,0.0432876714217,0.0722274542543,1,0.2,30,15,3,10,20,2.76850513642e-05,2.97265975493e-06,2.76850513642e-05,0.176491956402,0.000394400082113,0.00102277747534,2.76850513642e-05,2.97265975493e-06,2.76850513642e-05,0.168859671159,0.484262586201,0.168851923156
990,0.0197428509959,0.0153927821047,0.116096675256,0.118997866341,0.0094601090475,0.0719921742274,0.120862822612,0.0365759166369,0.0898841944192,0.172168249698,0.125184789252,0.103641569409,1,0.2,30,15,3,10,20,2.89780272091e-05,3.11149197914e-06,2.89780272091e-05,0.00293915664959,1.93297242552e-05,0.0030926837299,2.89780272091e-05,3.11149197914e-06,2.89780272091e-05,0.204163649968,0.585508762769,0.204154282067
991,0.290121304423,0.0606805395257,0.00945777945747,0.017551215351,0.0841212230585,0.0511414838216,0.047112085732,0.0414360745663,0.065689233814,0.242513710794,0.0513691254957,0.0388062239603,1,0.2,30,15,3,10,20,8.19378148592e-07,8.79800587815e-08,8.19378148592e-07,0.0396348199409,8.60351870571e-05,0.00111356398927,8.19378148592e-07,8.79800587815e-08,8.19378148592e-07,0.197042443986,0.565086280587,0.197033402837
992,0.0161066736452,0.141678883657,0.273166928529,0.0434858587744,0.0613100536094,0.0673206523396,0.0730408506245,0.0410107042169,0.130866632652,0.00238983047456,0.12303116687,0.0265917646078,1,0.2,30,15,3,10,20,2.51035602141e-05,2.69547425332e-06,2.51035602141e-05,0.0579617899174,0.0171875594077,0.000845480616262,2.51035602141e-05,2.69547425332e-06,2.51035602141e-05,0.189798349673,0.544311374283,0.189789640914
993,0.0445782211632,0.213217090325,0.0313480919531,0.158399086023,0.0555039033015,0.188381424887,0.0283702840212,0.0290331467629,0.018547465184,0.0675109739608,0.0431312097569,0.121979102661,1,0.2,30,15,3,10,20,4.70050408018e-05,5.04712782477e-06,4.70050408018e-05,0.0244797685008,0.00389732671668,0.00719485854026,4.70050408018e-05,5.04712782477e-06,4.70050408018e-05,0.198083532389,0.568071955964,0.19807444347
994,0.0394398423829,0.0652337322189,0.0330205810973,0.0363152464694,0.158276533441,0.0391142617998,0.209161174433,0.181143778334,0.00394664476152,0.0960499891987,0.0553082769843,0.082989938879,1,0.2,30,15,3,10,20,6.69456389135e-05,7.18823324358e-06,6.69456389135e-05,0.0766175875893,0.00153776428519,6.30418068435e-05,6.69456389135e-05,7.18823324358e-06,6.69456389135e-05,0.189305330182,0.54289747307,0.189296644044
995,0.014857937228,0.00600757138025,0.0545868549097,0.100999620937,0.000965456232816,0.00694105081125,0.00247149604575,0.12994938725,0.178191222178,0.06426156946,0.00953840694415,0.431229426623,1,0.2,30,15,3,10,20,2.84053784443e-05,3.05000428622e-06,2.84053784443e-05,0.01947619907,0.000584146673731,5.67253034711e-05,2.84053784443e-05,3.05000428622e-06,2.84053784443e-05,0.201274561832,0.577223319104,0.201265326495
996,0.192345004554,0.0552300849581,0.0896795310171,0.0482449982041,0.0421251475176,0.116366840553,0.061478339937,0.0898623067854,0.0365909576989,0.0169079680499,0.212357374016,0.038811446709,1,0.2,30,15,3,10,20,6.81443930057e-08,7.31694848413e-09,6.81443930057e-08,0.0635026934476,0.00196456085517,5.46261572833e-07,6.81443930057e-08,7.31694848413e-09,6.81443930057e-08,0.191982613477,0.550575494254,0.191973804494
997,0.0808921219608,0.116096918437,0.0214511836144,0.0348881766223,0.00793001476761,0.0351114853093,0.0367946370399,0.352210736949,0.126516621875,0.0445421917478,0.130812299284,0.0127536123929,1,0.2,30,15,3,10,20,4.68680499256e-05,5.03241854145e-06,4.68680499256e-05,0.00846012595576,0.00167862087929,0.0115075897807,4.68680499256e-05,5.03241854145e-06,4.68680499256e-05,0.200944416202,0.576276514132,0.200935196014
998,0.0112418126078,0.00151106394945,0.0204862420005,0.0284313601618,0.106097751284,0.253921197428,0.122880743187,0.0251815933244,0.125598565827,0.0571249715355,0.112352683745,0.13517201495,1,0.2,30,15,3,10,20,3.39805109908e-05,3.64862958517e-06,3.39805109908e-05,0.0132023041509,0.00404204608288,0.000660898620193,3.39805109908e-05,3.64862958517e-06,3.39805109908e-05,0.20172411335,0.578512561108,0.201714857385
999,0.0163817073385,0.0398659954868,0.0541477805384,0.0878747838039,0.0270091532559,0.0107976604987,0.268891805434,0.00413165606857,0.0475670287031,0.0887025331803,0.210829909198,0.143799986494,1,0.2,30,15,3,10,20,6.33445248065e-07,6.80156656061e-08,6.33445248065e-07,0.0203892640443,0.000791354764214,6.44690624953e-06,6.33445248065e-07,6.80156656061e-08,6.33445248065e-07,0.201078797003,0.576661896821,0.201069570649
