run_ID,t1_initial,t2_initial,t3_initial,t4_initial,t5_initial,t6_initial,t7_initial,t8_initial,t9_initial,t10_initial,t11_initial,t12_initial,alpha,prior_cost_c,lambda,k,sample_amount,learning_parameter,generations,t1_final,t2_final,t3_final,t4_final,t5_final,t6_final,t7_final,t8_final,t9_final,t10_final,t11_final,t12_final
0,0.290244926182,0.00733830332135,0.0303593649085,0.184557181176,0.0078839389864,0.0658050058439,0.0548011869506,0.0373604351476,0.0505840236039,0.0131938116055,0.256817264697,0.00105455757737,1,0.01,30,20,15,10,20,3.30557136883e-05,2.98949949363e-05,3.30557136883e-05,0.012765989349,0.00078898683372,0.00673171440755,3.30557136883e-05,2.98949949363e-05,3.30557136883e-05,0.321020068542,0.337500799027,0.321000428995
1,0.0643381698659,0.0577082778063,0.103456302948,0.107394224127,0.0945730697218,0.159560250077,0.0543963522707,0.0130816073413,0.0516687806488,0.120876320016,0.0252547627715,0.147691882405,1,0.01,30,20,15,10,20,1.03122418076e-05,9.32620664395e-06,1.03122418076e-05,0.0484535832821,0.00328883640134,0.000831346819561,1.03122418076e-05,9.32620664395e-06,1.03122418076e-05,0.310481871029,0.326421584893,0.310462876194
2,0.0228307967215,0.0575250634112,0.130725326977,0.0529391429189,0.161892224699,0.038746445642,0.0128444446193,0.0523522721229,0.0504794512514,0.17923256577,0.187289402509,0.0531428633577,1,0.01,30,20,15,10,20,3.10203209676e-05,2.80542222441e-05,3.10203209676e-05,0.0227249496101,0.000900600265939,9.6684268413e-05,3.10203209676e-05,2.80542222441e-05,3.10203209676e-05,0.319898007211,0.336321132605,0.319878436311
3,0.160513381938,0.3126343142,0.0468382487176,0.0383206365228,0.0903591422602,0.0405237654448,0.0116039346536,0.0134995133358,0.0246185573797,0.0129943192213,0.14973563616,0.0983585501663,1,0.01,30,20,15,10,20,2.72721708819e-05,2.46644624922e-05,2.72721708819e-05,0.0256854133167,0.00400917012053,0.000488707938749,2.72721708819e-05,2.46644624922e-05,2.72721708819e-05,0.317787650086,0.334102432636,0.317768208294
4,0.00437404059774,0.0307157281508,0.164442295109,0.0794478597758,0.0611655415574,0.0803652698082,0.0122609098772,0.0315083547204,0.0407659400901,0.173619039646,0.308378345715,0.0129566749519,1,0.01,30,20,15,10,20,3.28507424606e-05,2.97096226321e-05,3.28507424606e-05,0.0131188624204,0.000901237193558,0.00117891604361,3.28507424606e-05,2.97096226321e-05,3.28507424606e-05,0.322687850527,0.339254202654,0.322668108947
5,0.0646573289171,0.201669604573,0.0226235538621,0.163109128821,0.0745947751954,0.0703286574738,0.126482795503,0.0326821629439,0.0990426241861,0.0841428525406,0.0407842876982,0.0198822282857,1,0.01,30,20,15,10,20,5.24242910761e-05,4.74115891443e-05,5.24242910761e-05,0.111624989861,0.00457227212203,0.00509818056276,5.24242910761e-05,4.74115891443e-05,5.24242910761e-05,0.287879437752,0.302658773659,0.287861825701
6,0.224451256128,0.0407227256644,0.0186867277736,0.155040368378,0.058516952162,0.0757817092453,0.13328033305,0.119706780536,0.0118725998954,0.101865766629,0.00910562072277,0.0509691598157,1,0.01,30,20,15,10,20,1.13523014206e-05,1.02668179149e-05,1.13523014206e-05,0.100736064448,0.00053882480971,0.00278234782815,1.13523014206e-05,1.02668179149e-05,1.13523014206e-05,0.293607131559,0.308680519418,0.293589169096
7,0.000693691059135,0.00207794110092,0.185400155165,0.0232249905649,0.0602611273084,0.0073499370313,0.18651698838,0.129529491778,0.217925466648,0.158903249628,0.0265140740283,0.00160288730837,1,0.01,30,20,15,10,20,2.24451123569e-05,2.02989572871e-05,2.24451123569e-05,0.0670871699601,0.00377665999142,0.000139324838529,2.24451123569e-05,2.02989572871e-05,2.24451123569e-05,0.304418880834,0.320047329088,0.304400256924
8,0.0267210899142,0.181521113869,0.0140169344498,0.125643259849,0.233052999239,0.108166194295,0.0589510017937,0.0761169604487,0.0342835410664,0.0112755312143,0.0935439973323,0.0367073765278,1,0.01,30,20,15,10,20,0.00012828909048,0.000116022353849,0.00012828909048,0.0300540698093,0.0109132497879,0.00771617183813,0.00012828909048,0.000116022353849,0.00012828909048,0.311532242695,0.3275258812,0.3115131836
9,0.0936890646066,0.0732811053959,0.127136706208,0.0598984117104,0.0132676195019,0.0338556153411,0.0216971679704,0.0193005012064,0.0149488848193,0.274129895484,0.207627467806,0.0611675599507,1,0.01,30,20,15,10,20,4.42940690578e-06,4.00587620851e-06,4.42940690578e-06,0.0178769332138,0.000737534886014,0.000386937292881,4.42940690578e-06,4.00587620851e-06,4.42940690578e-06,0.321495793443,0.338000946993,0.321476124792
10,0.236176355611,0.00286542603265,0.106404660603,0.108742438084,0.0265671896375,0.0810459395078,0.155078281719,0.0723428506898,0.0543071762429,0.00434031308754,0.127349419667,0.0247799491174,1,0.01,30,20,15,10,20,2.58359171914e-05,2.33655403994e-05,2.58359171914e-05,0.110560597115,0.00476555965893,0.00140459363773,2.58359171914e-05,2.33655403994e-05,2.58359171914e-05,0.289426048246,0.304284785017,0.289408341576
11,0.0636521921335,0.120057930408,0.0109043955095,0.0703382075339,0.291333661521,0.111224434402,0.000777338942903,0.0391855203724,0.0722706862574,0.0348822086289,0.164335945276,0.0210374790145,1,0.01,30,20,15,10,20,2.40774049697e-05,2.17751734673e-05,2.40774049697e-05,0.075477828768,0.00307417868996,0.00414197613507,2.40774049697e-05,2.17751734673e-05,2.40774049697e-05,0.300584319542,0.316015906673,0.300565930225
12,0.00656284385196,0.049395859293,0.0136889660156,0.116266382685,0.0609912602328,0.0139943532124,0.00208396133574,0.019387121379,0.167840489374,0.125159167895,0.129954002565,0.29467559216,1,0.01,30,20,15,10,20,2.14342158307e-05,1.93847205891e-05,2.14342158307e-05,0.0136020834148,0.000607279380803,0.000816890202781,2.14342158307e-05,1.93847205891e-05,2.14342158307e-05,0.322766204126,0.339336578819,0.322746457752
13,0.0631130613001,0.0135188187175,0.069892158063,0.193588714036,0.0189236245967,0.0208542919878,0.00394449077124,0.168202367033,0.0505310914159,0.271669271034,0.0599872735153,0.0657748375296,1,0.01,30,20,15,10,20,9.44643735995e-06,8.54318862103e-06,9.44643735995e-06,0.0208940376285,0.000468382557585,0.00303283654541,9.44643735995e-06,8.54318862103e-06,9.44643735995e-06,0.319718506988,0.336132417086,0.319698947068
14,0.00135278548644,0.139139815073,0.00534275901886,0.0214919284303,0.0838235156516,0.0483729994535,0.339592860534,0.027257190043,0.0968893255149,0.0862713283441,0.129268879177,0.0211966132729,1,0.01,30,20,15,10,20,4.25247101805e-05,3.84585856322e-05,4.25247101805e-05,0.0475105057197,0.00850138397899,0.000512189697672,4.25247101805e-05,3.84585856322e-05,4.25247101805e-05,0.309125905343,0.324996005785,0.309106993463
15,0.0557627664043,0.237417942734,0.0229793794689,0.00274699191961,0.0968435651584,0.0575897741671,0.0438881848138,0.161538337133,0.0785034240125,0.00866249632832,0.183017380345,0.0510497575152,1,0.01,30,20,15,10,20,2.87602675931e-05,2.60102704837e-05,2.87602675931e-05,0.0468378416965,0.00362293200924,0.00432088461729,2.87602675931e-05,2.60102704837e-05,2.87602675931e-05,0.309723155348,0.325623917788,0.30970420693
16,0.265607621945,0.0643722417874,0.0319435472052,0.133823203562,0.0232267159594,0.0225525458687,0.0661343353992,0.101740376779,0.0078923310204,0.117684194269,0.107590893871,0.0574319923341,1,0.01,30,20,15,10,20,4.83254561102e-05,4.37046762726e-05,4.83254561102e-05,0.0293534707014,0.00294833681325,0.00441918659692,4.83254561102e-05,4.37046762726e-05,4.83254561102e-05,0.315604958931,0.331807685108,0.315585650673
17,0.204219675928,0.00784990665983,0.0317327026394,0.078841112484,0.101485432938,0.0274312946636,0.0928705861533,0.0839494799784,0.256555235342,0.0129002045873,0.0738845965103,0.028279772116,1,0.01,30,20,15,10,20,5.03519763067e-05,4.5537424813e-05,5.03519763067e-05,0.168658021052,0.00301067337376,0.00517321116124,5.03519763067e-05,4.5537424813e-05,5.03519763067e-05,0.269679052392,0.283524005451,0.269662553815
18,0.157871580161,0.0161684861649,0.0522389393167,0.000429094139646,0.0323205654866,0.21424408421,0.0613888342755,0.0269058688219,0.0492408004369,0.222773250508,0.0137034220807,0.152715074399,1,0.01,30,20,15,10,20,1.10193959577e-05,9.9657441816e-06,1.10193959577e-05,0.0126917019442,0.000360407183504,0.00355620377016,1.10193959577e-05,9.9657441816e-06,1.10193959577e-05,0.322267539979,0.338812313938,0.322247824113
19,0.00393218716857,0.0750519464419,0.0933651280293,0.0115182914768,0.00740384498591,0.144020643627,0.0900072140475,0.115120027167,0.13963958495,0.0650783287498,0.164127433276,0.0907353700802,1,0.01,30,20,15,10,20,4.05069597303e-06,3.66337682932e-06,4.05069597303e-06,0.0373867951651,0.000273278863738,0.000860749384601,4.05069597303e-06,3.66337682932e-06,4.05069597303e-06,0.315099384565,0.331276155247,0.315080107237
20,0.129315163178,0.00578646488164,0.261479470694,0.0241433497171,0.0506719088494,0.0886758088315,0.0240477996267,0.00951137843338,0.0241989988129,0.112572980868,0.18216331283,0.0874333632773,1,0.01,30,20,15,10,20,1.92657288087e-05,1.74235797965e-05,1.92657288087e-05,0.00819293681223,0.000526439675672,0.00307169165829,1.92657288087e-05,1.74235797965e-05,1.92657288087e-05,0.323830604572,0.340455624126,0.323810793081
21,0.171040069935,0.0304517643167,0.329268539486,0.0329212792044,0.0868895163997,0.00180105310797,0.202327707422,0.0137359801756,0.0109426839251,0.0156730910609,0.0949555445657,0.00999277040157,1,0.01,30,20,15,10,20,3.06584223872e-05,2.7726927655e-05,3.06584223872e-05,0.109728198581,0.0206536167283,0.00168876376448,3.06584223872e-05,2.7726927655e-05,3.06584223872e-05,0.284389521184,0.298989689556,0.284372122641
22,0.0905809224689,0.148279589091,0.088085635341,0.208818703651,0.0570957088979,0.181520184361,0.0520010392161,0.0959584129195,0.0314555865989,0.00117186113244,0.0081972509737,0.0368351053482,1,0.01,30,20,15,10,20,0.000315657620281,0.000285475093622,0.000315657620281,0.261223413052,0.0343315557861,0.00402535780692,0.000315657620281,0.000285475093622,0.000315657620281,0.228948728469,0.240702642503,0.228934721715
23,0.371825396567,0.0218570605659,0.213943890701,0.0299900816121,0.0956991941432,0.00562641595357,0.0349991016556,0.0328380141096,0.0021817461764,0.125729973135,0.049683992854,0.0156251325278,1,0.01,30,20,15,10,20,1.7813003097e-05,1.6109760703e-05,1.7813003097e-05,0.0785038662899,0.00316186787791,0.000769074628234,1.7813003097e-05,1.6109760703e-05,1.7813003097e-05,0.300681184948,0.316117745017,0.300662789705
24,0.0296906191852,0.0893868929977,0.0325293688299,0.110392445812,0.00729355627255,0.154545890507,0.0579934124565,0.0294100372106,0.24631627321,0.0830400378735,0.0201647413831,0.139236724263,1,0.01,30,20,15,10,20,1.8246796094e-05,1.65020753137e-05,1.8246796094e-05,0.0656163622981,0.00231573405076,0.000987936194935,1.8246796094e-05,1.65020753137e-05,1.8246796094e-05,0.305109578192,0.320773485902,0.305090912026
25,0.0290176289342,0.014238730648,0.133188475976,0.0299562261091,0.0329286772839,0.0756372799516,0.0138853153817,0.0995265104606,0.0225731867649,0.126383344685,0.271406298649,0.151258325157,1,0.01,30,20,15,10,20,6.23322750562e-06,5.63721922553e-06,6.23322750562e-06,0.00883867538429,0.000681477930745,0.000588590511466,6.23322750562e-06,5.63721922553e-06,6.23322750562e-06,0.324406765565,0.341061364435,0.324386918825
26,0.00158028877617,0.0506914289587,0.00380247478293,0.140765478702,0.171896796155,0.000537415062134,0.141571850732,0.0600024405184,0.230820297831,0.134436231562,0.0348594267742,0.0290358701459,1,0.01,30,20,15,10,20,8.21425854792e-05,7.42882819023e-05,8.21425854792e-05,0.0461780580151,0.00442855883209,0.0056900660384,8.21425854792e-05,7.42882819023e-05,8.21425854792e-05,0.309125009199,0.324995063635,0.309106097375
27,0.234368267472,0.14043893173,0.158582086838,0.0406592086817,0.00904020320872,0.0312744714342,0.0778582194181,0.0690709387764,0.0508414237439,0.14521851397,0.0146944390115,0.0279532957147,1,0.01,30,20,15,10,20,2.8366251744e-05,2.56539296124e-05,2.8366251744e-05,0.0870840790881,0.00336330224464,0.000615732987903,2.8366251744e-05,2.56539296124e-05,2.8366251744e-05,0.297833326307,0.313123681214,0.297815105292
28,0.116079766431,0.133347022065,0.0766774361457,0.0126325770132,0.0905568140808,0.114943739201,0.0284182311864,0.0531839314722,0.0172562573015,0.254294006537,0.0700439097612,0.0325663088052,1,0.01,30,20,15,10,20,1.14212607264e-05,1.0329183475e-05,1.14212607264e-05,0.0432230443545,0.00124984993057,0.000195537788283,1.14212607264e-05,1.0329183475e-05,1.14212607264e-05,0.313070587567,0.329143202591,0.313051434358
29,0.0394212240726,0.0610721545474,0.0718298870516,0.202545365803,0.151182571966,0.102933733284,0.0345791901009,0.169571166371,0.0136806602934,0.13530258929,0.0178364439964,4.50132231014e-05,1,0.01,30,20,15,10,20,5.40536460066e-05,4.88851485373e-05,5.40536460066e-05,0.112902111654,0.00157691020934,0.00391024057423,5.40536460066e-05,4.88851485373e-05,5.40536460066e-05,0.288828782941,0.303656856929,0.288811112811
30,0.0801569476714,0.0548855100926,0.000133740816126,0.173355458795,0.0928607535599,0.224611462385,0.0260024720815,0.117843354236,0.0106582285242,0.115633966152,0.0880116504448,0.015846455241,1,0.01,30,20,15,10,20,4.85544275586e-05,4.39117539463e-05,4.85544275586e-05,0.0285782043927,0.00616634843703,0.0038609230371,4.85544275586e-05,4.39117539463e-05,4.85544275586e-05,0.314986918839,0.331157915685,0.314967648391
31,0.0860513918585,0.040411285229,0.174245196819,0.0642548174879,0.0596804672918,0.231851558585,0.0704254064669,0.0846891354554,0.0459403588166,0.0633394473858,0.0572291756682,0.0218817589359,1,0.01,30,20,15,10,20,9.86410155487e-05,8.92091663229e-05,9.86410155487e-05,0.0613137086174,0.00985989560107,0.0038439410381,9.86410155487e-05,8.92091663229e-05,9.86410155487e-05,0.302958182956,0.318511640982,0.30293964841
32,0.32096568864,0.0863965455197,0.144197781895,0.0103321831333,0.0153562485594,0.013308036235,0.0295648446571,0.163047373793,0.0198927904825,0.0527391126266,0.107252278092,0.0369471163666,1,0.01,30,20,15,10,20,3.61410557591e-05,3.26853230004e-05,3.61410557591e-05,0.0877895623461,0.000617221868814,0.00153983433155,3.61410557591e-05,3.26853230004e-05,3.61410557591e-05,0.298184436224,0.313492816633,0.298166193728
33,0.173789782249,0.18181534229,0.0668596310461,0.160440010448,0.00218984963674,0.0350306826349,0.0980953121872,0.132410751308,0.0177892122403,0.00716395665823,0.0228681916443,0.101547277657,1,0.01,30,20,15,10,20,0.00011583560452,0.000104759644376,0.00011583560452,0.153174001044,0.000383854104415,0.00281214736583,0.00011583560452,0.000104759644376,0.00011583560452,0.276263679468,0.290446678259,0.276246778052
34,0.0525231676966,0.0911875004042,0.00756928762019,0.0107093256628,0.025606152945,0.10624930014,0.12199450316,0.36783975566,0.0157975283013,0.0486285565406,0.0392636080478,0.112631313823,1,0.01,30,20,15,10,20,1.97147781738e-05,1.78296919931e-05,1.97147781738e-05,0.0464564426291,0.000672321178609,0.00223849048859,1.97147781738e-05,1.78296919931e-05,1.97147781738e-05,0.311514846608,0.327507592022,0.311495788577
35,0.0671756863448,0.119956137643,0.0950580999061,0.191675995903,0.109559322669,0.0646492248685,0.0506107833684,0.0781982667772,0.00889951576472,0.0446763566202,0.09004601266,0.0794945974759,1,0.01,30,20,15,10,20,3.17531218106e-07,2.87169541911e-07,3.17531218106e-07,9.75307953234e-06,4.17945788234e-05,5.23604800042e-06,3.17531218106e-07,2.87169541911e-07,3.17531218106e-07,0.327712372205,0.344536676391,0.327692323233
36,0.0642283475153,0.163700924355,0.0240963503366,0.0299459778349,0.186152548344,0.00963695855492,0.165003513301,0.0251010697316,0.0390062489676,0.151852265446,0.0996993796121,0.0415764160009,1,0.01,30,20,15,10,20,1.80949660902e-05,1.63647629799e-05,1.80949660902e-05,0.0354939394275,0.00391596680627,0.00269843919458,1.80949660902e-05,1.63647629799e-05,1.80949660902e-05,0.313896903989,0.330011940965,0.313877700227
37,0.224302945621,0.0324284269917,0.118667241561,0.0187640820114,0.0805847733185,0.0510220919671,0.0741316752688,0.0422655575571,0.0210416676831,0.286480583689,0.011836988142,0.0384739661887,1,0.01,30,20,15,10,20,1.98602289585e-05,1.79612350756e-05,1.98602289585e-05,0.0375865144137,0.00024216691488,0.00108327166119,1.98602289585e-05,1.79612350756e-05,1.98602289585e-05,0.314941102196,0.331109746877,0.314921834551
38,0.0920228441223,0.104210913343,0.219702728945,0.0324870273197,0.0298229874342,0.0677396934098,0.03401119243,0.0252271636765,0.0776818583477,0.0178229611259,0.281783094439,0.0174875354063,1,0.01,30,20,15,10,20,5.75495458367e-06,5.20467776796e-06,5.75495458367e-06,0.025183405149,0.00225894080752,0.000490396238575,5.75495458367e-06,5.20467776796e-06,5.75495458367e-06,0.318566188797,0.334920940458,0.318546699375
39,0.0305165940495,0.0686678276112,0.0578435684997,0.114815849092,0.368906209415,0.12880816689,0.035667247373,0.01929705776,0.0588136651479,0.0099157627652,0.0961133001929,0.0106347512033,1,0.01,30,20,15,10,20,4.09179859794e-05,3.70054930652e-05,4.09179859794e-05,0.145945803114,0.00544619984189,0.00584753881856,4.09179859794e-05,3.70054930652e-05,4.09179859794e-05,0.276121325817,0.290297016367,0.276104433111
40,0.0916000382285,0.183955845956,0.138479025268,0.0130257399503,0.00423654119167,0.00416227806436,0.12227837199,0.0767106528297,0.0380088149894,0.157308952781,0.121136381149,0.0490973576022,1,0.01,30,20,15,10,20,6.25906955019e-06,5.66059030742e-06,6.25906955019e-06,0.0245176686722,0.000497027331695,0.000466496432241,6.25906955019e-06,5.66059030742e-06,6.25906955019e-06,0.319368679398,0.335764629827,0.31934914088
41,0.0615883636376,0.0422951226024,0.0183293555127,0.497597141032,0.157643802761,0.0202356258397,0.0132052695613,0.0376123181075,0.0716355143528,0.0383830720643,0.032650301948,0.00882411258082,1,0.01,30,20,15,10,20,0.000182825580926,0.000165344178243,0.000182825580926,0.0913504375869,0.0392597922007,0.00527472797067,0.000182825580926,0.000165344178243,0.000182825580926,0.282849745829,0.297370864244,0.282832441488
42,0.058295875185,0.0873073313568,0.183707096297,0.0844109021291,0.0761755096892,0.0257055248196,0.0959220098075,0.0429204662592,0.0643645991928,0.0834707942024,0.0314983463193,0.166221544742,1,0.01,30,20,15,10,20,7.3747177193e-06,6.66956251359e-06,7.3747177193e-06,0.0535706428981,0.000970770029876,0.00156825007254,7.3747177193e-06,6.66956251359e-06,7.3747177193e-06,0.309328638271,0.325209146744,0.309309713989
43,0.0231419521965,0.012115801208,0.0137711750664,0.102115540906,0.156498618966,0.0506390060816,0.192332742032,0.0441912211898,0.000616784066455,0.276430134538,0.112405964764,0.0157410589852,1,0.01,30,20,15,10,20,2.02367329027e-05,1.83017384939e-05,2.02367329027e-05,0.00114711074186,0.000235432335013,0.00219457765785,2.02367329027e-05,1.83017384939e-05,2.02367329027e-05,0.326520726073,0.34328385278,0.326500750004
44,0.0623019051909,0.0476135270143,0.00203514163701,0.105540554405,0.0262986231786,0.0403525086253,0.0482611355574,0.0544625508737,0.0501306084918,0.0203615377438,0.176498593019,0.366143314263,1,0.01,30,20,15,10,20,3.2857764118e-07,2.97159728932e-07,3.2857764118e-07,0.000565149268078,3.93816618934e-05,0.00112795951455,3.2857764118e-07,2.97159728932e-07,3.2857764118e-07,0.327163169148,0.343959278002,0.327143153775
45,0.166001117943,0.00676324685444,0.0258670569832,0.0252014454785,0.00679534516327,0.047965353236,0.128206864545,0.0620186416075,0.0895965793664,0.172622758789,0.217543721929,0.0514178681047,1,0.01,30,20,15,10,20,7.57172533505e-06,6.84773266991e-06,7.57172533505e-06,0.0111066246669,0.00129388351433,0.000180884997113,7.57172533505e-06,6.84773266991e-06,7.57172533505e-06,0.323593852151,0.34020671716,0.323574055144
46,0.00439325816225,0.0282039580158,0.197587204497,0.0672629003499,0.0267816459569,0.0641762735107,0.0523650838716,0.297809705022,0.134698489103,0.0531539253702,0.0053138311951,0.0682537249456,1,0.01,30,20,15,10,20,4.25554344944e-05,3.84863721509e-05,4.25554344944e-05,0.0937121508093,0.0224334426342,0.00150142855656,4.25554344944e-05,3.84863721509e-05,4.25554344944e-05,0.289093927901,0.303935614068,0.289076241549
47,0.0461204599874,0.0484675465129,0.00427709325752,0.0117103700875,0.13090620607,0.0855209585296,0.0394421709101,0.410548201299,0.0453333829698,0.0844124955572,0.0429775458196,0.0502835689988,1,0.01,30,20,15,10,20,1.67878162522e-05,1.5182600097e-05,1.67878162522e-05,0.083904021005,0.000823054359386,0.00251882884511,1.67878162522e-05,1.5182600097e-05,1.67878162522e-05,0.29910638868,0.314462100865,0.29908808978
48,0.0503383225633,0.0968902024438,0.00524612490321,0.273571674463,0.0478651566566,0.1952866497,0.041216563926,0.0187683228258,0.0493390269941,0.00239699631064,0.139433270237,0.0796476889761,1,0.01,30,20,15,10,20,8.04354873495e-05,7.27444129535e-05,8.04354873495e-05,0.0247511589564,0.0034493605731,0.00825418802546,8.04354873495e-05,7.27444129535e-05,8.04354873495e-05,0.315631101083,0.331835169362,0.315611791225
49,0.121643665087,0.0202584412144,0.00123327181069,0.0625035004025,0.115870905041,0.0359559881928,0.0135414253016,0.152385323045,0.0630406859925,0.00540813911313,0.282413542631,0.12574511217,1,0.01,30,20,15,10,20,9.75390113427e-06,8.82125334725e-06,9.75390113427e-06,0.0209161236693,0.000322300373263,0.00209308013535,9.75390113427e-06,8.82125334725e-06,9.75390113427e-06,0.320066546976,0.336498324971,0.320046965764
50,0.0286798472529,0.00347903914333,0.0798761050179,0.00107117909171,0.2779721223,0.0123863499817,0.0504160880023,0.182556651171,0.0592918220949,0.158681742328,0.0604653704939,0.0851236831213,1,0.01,30,20,15,10,20,6.81183019869e-06,6.16049712969e-06,6.81183019869e-06,0.0540539748645,0.001170316776,0.000291883527142,6.81183019869e-06,6.16049712969e-06,6.81183019869e-06,0.309524214557,0.32541476365,0.30950527831
51,0.0669232621812,0.102771544392,0.270828498063,0.0559285723411,0.0157921785562,0.00263435291771,0.156764935588,0.269099060804,0.00962557979156,0.0223360060463,0.000436638669409,0.0268593706494,1,0.01,30,20,15,10,20,0.000360078875915,0.000325648880967,0.000360078875915,0.144112908316,0.0221503493768,0.0565466861121,0.000360078875915,0.000325648880967,0.000360078875915,0.254024242402,0.267065498964,0.254008701563
52,0.0513649333061,0.0204956228474,0.00880766769604,0.0182878722905,0.104045684264,0.03811858625,0.0523364304162,0.273391253622,0.0036163719335,0.0508365251141,0.190584264884,0.188114787376,1,0.01,30,20,15,10,20,1.14102668002e-07,1.03192407652e-07,1.14102668002e-07,2.08078863016e-06,6.55650840065e-07,7.77304546491e-06,1.14102668002e-07,1.03192407652e-07,1.14102668002e-07,0.327727924999,0.344553027645,0.327707875075
53,0.0675600289208,0.175706212095,0.392130901822,0.00933171170329,0.0971822583063,0.0262651756266,0.0771136120394,0.0357547425007,0.0308592094146,0.0711706346763,0.00543156699316,0.0114939459015,1,0.01,30,20,15,10,20,0.000189283406811,0.000171184520217,0.000189283406811,0.113401198435,0.00643828035873,0.010143027349,0.000189283406811,0.000171184520217,0.000189283406811,0.284771871798,0.299391669527,0.284754449864
54,0.0987088238568,0.171417650418,0.0267425801706,0.00132462383439,0.296762319692,0.0311808302729,0.0719178643857,0.122311216633,0.0454676467758,0.025982584918,0.0959997586165,0.0121841004259,1,0.01,30,20,15,10,20,5.24641937598e-05,4.74476764162e-05,5.24641937598e-05,0.0875742059459,0.00878681754138,0.000328198680109,5.24641937598e-05,4.74476764162e-05,5.24641937598e-05,0.295943597431,0.311136936247,0.295925492027
55,0.0312193605953,0.105609104628,0.0777236478184,0.160232980888,0.0247146042304,0.0747174386126,0.120852935159,0.0045941931397,0.180373353626,0.0181725613018,0.123536491862,0.078253328139,1,0.01,30,20,15,10,20,3.03665553798e-05,2.74629683653e-05,3.03665553798e-05,0.0613979086624,0.00470691732547,0.000732065280344,3.03665553798e-05,2.74629683653e-05,3.03665553798e-05,0.305769216814,0.321466989467,0.305750510292
56,0.0517590636313,0.0644402773663,0.0267213387162,0.174973500447,0.0586384672385,0.166374065747,0.0997062992576,0.104764471721,0.0767504201296,0.00377262621336,0.153621811851,0.0184776576798,1,0.01,30,20,15,10,20,0.000100605272816,9.09856053863e-05,0.000100605272816,0.032653403862,0.0072192505592,0.00848523674238,0.000100605272816,9.09856053863e-05,0.000100605272816,0.311691654301,0.32769347678,0.311672585453
57,0.26026095822,0.0831013074064,0.069235400828,0.218511799907,0.0131128319428,0.084530619377,0.121977029352,0.000521940547079,0.0200435580875,0.025260644329,0.0101165596604,0.0933273503437,1,0.01,30,20,15,10,20,9.98780166332e-05,9.03278879305e-05,9.98780166332e-05,0.128506317272,0.0016582498654,0.00962395689999,9.98780166332e-05,9.03278879305e-05,9.98780166332e-05,0.281728332423,0.29619187901,0.281711096688
58,0.0858846780613,0.0533245358606,0.0749341075953,0.209862360576,0.128893459661,0.101731302604,0.106518944355,0.0600884458132,0.0417405950956,0.0373096577412,0.0673979057371,0.0323140069007,1,0.01,30,20,15,10,20,0.000120577255421,0.000109047908457,0.000120577255421,0.165493998611,0.000443267209802,0.000506169316785,0.000120577255421,0.000109047908457,0.000120577255421,0.272953270658,0.286966317597,0.272936571769
59,0.0503129197418,0.0311037181449,0.0375055486321,0.0344248098282,0.0362964229529,0.17655160659,0.153537673817,0.0607327100129,0.0850412522084,0.0522411419835,0.0860239306537,0.196228265434,1,0.01,30,20,15,10,20,4.6701486407e-06,4.22359871827e-06,4.6701486407e-06,0.027332339889,0.000640819610941,0.00103075322167,4.6701486407e-06,4.22359871827e-06,4.6701486407e-06,0.318217197543,0.334554032471,0.318197729472
60,0.0609308009598,0.279447548831,0.203168356016,0.0842149917876,0.0642454134128,0.085707433875,0.0278749178349,0.0637570697152,0.0118703619433,0.00156524134763,0.023771058111,0.0934468061656,1,0.01,30,20,15,10,20,2.73081351311e-05,2.46969879145e-05,2.73081351311e-05,0.174602674747,0.00126723302609,0.00190046899827,2.73081351311e-05,2.46969879145e-05,2.73081351311e-05,0.269418631975,0.283250215407,0.26940214933
61,0.260785870404,0.0141283779291,0.0800352116584,0.0313715648201,0.0130746226242,0.0996610348086,0.0314351470273,0.153888953897,0.00442991817344,0.0421905099643,0.228794835776,0.0402039529179,1,0.01,30,20,15,10,20,8.24569648314e-06,7.45726009532e-06,8.24569648314e-06,0.0476539958988,0.00055961113946,0.00150002538295,8.24569648314e-06,7.45726009532e-06,8.24569648314e-06,0.311423161424,0.327411199847,0.311404109002
62,0.000918941728013,0.056604613017,0.0762085310441,0.155843919913,0.123548232123,0.0319872030605,0.139633303288,0.0244602485099,0.0757816019119,0.00326440860993,0.242426220364,0.0693227764312,1,0.01,30,20,15,10,20,2.01214307349e-05,1.81974612802e-05,2.01214307349e-05,0.0391279138765,0.00125540258857,0.00173770918004,2.01214307349e-05,1.81974612802e-05,2.01214307349e-05,0.313888890469,0.330003516043,0.313869687198
63,0.0406454157201,0.0180321408702,0.00332564627883,0.135811183158,0.125523673106,0.344178828208,0.0456804445572,0.0100431265148,0.0645209312968,0.0558019879471,0.146187814536,0.0102488078063,1,0.01,30,20,15,10,20,2.59883552693e-05,2.35034026646e-05,2.59883552693e-05,0.0670508318624,0.00432282628825,0.00615171040668,2.59883552693e-05,2.35034026646e-05,2.59883552693e-05,0.302274600042,0.317792963858,0.302256107316
64,0.040754821997,0.0830058932696,0.000722487283037,0.00111971691234,0.00377677951985,0.0524294788199,0.0309218034173,0.0425399467737,0.00677451264223,0.409863973909,0.293218134157,0.0348724512991,1,0.01,30,20,15,10,20,1.81056767614e-06,1.63744495189e-06,1.81056767614e-06,0.00116863903899,2.44288027265e-05,0.000297555157445,1.81056767614e-06,1.63744495189e-06,1.81056767614e-06,0.327239615463,0.344039648965,0.327219595413
65,0.0412925345057,0.0535135327741,0.113808931256,0.0320599040796,0.193414194095,0.12842696553,0.0366156380556,0.193335504337,0.0213115066878,0.158093158188,0.0103405633245,0.017787567167,1,0.01,30,20,15,10,20,7.12787692822e-05,6.44632412675e-05,7.12787692822e-05,0.0247244857883,0.00715463550151,0.00306526540474,7.12787692822e-05,6.44632412675e-05,7.12787692822e-05,0.31614351272,0.332373887511,0.316124171514
66,0.14597038877,0.084824202207,0.0248492401229,0.253902305685,0.0327564687184,0.00789792323538,0.0464343474387,0.0557204493107,0.026851472993,0.105153728046,0.207049929944,0.00858954352872,1,0.01,30,20,15,10,20,6.67641398514e-06,6.0380291335e-06,6.67641398514e-06,0.0512671573949,0.000439373780646,0.00133097294155,6.67641398514e-06,6.0380291335e-06,6.67641398514e-06,0.310336811147,0.326269077835,0.310317825187
67,0.00654358558042,0.0608899939133,0.0253185859032,0.266492589684,0.196551793835,0.0301927524929,0.0193116266419,0.084114922023,0.0455944560026,0.0579494037826,0.0920941141541,0.114946175987,1,0.01,30,20,15,10,20,3.91818593288e-05,3.54353712424e-05,3.91818593288e-05,0.0475505755987,0.00142751591603,0.00544449221899,3.91818593288e-05,3.54353712424e-05,3.91818593288e-05,0.309820995687,0.325726781116,0.309802041283
68,0.0597163424524,0.050992622819,0.0695682345789,0.0567121103315,0.0673611414237,0.065068588565,0.107617364381,0.192400357164,0.0239969127536,0.0285870708808,0.022568062431,0.255411192219,1,0.01,30,20,15,10,20,4.51304697854e-05,4.08151879106e-05,4.51304697854e-05,0.0251859233675,0.00421467614778,0.00224654910173,4.51304697854e-05,4.08151879106e-05,4.51304697854e-05,0.31727390071,0.333562308071,0.317254490348
69,0.0804052405558,0.0312750455434,0.00178404264798,0.035116260286,0.00656085325279,0.352593653462,0.0367541466343,0.19982558364,0.0266928949433,0.00101697669446,0.0631967686955,0.164778533644,1,0.01,30,20,15,10,20,5.94019490841e-05,5.37220579722e-05,5.94019490841e-05,0.0422650571198,0.000873841140735,0.00199435010388,5.94019490841e-05,5.37220579722e-05,5.94019490841e-05,0.312826911007,0.32888701601,0.312807772706
70,0.0019113053517,0.0887142421944,0.0315750155888,0.15822756509,0.0720990227357,0.0227480073332,0.00349777410458,0.00734432879283,0.525169699607,0.0667740614222,0.00798005157874,0.0139589262003,1,0.01,30,20,15,10,20,5.14697276389e-05,4.65482990822e-05,5.14697276389e-05,0.14787653231,0.00916565832143,0.00454328878897,5.14697276389e-05,4.65482990822e-05,5.14697276389e-05,0.274676937264,0.288778474884,0.274660132923
71,0.031697401249,0.1289066274,0.0949429634778,0.00949392589937,0.170986427948,0.0273762281743,0.0435703339149,0.112061709623,0.265766871787,0.09246013432,0.0166296271252,0.00610774908109,1,0.01,30,20,15,10,20,0.000224590444247,0.000203115571995,0.000224590444247,0.0693371589984,0.0108752766313,0.00840866486568,0.000224590444247,0.000203115571995,0.000224590444247,0.298260096337,0.313572361033,0.298241849213
72,0.145943530418,0.119254407905,0.00256963747921,0.0975111405659,0.0570127836756,0.164269686294,0.209290980742,0.0790225076023,0.0100331569678,0.0240307516605,0.035400706047,0.0556607106433,1,0.01,30,20,15,10,20,0.000100960480533,9.13068488783e-05,0.000100960480533,0.0620723424653,0.0251127460391,0.00547131814462,0.000100960480533,9.13068488783e-05,0.000100960480533,0.297172955327,0.312429407693,0.297154774712
73,0.0608083988356,0.22194928009,0.10390511767,0.00469046000072,0.136880544603,0.0187319686846,0.143964054471,0.0833516575905,0.066922215832,0.0706347228223,0.0482216126347,0.0399399667655,1,0.01,30,20,15,10,20,2.57194049055e-05,2.32601687764e-05,2.57194049055e-05,0.075882897229,0.00258153161236,0.00417953723351,2.57194049055e-05,2.32601687764e-05,2.57194049055e-05,0.300597585962,0.316029854173,0.300579195833
74,0.0699691366117,0.131169619517,0.0413586354946,0.0262510678622,0.0459319812717,0.0100129105769,0.128166083171,0.0810809180077,0.168499587022,0.0495143255278,0.166240663935,0.0818050710016,1,0.01,30,20,15,10,20,3.24950227647e-05,2.93879161154e-05,3.24950227647e-05,0.00985869425465,0.00560340494995,0.000383230449885,3.24950227647e-05,2.93879161154e-05,3.24950227647e-05,0.322476710204,0.339032222676,0.322456981542
75,0.191807551603,0.0498909534721,0.0138890632104,0.0561137476522,0.00873210091753,0.27467173638,0.1110047648,0.0813424804676,0.0856207762447,0.00126579427527,0.0912648057119,0.0343962252664,1,0.01,30,20,15,10,20,7.45163302226e-05,6.73912333488e-05,7.45163302226e-05,0.131384594394,0.0110140894124,0.00179535522156,7.45163302226e-05,6.73912333488e-05,7.45163302226e-05,0.280332787441,0.29472468866,0.280315637083
76,0.233031813488,0.0644140516392,0.172395716742,0.112273633819,0.136431904235,0.0180519526689,0.0485171235957,0.0475055889753,0.109392171357,0.00125369565485,0.00740497846062,0.0493273693651,1,0.01,30,20,15,10,20,0.000526678581643,0.000476318668529,0.000526678581643,0.192902073519,0.0119953846994,0.0300786963533,0.000526678581643,0.000476318668529,0.000526678581643,0.249719832405,0.262540106456,0.249704554904
77,0.0710632947366,0.087298537256,0.287908931673,0.0462604117326,0.202338449754,0.0171402700876,0.0054903022097,0.00721257904733,0.116904911071,0.0139354254596,0.112705122434,0.0317417645381,1,0.01,30,20,15,10,20,4.16605669025e-05,3.76770699413e-05,4.16605669025e-05,0.102615629113,0.00137227011837,0.00407025662467,4.16605669025e-05,3.76770699413e-05,4.16605669025e-05,0.292238205788,0.307241314874,0.292220327074
78,0.0193087502505,0.0503648525251,0.126162412772,0.101360138905,0.238098031096,0.00556797094045,0.110922304076,0.0136432486636,0.259724733641,0.03213294869,0.0215870674068,0.0211275410334,1,0.01,30,20,15,10,20,0.000209486146205,0.00018945551559,0.000209486146205,0.164970952946,0.00943540847701,0.0127316239058,0.000209486146205,0.00018945551559,0.000209486146205,0.266001755659,0.279657921342,0.265985482054
79,0.0583120235954,0.0819446027235,0.0316036829111,0.066381902268,0.0384077202372,0.0694181567544,0.0650627131759,0.000471809946787,0.00993949008943,0.0251983749194,0.308378053687,0.244881469691,1,0.01,30,20,15,10,20,2.94731439372e-06,2.66549830709e-06,2.94731439372e-06,0.0115562832968,1.68447934966e-05,0.000679842543005,2.94731439372e-06,2.66549830709e-06,2.94731439372e-06,0.323710290156,0.340329132932,0.323690486025
80,0.0511376430591,0.351540810985,0.127836313242,0.0307122814664,0.0323856122507,0.00334216830265,0.014476796661,0.114780045483,0.0390335409405,0.0541764010391,0.165737559178,0.0148408273929,1,0.01,30,20,15,10,20,6.17729001866e-06,5.586630365e-06,6.17729001866e-06,0.0449364007742,0.00131109344245,0.00205884694674,6.17729001866e-06,5.586630365e-06,6.17729001866e-06,0.311888312878,0.327900231539,0.311869231999
81,0.133509419319,0.152271763714,0.120077820849,0.0172962090637,0.00218294877022,0.0189782000439,0.0772753906319,0.124611355393,0.103967883878,0.143796864634,0.0120948602886,0.0939372834151,1,0.01,30,20,15,10,20,3.08845828401e-05,2.79314631147e-05,3.08845828401e-05,0.0212768514118,0.00142887959534,0.00243025723672,3.08845828401e-05,2.79314631147e-05,3.08845828401e-05,0.319434933744,0.335834285581,0.319415391174
82,0.14555966009,0.0369447592534,0.0725294792102,0.13472362469,0.000995668166136,0.0929029314792,0.170460046909,0.134208470708,0.0318540240201,0.053823682608,0.026226318938,0.0997713339287,1,0.01,30,20,15,10,20,4.972315841e-05,4.49687331788e-05,4.972315841e-05,0.0804356162169,0.00444953628334,0.00137176075703,4.972315841e-05,4.49687331788e-05,4.972315841e-05,0.299367812733,0.314736946071,0.29934949784
83,0.024108872181,0.0960422873838,0.0965863768411,0.0857335366041,0.00369212948105,0.0371901207587,0.488039639077,0.0031048548984,0.0119928713105,0.0883047012682,0.0586371353727,0.00656747482382,1,0.01,30,20,15,10,20,7.77713586053e-05,7.03350226717e-05,7.77713586053e-05,0.0906819831,0.00529183820127,0.00509417859325,7.77713586053e-05,7.03350226717e-05,7.77713586053e-05,0.294460356018,0.309577547252,0.294442341356
84,0.0233282523093,0.00378584893445,0.0603184316244,0.111340312088,0.0534051393877,0.074514348438,0.0692736637507,0.214012243514,0.122021485341,0.078903829379,0.00773796614648,0.181358479087,1,0.01,30,20,15,10,20,9.41175101799e-06,8.51181891511e-06,9.41175101799e-06,0.067448137327,0.00120048856082,0.000865187139337,9.41175101799e-06,8.51181891511e-06,9.41175101799e-06,0.304931796985,0.320586577651,0.304913141695
85,0.00204293284014,0.241660775867,0.0636719663593,0.0457844603479,0.139467576056,0.0938241686306,0.0226155164827,0.0498621837163,0.0733697526126,0.193213984607,0.0307048875392,0.043781794941,1,0.01,30,20,15,10,20,4.43814942319e-06,4.01378278455e-06,4.43814942319e-06,0.0579343911016,0.00088392166372,0.000512313225026,4.43814942319e-06,4.01378278455e-06,4.43814942319e-06,0.308278617351,0.324105219189,0.308259757307
86,0.042679635569,0.101987589187,0.211488030902,0.0740918591086,0.104638992119,0.119998597804,0.074943643226,0.0333784661608,0.0556179645024,0.0161964365092,0.0661064123185,0.0988723725935,1,0.01,30,20,15,10,20,5.44724260387e-05,4.92638856916e-05,5.44724260387e-05,0.0670619899843,0.00960319013658,0.00157772889616,5.44724260387e-05,4.92638856916e-05,5.44724260387e-05,0.301985213802,0.317488720925,0.30196673878
87,0.0317460998786,0.012219585649,0.0845734927899,0.0414220673331,0.00651308478986,0.0433205954863,0.106724042535,0.119617410546,0.187609571642,0.0570431361712,0.0801821449852,0.229028768194,1,0.01,30,20,15,10,20,1.14720249026e-05,1.0375093686e-05,1.14720249026e-05,0.0211828648172,0.00190196323351,0.0013048230395,1.14720249026e-05,1.0375093686e-05,1.14720249026e-05,0.319716487991,0.336130294437,0.319696928195
88,0.00780737483746,0.0821149564751,0.120426834935,0.00796271461747,0.00280177072454,0.433390222936,0.138319656617,0.0804962551937,0.00285697667494,0.0731439178921,0.00414508782062,0.0465342312756,1,0.01,30,20,15,10,20,2.70587017223e-05,2.44714048106e-05,2.70587017223e-05,0.09633060073,0.00065065813756,0.00576218948213,2.70587017223e-05,2.44714048106e-05,2.70587017223e-05,0.294007801108,0.309101758793,0.293989814133
89,0.0496583132973,0.0245160095179,0.0916364410774,0.241276188162,0.0222642295125,0.177675649035,0.112907857491,0.0701089434944,0.0465495147298,0.034176039695,0.0803333808074,0.0488974331796,1,0.01,30,20,15,10,20,3.94006007227e-07,3.56331970382e-07,3.94006007227e-07,1.0839060711e-05,5.30100988341e-05,1.58209911943e-05,3.94006007227e-07,3.56331970382e-07,3.94006007227e-07,0.327704726008,0.344528637649,0.327684677504
90,0.0105794935102,0.149318932821,0.0031527786262,0.00397411332513,0.0184162334191,0.139855774894,0.0355339689448,0.389194830755,0.00451355943793,0.162671969223,0.0566932270641,0.0260951179804,1,0.01,30,20,15,10,20,3.68406324894e-05,3.33180076554e-05,3.68406324894e-05,0.0322439496904,0.00132138864211,0.00127553862529,3.68406324894e-05,3.33180076554e-05,3.68406324894e-05,0.316242996545,0.332478478699,0.316223649253
91,0.0487498304766,0.0159939848795,0.00777054633952,0.0487391434302,0.0904656172384,0.0592751522522,0.261044768689,0.0107250542157,0.0232966403247,0.346654221086,0.0032033807241,0.084081660344,1,0.01,30,20,15,10,20,8.22252125221e-06,7.43630083188e-06,8.22252125221e-06,0.0166111641319,0.000441354505242,0.00168536813385,8.22252125221e-06,7.43630083188e-06,8.22252125221e-06,0.321574935808,0.338084152419,0.321555262315
92,0.0259186151081,0.0360615334484,0.00325088325012,0.00826558022453,0.170707814801,0.0312948824615,0.268530578178,0.106078072924,0.185533029624,0.00903587640696,0.117297566429,0.0380255671437,1,0.01,30,20,15,10,20,8.29724333591e-05,7.50387814498e-05,8.29724333591e-05,0.0858406205803,0.00272672999527,0.0102418366615,8.29724333591e-05,7.50387814498e-05,8.29724333591e-05,0.295190738907,0.310345426998,0.295172679561
93,0.00640684521487,0.0299772035723,0.126484033174,0.0780179170151,0.000718681707967,0.218427023423,0.0911157021139,0.151903672202,0.0511941164105,0.108305229733,0.103976744197,0.033472831236,1,0.01,30,20,15,10,20,1.95866517013e-05,1.77138167081e-05,1.95866517013e-05,0.070556565729,0.00348620965356,0.00130826463999,1.95866517013e-05,1.77138167081e-05,1.95866517013e-05,0.302999383205,0.318554956395,0.302980846137
94,0.0367976254079,0.140278588201,0.18166334306,0.0637239080846,0.0888177135838,0.0585340297255,0.0166414814364,0.0810663782901,0.0344805463337,0.224718379674,0.030300273689,0.0429777325141,1,0.01,30,20,15,10,20,5.79984165976e-06,5.24527283497e-06,5.79984165976e-06,0.000363079250774,0.00287114134143,9.17585770325e-05,5.79984165976e-06,5.24527283497e-06,5.79984165976e-06,0.32663051683,0.343399280044,0.326610534044
