run_ID,t1_initial,t2_initial,t3_initial,t4_initial,t5_initial,t6_initial,t7_initial,t8_initial,t9_initial,t10_initial,t11_initial,t12_initial,alpha,prior_cost_c,lambda,k,sample_amount,learning_parameter,generations,t1_final,t2_final,t3_final,t4_final,t5_final,t6_final,t7_final,t8_final,t9_final,t10_final,t11_final,t12_final
0,0.0570641802385,0.0323383964491,0.121384001014,0.0405080071917,0.204988973948,0.0774798461916,0.0107300512622,0.130106392474,0.0586686232181,0.146465363911,0.0456387265091,0.0746274375928,1,0.3,30,20,15,10,20,2.07175831905e-05,5.85220447043e-07,2.07175831905e-05,0.0483725651607,0.00252559693751,0.000450537168403,2.07175831905e-05,5.85220447043e-07,2.07175831905e-05,0.133997191461,0.680581074793,0.133988993705
1,0.13157872151,0.0714501568917,0.0346183769046,0.202539140155,0.104127341899,0.128188961996,0.0015761405021,0.00963203746236,0.00239359668173,0.0598354623613,0.123235122654,0.130824940982,1,0.3,30,20,15,10,20,6.14750395929e-05,1.73651771163e-06,6.14750395929e-05,0.0493109008463,0.00152632777851,0.000331272978458,6.14750395929e-05,1.73651771163e-06,6.14750395929e-05,0.133999291366,0.680591740355,0.133991093482
2,0.0335973305191,0.172747884307,0.0290134209539,0.190913991492,0.0560401946475,0.0154066917029,0.0222921398217,0.0666757121289,0.00472120815936,0.0103843860673,0.0377650738992,0.360441966301,1,0.3,30,20,15,10,20,3.29649109287e-05,9.31177142284e-07,3.29649109287e-05,0.0237599523363,0.00111407532696,0.00101074556165,3.29649109287e-05,9.31177142284e-07,3.29649109287e-05,0.137587276817,0.698815368536,0.137578859425
3,0.0405051042531,0.355394556374,0.245117116831,0.0448621977477,0.0370048436854,0.0659284396221,0.0306735535857,0.0997019459156,0.016778764007,0.0234037490261,0.0162352603026,0.0243944686497,1,0.3,30,20,15,10,20,0.000697972569204,1.97159975281e-05,0.000697972569204,0.134864726336,0.0336841332678,0.0188679379799,0.000697972569204,1.97159975281e-05,0.000697972569204,0.114387753299,0.580983371625,0.114380755221
4,0.0532716356644,0.0612407703593,0.134415750138,0.0900628102082,0.0204037502455,0.04824655018,0.0270834270332,0.0171324821943,0.355337384069,0.00498902166576,0.122529619353,0.065286798889,1,0.3,30,20,15,10,20,0.000186478539472,5.26755718706e-06,0.000186478539472,0.0486665501615,0.00394721742395,0.00367224027007,0.000186478539472,5.26755718706e-06,0.000186478539472,0.133204747566,0.676556197016,0.133196598291
5,0.120177983898,0.0994702415498,0.13825902391,0.053842027384,0.0775580205702,0.0453383759606,0.0584256472089,0.0268058357217,0.142065767082,0.0818163435304,0.105637644568,0.0506030886161,1,0.3,30,20,15,10,20,4.39334063109e-05,1.24100998871e-06,4.39334063109e-05,0.0379993637613,0.00144279550626,0.00320136657153,4.39334063109e-05,1.24100998871e-06,4.39334063109e-05,0.135213604541,0.686759321608,0.135205332367
6,0.0584438973115,0.061669069244,0.0936969271596,0.0181253377143,0.230569842672,0.303771205105,0.0121689066896,0.00474331921772,0.0386208566497,0.0470557509054,0.120070164044,0.0110647232873,1,0.3,30,20,15,10,20,3.2412789468e-05,9.15581077575e-07,3.2412789468e-05,0.0843527361087,0.00372800891574,1.99159940674e-05,3.2412789468e-05,9.15581077575e-07,3.2412789468e-05,0.128798807649,0.65417812109,0.128790927922
7,0.0910864030016,0.196905096885,0.150858496778,0.0663899807135,0.00961078955099,0.0469979775386,0.00497075596572,0.0488553252219,0.109458393419,0.0437452693904,0.165173724372,0.0659477871633,1,0.3,30,20,15,10,20,6.1801863093e-05,1.74574966659e-06,6.1801863093e-05,0.0340472069921,0.00196336239185,0.00397961240242,6.1801863093e-05,1.74574966659e-06,6.1801863093e-05,0.135578183951,0.688611045839,0.135569889472
8,0.117029657003,0.0391638731322,0.0865044629287,0.121458725526,0.0563974107233,0.120687712523,0.157070153099,0.0427664237565,0.0417782337604,0.0447066306381,0.0343536334274,0.138083083482,1,0.3,30,20,15,10,20,7.12504738644e-05,2.01264953462e-06,7.12504738644e-05,0.0505723129838,0.00577784999397,0.00143503362263,7.12504738644e-05,2.01264953462e-06,7.12504738644e-05,0.1330589974,0.675815921764,0.133050857041
9,0.0731307640048,0.0192909597113,0.157507430662,0.021024162912,0.0229090742358,0.0539147119933,0.0995970763394,0.0475069934362,0.0285747160196,0.244282697943,0.0743252594669,0.157936153276,1,0.3,30,20,15,10,20,1.22572299788e-05,3.4623640903e-07,1.22572299788e-05,0.0176415416868,0.000565236640801,0.0004399043522,1.22572299788e-05,3.4623640903e-07,1.22572299788e-05,0.13862161533,0.704068845938,0.138613134659
10,0.0442931916818,0.0153390315184,0.0194719064049,0.208083515949,0.017966732175,0.0317828776344,0.047383581386,0.0310150456646,0.0968869644429,0.145733498793,0.341856863993,0.000186790357977,1,0.3,30,20,15,10,20,2.52825896223e-05,7.14170579892e-07,2.52825896223e-05,0.0174085234866,0.000601768082337,0.00144605518295,2.52825896223e-05,7.14170579892e-07,2.52825896223e-05,0.138499776039,0.703450015687,0.138491302822
11,0.0902097893765,0.0400763007913,0.171581464803,0.10626983703,0.0105351827575,0.114027705611,0.0600107213206,0.143549410132,0.0667039577542,0.0563467131998,0.10338925907,0.037299658154,1,0.3,30,20,15,10,20,6.07745933824e-05,1.71673183986e-06,6.07745933824e-05,0.0560980056739,0.00288900156093,0.000461905126939,6.07745933824e-05,1.71673183986e-06,6.07745933824e-05,0.132829979395,0.674652723358,0.132821853048
12,0.19212740387,0.168427217599,0.107525372016,0.00647043271549,0.00568244546138,0.122121878433,0.023280678991,0.00472941513389,0.0726863810245,0.124293495718,0.0505597512827,0.122095527755,1,0.3,30,20,15,10,20,2.2665097971e-05,6.40232919297e-07,2.2665097971e-05,0.0173107281208,0.000764980845,0.00361345085614,2.2665097971e-05,6.40232919297e-07,2.2665097971e-05,0.138185862697,0.70185562794,0.138177408684
13,0.166778628053,0.199229223165,0.170504637361,0.0457035548444,0.040314075158,0.0669734202756,0.0687281694816,0.0480355491657,0.0137029586036,0.0114415176778,0.0114517231905,0.157136543024,1,0.3,30,20,15,10,20,0.000123774643008,3.49632731035e-06,0.000123774643008,0.0632635539532,0.00122201056751,0.0131666280051,0.000123774643008,3.49632731035e-06,0.000123774643008,0.130222433508,0.661408816053,0.130214466686
14,0.00802627893901,0.0824949991059,0.323472799288,0.0424496002879,0.20906296699,0.0690354375676,0.0420402117436,0.0432282233559,0.0126735502404,0.0128529228221,0.0309565887424,0.123706420917,1,0.3,30,20,15,10,20,5.46870083227e-05,1.5447726293e-06,5.46870083227e-05,0.0118738627122,0.0149264297209,0.000209287660915,5.46870083227e-05,1.5447726293e-06,5.46870083227e-05,0.137415936092,0.697945117053,0.137407529182
15,0.00782198499328,0.0627107216188,0.00653685880026,0.0447225647733,0.324460324982,0.0520598297687,0.0894131633337,0.310853289507,0.0196687919065,0.00605849514328,0.000755985895534,0.0749379892778,1,0.3,30,20,15,10,20,0.000406850506347,1.14925198086e-05,0.000406850506347,0.014687477836,0.0150098702761,0.0203364768373,0.000406850506347,1.14925198086e-05,0.000406850506347,0.133961667846,0.680400647876,0.133953472264
16,0.0489035812511,0.16770974908,0.0941427415227,0.122651517982,0.0506824944616,0.216630923789,0.0101119187594,0.0882264435908,0.0391632215129,0.0195635653768,0.0207680394024,0.121445803272,1,0.3,30,20,15,10,20,2.69060788667e-05,7.60030132748e-07,2.69060788667e-05,0.0287145138151,0.0051580553342,0.0138566429075,2.69060788667e-05,7.60030132748e-07,2.69060788667e-05,0.134504943867,0.683159984652,0.134496715048
17,0.0884946671863,0.100187003126,0.0224944054997,0.143307571032,0.0733592164732,0.0611376440255,0.206128349904,0.0131762040201,0.0171930632709,0.0249634944602,0.125545875042,0.124012505961,1,0.3,30,20,15,10,20,3.76817629268e-05,1.06441653655e-06,3.76817629268e-05,0.0284954221402,0.00431243003366,0.0015062559581,3.76817629268e-05,1.06441653655e-06,3.76817629268e-05,0.136393823133,0.692753734095,0.136385478755
18,0.00506590754607,0.0276773084986,0.0351349217432,0.0986897559302,0.00316508374387,0.0155149127552,0.044351156644,0.0656398802742,0.0966913258807,0.202178429683,0.0416359190896,0.364255398211,1,0.3,30,20,15,10,20,7.16877431716e-06,2.02500131026e-07,7.16877431716e-06,0.00747855028701,0.000705253782411,0.000514436647979,7.16877431716e-06,2.02500131026e-07,7.16877431716e-06,0.14002987515,0.711221495713,0.140021308323
19,0.111291356471,0.144984959075,0.224218238767,0.0380537010887,0.115206197121,0.10911526154,0.0154802377433,0.0233850100622,0.050450671543,0.0632663685465,0.0522278132409,0.0523201848026,1,0.3,30,20,15,10,20,3.07816471012e-05,8.69505342955e-07,3.07816471012e-05,0.067868182182,0.00696997834237,0.00323180444934,3.07816471012e-05,8.69505342955e-07,3.07816471012e-05,0.130216705754,0.661379724391,0.130208739283
20,0.29295492859,0.145225929879,0.0707556810162,0.126045887777,0.00873680149491,0.000557835441188,0.0722711911721,0.0959081085216,0.0266597690035,0.00680881859497,0.0273418709165,0.126733177592,1,0.3,30,20,15,10,20,5.07391067156e-05,1.43325418035e-06,5.07391067156e-05,0.106735061853,0.000404482800546,0.00793482929087,5.07391067156e-05,1.43325418035e-06,5.07391067156e-05,0.124977926029,0.634771597034,0.124970280058
21,0.0488373658856,0.1114094319,0.0362315308112,0.125183323117,0.0104761780023,0.0544484862261,0.00896841182118,0.228861650647,0.148173162269,0.159737830369,0.0481080769205,0.0195645520304,1,0.3,30,20,15,10,20,1.12084826191e-05,3.16611891874e-07,1.12084826191e-05,0.0281591773227,0.000862596595251,0.00765503415514,1.12084826191e-05,3.16611891874e-07,1.12084826191e-05,0.136075231737,0.691135586187,0.136066906849
22,0.216282444774,0.0366323401197,0.0268297814636,0.0928102483787,0.307406765359,0.0201192541956,0.0508950605216,0.005984562576,0.0525974234679,0.0853441892953,0.104423367314,0.000674562534076,1,0.3,30,20,15,10,20,2.19708520445e-05,6.20622190203e-07,2.19708520445e-05,0.0798137216402,0.0074407020138,0.00109105851667,2.19708520445e-05,6.20622190203e-07,2.19708520445e-05,0.128770207106,0.654032856941,0.12876232913
23,0.22903297181,0.283776028676,0.0341440295416,0.0304781741267,0.0346890952961,0.00117914062014,0.0791179802644,0.121950627018,0.037009259613,0.0551122257267,0.0320082814509,0.0615021858567,1,0.3,30,20,15,10,20,0.000161222692373,4.55414201725e-06,0.000161222692373,0.0785385587507,0.00115227413992,0.0155762146611,0.000161222692373,4.55414201725e-06,0.000161222692373,0.127712652258,0.648661462156,0.127704838981
24,0.0554479865032,0.262473548315,0.043123607585,0.108736633373,0.0884262134705,0.0307867922489,0.157090562322,0.106510637519,0.0827805312297,0.0391966384236,0.00875033606185,0.0166765129481,1,0.3,30,20,15,10,20,0.000177055826057,5.00138885522e-06,0.000177055826057,0.228607657093,0.0215847473868,0.00157583967762,0.000177055826057,5.00138885522e-06,0.000177055826057,0.105595794621,0.536328400717,0.105589334422
25,0.156575663756,0.0158950921411,0.127779615229,0.150983865126,0.0233270282836,0.00656198693918,0.120292703579,0.0234068435449,0.106337236612,0.0264439660111,0.0058854424149,0.236510556364,1,0.3,30,20,15,10,20,3.11026643438e-05,8.78573285508e-07,3.11026643438e-05,0.0334591489372,0.00179426083429,0.000536343512894,3.11026643438e-05,8.78573285508e-07,3.11026643438e-05,0.136189139516,0.691714131736,0.13618080766
26,0.363145759847,0.0654501688118,0.0834881393313,0.0698519705463,0.0154431706208,0.0957953688328,0.0888161713583,0.0293505057006,0.00640868313306,0.0220468026462,0.142659823185,0.0175434359874,1,0.3,30,20,15,10,20,6.45870252151e-05,1.82442360298e-06,6.45870252151e-05,0.0794679627941,0.00173546997675,0.00126451545636,6.45870252151e-05,1.82442360298e-06,6.45870252151e-05,0.129576063128,0.658125855846,0.129568135851
27,0.142918831581,0.0433989544981,0.0394196351781,0.13591088814,0.0274119893061,0.268895819979,0.00616028689239,0.029404567604,0.078691310824,0.144252266272,0.0046735147893,0.0788619349359,1,0.3,30,20,15,10,20,5.17282058243e-06,1.46119378205e-07,5.17282058243e-06,0.0884398760743,0.000580534726222,0.000450683855224,5.17282058243e-06,1.46119378205e-07,5.17282058243e-06,0.128620825826,0.653274139009,0.128612956989
28,0.0757056880685,0.00853014045741,0.0480911709695,0.0631782934042,0.0328486887648,0.152646879847,0.151160595704,0.0878677146412,0.00286446747192,0.203921560547,0.156470668472,0.0167141316524,1,0.3,30,20,15,10,20,9.00221164782e-06,2.54290197677e-07,9.00221164782e-06,0.0405718579662,0.00147232356151,3.93053751908e-05,9.00221164782e-06,2.54290197677e-07,9.00221164782e-06,0.13531273384,0.687262806228,0.135304455602
29,0.0177721712058,0.0335012379769,0.243650828327,0.0569257430996,0.17554556657,0.122335566918,0.0334664166488,0.0659683473144,0.00578431921329,0.109769150416,0.0307549990681,0.104525653242,1,0.3,30,20,15,10,20,2.00583480578e-05,5.66598686217e-07,2.00583480578e-05,0.0159194673025,0.0052539333942,0.00121480274559,2.00583480578e-05,5.66598686217e-07,2.00583480578e-05,0.138088607643,0.701361662745,0.13808015958
30,0.0268875375158,0.0389137564924,0.0407010066599,0.150879992229,0.357456962685,0.0222327129452,0.0397867741351,0.0158158014977,0.00878168985648,0.109154854623,0.0927896059203,0.0965993054408,1,0.3,30,20,15,10,20,6.06938068343e-05,1.71444981983e-06,6.06938068343e-05,0.0469370720873,0.000999486997356,0.00418210758592,6.06938068343e-05,1.71444981983e-06,6.06938068343e-05,0.133865516135,0.679912286633,0.133857326435
31,0.203323223949,0.0226182276879,0.0969858154886,0.109382614518,0.0330954559611,0.0279721575437,0.0200727180556,0.00778443515805,0.125082002416,0.210528047398,0.0341969312894,0.108958370535,1,0.3,30,20,15,10,20,2.4297729392e-05,6.86350716015e-07,2.4297729392e-05,0.0205483487797,0.00292027508419,0.00157532453698,2.4297729392e-05,6.86350716015e-07,2.4297729392e-05,0.137711020587,0.699443871769,0.137702595624
32,0.024733565804,0.0499515604085,0.0613285715023,0.102923515445,0.0519761548549,0.0189557070335,0.231579446548,0.199160807869,0.0220936842229,0.0476741667429,0.00293072124011,0.186692098328,1,0.3,30,20,15,10,20,4.0267306042e-05,1.13745173008e-06,4.0267306042e-05,0.0567363237069,0.00081253099783,0.00159525260435,4.0267306042e-05,1.13745173008e-06,4.0267306042e-05,0.132884788308,0.674931101647,0.132876658608
33,0.0555007714431,0.0817189670063,0.0105558193199,0.0662706986512,0.000987846647099,0.126467896119,0.215297088802,0.0573176572022,0.0801061825745,0.0723927311322,0.18983360905,0.043550732053,1,0.3,30,20,15,10,20,2.10018094392e-05,5.93249135079e-07,2.10018094392e-05,0.0137483687772,0.00263610753937,0.00170588928454,2.10018094392e-05,5.93249135079e-07,2.10018094392e-05,0.138695191275,0.704442543287,0.138686706102
34,0.100948743505,0.0615418689568,0.0279353850456,0.170730249026,0.0747961067462,0.02412315496,0.0708389190628,0.122096236212,0.1227676041,0.0133429017854,0.156274005915,0.0546048246852,1,0.3,30,20,15,10,20,9.9401318685e-05,2.80784122465e-06,9.9401318685e-05,0.0456886161404,0.00379847550137,0.00693511948779,9.9401318685e-05,2.80784122465e-06,9.9401318685e-05,0.133235405113,0.676711908837,0.133227253963
35,0.0245886110399,0.160435057477,0.0281184947911,0.13358462362,0.0929988760663,0.13583280352,0.0175017732747,0.0371257207523,0.0178998839471,0.00243061984826,0.259334918845,0.0901486168189,1,0.3,30,20,15,10,20,1.27248953841e-05,3.59446799213e-07,1.27248953841e-05,0.0431756452336,0.000324876432044,0.00107652418805,1.27248953841e-05,3.59446799213e-07,1.27248953841e-05,0.134958353705,0.68546288482,0.134950097147
36,0.0279185084841,0.00747469480668,0.184760633198,0.0194686967633,0.449307332443,0.0395494909276,0.0540397246275,0.0340059140044,0.0130806427096,0.00491538487005,0.107328544199,0.0581504329673,1,0.3,30,20,15,10,20,7.54595746652e-05,2.1315462143e-06,7.54595746652e-05,0.0627720294756,0.00623724228149,0.00488176514793,7.54595746652e-05,2.1315462143e-06,7.54595746652e-05,0.130781430639,0.664248001446,0.130773429619
37,0.101753782532,0.00044758940774,0.248065673686,0.040695868366,0.0573654094715,0.0374831055036,0.00203814164822,0.131591854767,0.0333228348118,0.0101713049376,0.144448649856,0.192615785011,1,0.3,30,20,15,10,20,6.27658822662e-06,1.77298082218e-07,6.27658822662e-06,0.0137350528906,0.00421433815809,0.000597625478907,6.27658822662e-06,1.77298082218e-07,6.27658822662e-06,0.138639121538,0.704157761189,0.138630639796
38,0.195742847503,0.0521867816931,0.0601146045286,0.0233866082702,0.0541423400963,0.0187580032278,0.308129883293,0.0762286639884,0.0506408576657,0.00873975637822,0.0332100262875,0.118719627068,1,0.3,30,20,15,10,20,0.000160526856437,4.53448637432e-06,0.000160526856437,0.0732065420824,0.0058023644379,0.00778517104509,0.000160526856437,4.53448637432e-06,0.000160526856437,0.128909965782,0.654742700998,0.128902079256
39,0.0177254953345,0.0130926947902,0.115152178325,0.165414886379,0.219798936311,0.0826186948872,0.0294554946407,0.0697027281297,0.0865666509877,0.0648483249034,0.0783141845961,0.0573097307157,1,0.3,30,20,15,10,20,0.000125353586592,3.54092855857e-06,0.000125353586592,0.0187711532461,0.00220525232702,0.00890737603357,0.000125353586592,3.54092855857e-06,0.000125353586592,0.136969424391,0.695677253001,0.136961044798
40,0.136364596881,0.0250254908094,0.03586382418,0.406750017342,0.0499531253283,0.0243696701261,0.0166080465421,0.0969217491601,0.048658264428,0.00589453274867,0.125118208869,0.0284724735853,1,0.3,30,20,15,10,20,0.000162458557689,4.58905215354e-06,0.000162458557689,0.0451825645992,0.00818885115097,0.0116003880732,0.000162458557689,4.58905215354e-06,0.000162458557689,0.131991532607,0.67039419368,0.131983457554
41,0.0415815207166,0.0180013665652,0.106504446334,0.0340011586479,0.180328953288,0.102129133005,0.0738952077995,0.0935527835864,0.156978371272,0.0125556680766,0.0911732914458,0.0892980992634,1,0.3,30,20,15,10,20,7.7749829584e-05,2.19624024714e-06,7.7749829584e-05,0.0578354012753,0.00607298651606,0.000390527146207,7.7749829584e-05,2.19624024714e-06,7.7749829584e-05,0.132135127493,0.671123522115,0.132127043655
42,0.0456329461768,0.409261364914,0.0550864853795,0.0264278145652,0.0604454087489,0.0565954479074,0.00220937884054,0.14908842655,0.0229539994768,0.0729333573901,0.0239176239086,0.0754477461422,1,0.3,30,20,15,10,20,0.000159348667121,4.50120544228e-06,0.000159348667121,0.0709069170049,0.0021933926346,0.00769227438778,0.000159348667121,4.50120544228e-06,0.000159348667121,0.129758428224,0.659052100879,0.12975048979
43,0.0709930481433,0.0351899715499,0.119185093814,0.0892483249033,0.0736206822369,0.27675207104,0.148212553304,0.0158403330286,0.00529688432106,0.0892720233287,0.0328914589056,0.0434975554247,1,0.3,30,20,15,10,20,4.20055584281e-05,1.18655305764e-06,4.20055584281e-05,0.114519474524,0.00259657923601,0.000607440771453,4.20055584281e-05,1.18655305764e-06,4.20055584281e-05,0.124608708647,0.632896316218,0.124601085265
44,0.0674002315753,0.00461715969686,0.0330353925374,0.0381663995903,0.126457166048,0.0351856699787,0.110119029056,0.0603399522448,0.144883648725,0.250506380043,0.126277777075,0.00301119342999,1,0.3,30,20,15,10,20,1.39252949888e-05,3.93355116936e-07,1.39252949888e-05,0.0167951620886,0.00187008248844,0.00147783856463,1.39252949888e-05,3.93355116936e-07,1.39252949888e-05,0.138409273877,0.702990348895,0.138400806196
45,0.0741041401074,0.0392008987246,0.0302975719066,0.208507539792,0.0173218025612,0.249994868706,0.0684508925001,0.0219212379535,0.0208896481358,0.00386032612864,0.097419168801,0.168031904683,1,0.3,30,20,15,10,20,4.53461861505e-05,1.28091752241e-06,4.53461861505e-05,0.0282850252978,0.00230514498056,0.00649801525009,4.53461861505e-05,1.28091752241e-06,4.53461861505e-05,0.135997557458,0.690741073112,0.135989237323
46,0.0274464895123,0.0132716501448,0.101994179686,0.00611581048255,0.177167285283,0.0136973486378,0.0147029816585,0.047483641771,0.032725311569,0.00324684984426,0.303510374459,0.258638076952,1,0.3,30,20,15,10,20,3.03271256313e-06,8.56666236417e-08,3.03271256313e-06,0.010448017601,7.24805294833e-05,0.000129751354885,3.03271256313e-06,8.56666236417e-08,3.03271256313e-06,0.139756499175,0.709833000084,0.139747949073
47,0.0783975458302,0.139412066732,0.0715879034835,0.0589903317272,0.0176755574792,0.028461286337,0.262473971721,0.013542466496,0.0461711109771,0.196379467964,0.0302972526231,0.0566110386294,1,0.3,30,20,15,10,20,5.04739337759e-05,1.42576370113e-06,5.04739337759e-05,0.0323544505039,0.00277587078705,0.00148601206017,5.04739337759e-05,1.42576370113e-06,5.04739337759e-05,0.136061274219,0.691064694982,0.136052950185
48,0.0475287942598,0.177188272859,0.00867127944776,0.0244128487238,0.0814467421783,0.0520371604008,0.00421210296704,0.125061769428,0.142222870742,0.0166029469874,0.266389530484,0.054225681523,1,0.3,30,20,15,10,20,4.49943328406e-05,1.27097853727e-06,4.49943328406e-05,0.00813075465425,0.00109797744573,0.00369153358969,4.49943328406e-05,1.27097853727e-06,4.49943328406e-05,0.13941178518,0.708082173676,0.139403256167
49,0.126123206741,0.0582877362853,0.144459520278,0.0428460052273,0.129192185623,0.0431246427234,0.0496627506492,0.26315747448,0.0434407147962,0.0401866225184,0.0130504026991,0.0464687379789,1,0.3,30,20,15,10,20,0.000203314467195,5.74313047463e-06,0.000203314467195,0.134447421677,0.00297273101609,0.0216215078787,0.000203314467195,5.74313047463e-06,0.000203314467195,0.118679557027,0.602781741889,0.118672296382
50,1.87102159143e-06,0.0332500649222,0.197153103191,0.124173629177,0.0153293351802,0.253250690419,0.0183710374122,0.0901230913044,0.0330915978313,0.0824449740341,0.130696514446,0.0221140910621,1,0.3,30,20,15,10,20,1.63855070785e-05,4.628500192e-07,1.63855070785e-05,0.0762293087496,0.00215448463683,0.00095732259103,1.63855070785e-05,4.628500192e-07,1.63855070785e-05,0.130045388947,0.66050959439,0.130037432957
51,0.0989013219476,0.0578399182749,0.0469876814899,0.146604646207,0.0759938393351,0.173333011763,0.00307346896679,0.0712839754398,0.0447418458904,0.00240902086665,0.194036449832,0.0847948199866,1,0.3,30,20,15,10,20,4.54620773119e-05,1.28419116087e-06,4.54620773119e-05,0.0110361683424,0.00433743280523,0.00356051945714,4.54620773119e-05,1.28419116087e-06,4.54620773119e-05,0.138561983643,0.703765972441,0.13855350662
52,0.00911105508912,0.0787417531969,0.0802824047799,0.0136641454847,0.0592803031258,0.176343720891,0.0653304181856,0.112473345308,0.0728232082322,0.19695441523,0.0864714591069,0.0485237713697,1,0.3,30,20,15,10,20,1.25216924814e-05,3.53706820159e-07,1.25216924814e-05,0.0477547043111,0.0024722366897,3.73076376436e-05,1.25216924814e-05,3.53706820159e-07,1.25216924814e-05,0.134155080411,0.681383003772,0.134146872995
53,0.0962511922572,0.00860803860706,0.195537080959,0.123305883786,0.0659571323052,0.00430420774008,0.0439565772545,0.0868806512915,0.089884500673,0.0544901001406,0.0699439571412,0.160880677844,1,0.3,30,20,15,10,20,2.66581307483e-05,7.530262121e-07,2.66581307483e-05,0.0414264831513,0.000728602823312,0.00205606665074,2.66581307483e-05,7.530262121e-07,2.66581307483e-05,0.135002056595,0.685684854842,0.134993797363
54,0.0668558364401,0.0483021127823,0.120869901043,0.106573191841,0.0836307564622,0.070062152736,0.0405419681541,0.0960723748934,0.194730490134,0.0715796093526,0.0592469912214,0.0415346149395,1,0.3,30,20,15,10,20,8.03957612914e-05,2.27098126893e-06,8.03957612914e-05,0.0252834337538,0.00949759790812,0.00700545495176,8.03957612914e-05,2.27098126893e-06,8.03957612914e-05,0.135313778155,0.687268110372,0.135305499852
55,0.0798742653628,0.033331056175,0.0282062433696,0.0524490499698,0.0103807338704,0.18739394175,0.120757386389,0.0652128968543,0.0539048247809,0.293213846866,0.0578533993398,0.017422355273,1,0.3,30,20,15,10,20,5.3015444825e-06,1.49755509778e-07,5.3015444825e-06,0.0325367415803,0.000161013856696,0.000699091606724,5.3015444825e-06,1.49755509778e-07,5.3015444825e-06,0.136541952816,0.693506095077,0.136533599375
56,0.0133610159196,0.0595386229221,0.057167789355,0.0680301891976,0.0622521618415,0.0194436973584,0.0190320473265,0.121431320117,0.275533555265,0.0191228485955,0.0338449730433,0.251241779058,1,0.3,30,20,15,10,20,2.25629170423e-05,6.3734656097e-07,2.25629170423e-05,0.0326421697551,0.000212769149503,0.00112006166042,2.25629170423e-05,6.3734656097e-07,2.25629170423e-05,0.136450389966,0.693041040981,0.136442042127
57,0.11550046129,0.00316451557866,0.0437775022933,0.0103079731611,0.0278595855256,0.312501445008,0.121104957696,0.0982484280253,0.01629342053,0.0104739072547,0.00593392115604,0.234833882481,1,0.3,30,20,15,10,20,5.73104398427e-05,1.61887807649e-06,5.73104398427e-05,0.038879184449,0.00066415961536,0.00303972216441,5.73104398427e-05,1.61887807649e-06,5.73104398427e-05,0.135214479768,0.686763766947,0.13520620754
58,0.116605576288,0.107855437265,0.0281331319421,0.0746478772057,0.0480403083178,0.0341236740839,0.218486969562,0.00201991000775,0.00738794434685,0.125445126449,0.155196286018,0.0820577585131,1,0.3,30,20,15,10,20,6.18657049974e-06,1.74755304237e-07,6.18657049974e-06,0.0235305448326,0.000919257027534,0.00236264827978,6.18657049974e-06,1.74755304237e-07,6.18657049974e-06,0.137471575485,0.69822771341,0.137463165172
59,0.00491630870988,0.258693649473,0.0240060460363,0.125321628326,0.0206086824292,0.0323682551475,0.260086034742,0.100140179256,0.0227724310114,0.0320103841846,0.100839997846,0.018236402837,1,0.3,30,20,15,10,20,0.00013352231936,3.77167504082e-06,0.00013352231936,0.048576957002,0.0125423895864,0.00662280556992,0.00013352231936,3.77167504082e-06,0.00013352231936,0.131616767042,0.668490733255,0.131608714917
60,0.114051218483,0.00316108267298,0.056961219009,0.167637383738,0.113848255912,0.0747165918019,0.0584789861278,0.0651552329767,0.0253073793081,0.0947774339408,0.00650317898944,0.219402037041,1,0.3,30,20,15,10,20,1.21945347114e-05,3.44465422905e-07,1.21945347114e-05,0.044977095851,0.000940876074106,0.000936935999506,1.21945347114e-05,3.44465422905e-07,1.21945347114e-05,0.134636880626,0.683830100645,0.134628643735
61,0.0617699022134,0.312165406909,0.0281488192889,0.0832273879528,0.0747319946579,0.0536826241653,0.203879155872,0.0456981362614,0.0418636288592,0.00464276425514,0.0875596602658,0.00263051929984,1,0.3,30,20,15,10,20,0.00011772786498,3.32552079744e-06,0.00011772786498,0.126953156016,0.0229724449521,0.00166956296243,0.00011772786498,3.32552079744e-06,0.00011772786498,0.11978051322,0.608373575128,0.11977318522
62,0.293763454653,0.0661849500896,0.294225178611,0.00724943579822,0.0230168325864,0.0416843059324,0.00927952059937,0.18695117198,0.0170298432051,0.017346716965,0.0269235008667,0.0163450887138,1,0.3,30,20,15,10,20,0.00090194574557,2.54777349064e-05,0.00090194574557,0.121480321624,0.0502927542184,0.0151466553027,0.00090194574557,2.54777349064e-05,0.00090194574557,0.114341087196,0.580746351234,0.114334091972
63,0.0173636574085,0.220196495614,0.138957696284,0.00469271295047,0.176547413772,0.0706425463776,0.024894279148,0.0468129283217,0.096536756426,0.182324086623,0.00103409536976,0.0199973317064,1,0.3,30,20,15,10,20,0.000270875286496,7.65155640008e-06,0.000270875286496,0.0509644622609,0.00503551302404,0.00492177107233,0.000270875286496,7.65155640008e-06,0.000270875286496,0.132501528538,0.672984498561,0.132493422285
64,0.0527725943392,0.186663604028,0.0169901203821,0.0800005083439,0.0316224978292,0.0882033400647,0.0695943960816,0.164674489035,0.0325786694212,0.13145782711,0.0514082774567,0.094033675908,1,0.3,30,20,15,10,20,4.22314924652e-05,1.19293513497e-06,4.22314924652e-05,0.0399460692402,0.00287589008738,0.00273653085809,4.22314924652e-05,1.19293513497e-06,4.22314924652e-05,0.134802803998,0.684672837019,0.134794556956
65,0.134057036622,0.0443803041129,0.251363243773,0.049697132993,0.0460270966826,0.0150974925178,0.130046373637,0.00231247546382,0.0720112291535,0.0055356064724,0.0333493711831,0.216122637388,1,0.3,30,20,15,10,20,9.1500884021e-05,2.58467349975e-06,9.1500884021e-05,0.0070706548584,0.00641773098735,0.000837421389193,9.1500884021e-05,2.58467349975e-06,9.1500884021e-05,0.139186584838,0.706938365442,0.139178069602
66,0.012516525684,0.0658044858981,0.12949356216,0.180684374974,0.0321567062505,0.131303730109,0.0203559990844,0.0207450587471,0.298123924818,0.0658050856185,0.0158354277188,0.0271751189376,1,0.3,30,20,15,10,20,5.99924992746e-05,1.69463961707e-06,5.99924992746e-05,0.145345305336,0.00572768100657,0.0027422145841,5.99924992746e-05,1.69463961707e-06,5.99924992746e-05,0.119499988939,0.606948772756,0.119492678102
67,0.0638641998373,0.0610515210562,0.1728535193,0.0321970881847,0.187146572802,0.0224703585369,0.0883146978412,0.0732849964235,0.104011574984,0.0909054927088,0.0433891847699,0.0605107935551,1,0.3,30,20,15,10,20,6.7469077226e-05,1.90583443892e-06,6.7469077226e-05,0.0673544706206,0.00210834561672,0.00636481544647,6.7469077226e-05,1.90583443892e-06,6.7469077226e-05,0.1305124408,0.662881783303,0.130504456236
68,0.0458376496311,0.0622670866436,0.145721766331,0.077433850106,0.0228713539298,0.0152279191797,0.290737574413,0.0227781677404,0.0148811029953,0.0366087334651,0.0507038929231,0.214930902641,1,0.3,30,20,15,10,20,5.59972912226e-05,1.58178487814e-06,5.59972912226e-05,0.0201970745731,0.00374754269292,0.00189432808838,5.59972912226e-05,1.58178487814e-06,5.59972912226e-05,0.137580552306,0.698781214279,0.137572135326
69,0.0070048676362,0.0176434740071,0.00933035341461,0.0379680585169,0.0309097583659,0.10425039356,0.0475077629371,0.00905120014946,0.168447853792,0.274521016628,0.0592948873124,0.23407037368,1,0.3,30,20,15,10,20,4.11763367983e-06,1.163129599e-07,4.11763367983e-06,0.00899752578287,0.000579652992799,0.000178944184732,4.11763367983e-06,1.163129599e-07,4.11763367983e-06,0.139882184226,0.710471363218,0.139873626435
70,0.233703734082,0.0638671612529,0.098077245044,0.0461212690859,0.0161890667509,0.0330255136356,0.0150383358013,0.0300672604165,0.0757322906872,0.168974540424,0.138521207245,0.0806823755744,1,0.3,30,20,15,10,20,1.1075204538e-05,3.12847115959e-07,1.1075204538e-05,0.0288588740159,0.00018972551035,0.000825642146647,1.1075204538e-05,3.12847115959e-07,1.1075204538e-05,0.137036257143,0.69601670121,0.137027873462
71,0.0292932409523,0.00787042048127,0.0121682957373,0.00261598937384,0.387436348638,0.0639937729617,0.224703517566,0.0589260399147,0.160432460447,0.0391590042422,0.00741846022283,0.00598244946204,1,0.3,30,20,15,10,20,0.000288596323636,8.15213183796e-06,0.000288596323636,0.268755379108,0.00939174058104,0.00806276139252,0.000288596323636,8.15213183796e-06,0.000288596323636,0.100666559079,0.511292469838,0.100660400443
72,0.0237548379154,0.0688097697404,0.268020214172,0.0755633874005,0.056068824172,0.00874340037392,0.174195570596,0.0724173139326,0.0954837656823,0.052307453046,0.0745302207707,0.0301052421975,1,0.3,30,20,15,10,20,0.000113538632716,3.20718535476e-06,0.000113538632716,0.0436786508631,0.00935864720516,0.00565946899319,0.000113538632716,3.20718535476e-06,0.000113538632716,0.132905994029,0.675038806978,0.132897863031
73,0.311113304772,0.0164425946441,0.133549431931,0.10768402856,0.0168817942098,0.160155854853,0.0392005178697,0.0745760748392,0.0464067072915,0.00730442388633,0.0441569100551,0.0425283570885,1,0.3,30,20,15,10,20,8.24654992856e-05,2.32944624446e-06,8.24654992856e-05,0.208836943937,0.00636447288624,0.00100764683621,8.24654992856e-05,2.32944624446e-06,8.24654992856e-05,0.110673184427,0.562116817424,0.1106664136
74,0.0915057150438,0.0726593112504,0.107317033552,0.0815252062097,0.0823139958736,0.0776561916631,0.0787764840582,0.0200091068685,0.124376936932,0.106933746638,0.153936072443,0.00299019946641,1,0.3,30,20,15,10,20,2.08856894654e-05,5.89969033228e-07,2.08856894654e-05,0.0191542760897,0.00583775306821,0.0021855614784,2.08856894654e-05,5.89969033228e-07,2.08856894654e-05,0.137411571687,0.697922949936,0.137403165044
75,0.0630858101426,0.0590440922322,0.101428520641,0.087939379129,0.244769305567,0.0619463990451,0.122131716297,0.0686710835571,0.0898454646509,0.0481597061887,0.0296870323455,0.0232914902031,1,0.3,30,20,15,10,20,0.000139616194944,3.94381194313e-06,0.000139616194944,0.0324740605894,0.0250474219067,0.0077576802707,0.000139616194944,3.94381194313e-06,0.000139616194944,0.13196120364,0.670240150746,0.131953130443
76,0.15993775319,0.00327112024153,0.0592204453501,0.169209269109,0.104953548406,0.00621823216713,0.0843370473849,0.016083227955,0.296929555343,0.0222447139905,0.0489556465739,0.0286394402884,1,0.3,30,20,15,10,20,0.000133456340549,3.76981130271e-06,0.000133456340549,0.0358098336721,0.0108526729643,0.0148374290992,0.000133456340549,3.76981130271e-06,0.000133456340549,0.132498597322,0.67296961071,0.132490491248
77,0.1727831778,0.0227560667126,0.00972697855273,0.0430289553745,0.112636279611,0.106826657568,0.0990807058175,0.169860062393,0.0738726425156,0.0217973996624,0.000298146721484,0.167332927272,1,0.3,30,20,15,10,20,9.65119542391e-05,2.72622383052e-06,9.65119542391e-05,0.0230078652556,0.00526987787904,0.00219538989604,9.65119542391e-05,2.72622383052e-06,9.65119542391e-05,0.13690269817,0.695338345875,0.136894322659
78,0.0817662874618,0.0248808804505,0.00283111310742,0.0131889686413,0.0346954215849,0.280737508584,0.0562700238288,0.0553395724807,0.0735185502662,0.161299277209,0.134752057176,0.080720339209,1,0.3,30,20,15,10,20,1.39958197956e-05,3.95347268171e-07,1.39958197956e-05,0.0243921591019,0.00094178294934,9.15481175246e-05,1.39958197956e-05,3.95347268171e-07,1.39958197956e-05,0.137663026278,0.699200105328,0.137654604251
79,0.0704598339673,0.101508702513,0.166962183813,0.0614102125274,0.00359103009709,0.0980824857348,0.117405287305,0.0817420105214,0.0175961835796,0.127358059298,0.138875174898,0.0150088357452,1,0.3,30,20,15,10,20,4.34217287764e-05,1.22655636481e-06,4.34217287764e-05,0.0230837968483,0.00691666670385,0.000531241235259,4.34217287764e-05,1.22655636481e-06,4.34217287764e-05,0.136924846537,0.695450838976,0.136916469672
80,0.15071100047,0.0230614432935,0.0535629919237,0.0884533411953,0.0832061992112,0.0768855168567,0.0171459977058,0.0976707655508,0.199654865071,0.0969164714038,0.028080912498,0.0846504948205,1,0.3,30,20,15,10,20,3.10094436023e-05,8.75940030291e-07,3.10094436023e-05,0.0562562443846,0.00152487560553,0.00234627409772,3.10094436023e-05,8.75940030291e-07,3.10094436023e-05,0.13275119159,0.674252554604,0.132743070063
81,0.0126483270674,0.0612285617454,0.24591123283,0.100975618507,0.0134617275082,0.0266737930545,0.00281477829669,0.0297049968767,0.0431511558232,0.297394796817,0.123440707163,0.0425943043114,1,0.3,30,20,15,10,20,1.56514322585e-05,4.42114222443e-07,1.56514322585e-05,0.0122581855668,0.000777682575223,0.00160297414189,1.56514322585e-05,4.42114222443e-07,1.56514322585e-05,0.139185828782,0.706934525384,0.139177313593
82,0.142231077455,0.100158194629,0.149303126555,0.00378209422819,0.0457595683009,0.174572618126,0.0927382416,0.0125009371214,0.141432326214,0.00391694484057,0.081032505556,0.0525723653743,1,0.3,30,20,15,10,20,0.000371582925011,1.04962979267e-05,0.000371582925011,0.0774546769104,0.00364866202894,0.00783226719179,0.000371582925011,1.04962979267e-05,0.000371582925011,0.128486505851,0.652591918492,0.128478645231
83,0.0696615049828,0.0106374304925,0.123199049639,0.0696596659469,0.155926815815,0.161815184786,0.0167737385166,0.0560958446395,0.06999550285,0.181923826232,0.0388811983158,0.045430237784,1,0.3,30,20,15,10,20,3.14157264394e-05,8.87416514849e-07,3.14157264394e-05,0.0503928269187,0.00219737342231,0.00133620887033,3.14157264394e-05,8.87416514849e-07,3.14157264394e-05,0.133626926769,0.678700474615,0.133618751666
84,0.0413245349071,0.0415683285264,0.0664536870812,0.0204246100641,0.00332404200875,0.000412093338455,0.0372828724825,0.0437161418605,0.047001810393,0.359077477667,0.296269420143,0.0431449815276,1,0.3,30,20,15,10,20,3.99164071297e-06,1.12753970431e-07,3.99164071297e-06,0.00348066883078,0.000166174158945,0.000117290339915,3.99164071297e-06,1.12753970431e-07,3.99164071297e-06,0.140728701179,0.714770881822,0.140720091599
85,0.0300567148721,0.0747229089529,0.166799242689,0.0240706341322,0.0393697796369,0.483650417008,0.0139577451366,0.043256050105,0.0576796529453,0.0406523416095,0.0089646063578,0.0168199065538,1,0.3,30,20,15,10,20,0.000586455390663,1.65659132505e-05,0.000586455390663,0.130072835681,0.0317429932512,0.0147091252686,0.000586455390663,1.65659132505e-05,0.000586455390663,0.115990267583,0.589122653363,0.115983171464
86,0.046301874901,0.0169729146862,0.0669360634214,0.147092852166,0.179681279304,0.109517288824,0.107802149196,0.0754055391254,0.103695211507,0.0174369293966,0.0752013808213,0.0539565166513,1,0.3,30,20,15,10,20,0.000191238642079,5.40201830397e-06,0.000191238642079,0.0892466086783,0.015377578009,0.00198002137151,0.000191238642079,5.40201830397e-06,0.000191238642079,0.126093934039,0.640439879504,0.126086219793
87,0.3326569374,0.0621439378333,0.0250519165725,0.038750964088,0.141145066532,0.00751340474916,0.087223319476,0.00213564561642,0.0182914974045,0.0634068729184,0.0398103091259,0.181870128283,1,0.3,30,20,15,10,20,7.34561494539e-06,2.07495441076e-07,7.34561494539e-06,0.035646124925,0.00121421106649,0.000123738885367,7.34561494539e-06,2.07495441076e-07,7.34561494539e-06,0.136034039937,0.690926370166,0.13602571757
88,0.0941199159678,0.0127320072182,0.000704274011042,0.281089544179,0.130384686061,0.0221451442847,0.101098646487,0.000878843338523,0.203850702739,0.0184179002533,0.0631844474973,0.0713938879636,1,0.3,30,20,15,10,20,0.000155984485598,4.40617564096e-06,0.000155984485598,0.0229613998256,0.00450650095117,0.0144379701051,0.000155984485598,4.40617564096e-06,0.000155984485598,0.135253598886,0.686962455673,0.135245324265
89,0.125099175363,0.0639583376929,0.0453113298569,0.218590427559,0.0862646866911,0.0614518268045,0.0279434836568,0.036324728782,0.0290420746161,0.247789196802,0.0248890377315,0.0333356944438,1,0.3,30,20,15,10,20,0.000118919109135,3.35917049639e-06,0.000118919109135,0.0416097369451,0.00404280616018,0.000896804995229,0.000118919109135,3.35917049639e-06,0.000118919109135,0.134618888292,0.683738716328,0.134610652502
90,0.122179570757,0.0494524421488,0.0329708150496,0.318489039386,0.0541646792282,0.0243069274824,0.119038886774,0.0454673133835,0.00453466523208,0.00085618095274,0.0814642395422,0.147075240063,1,0.3,30,20,15,10,20,3.90159434278e-05,1.10210383347e-06,3.90159434278e-05,0.0700736432936,0.0035838468164,0.000786583102998,3.90159434278e-05,1.10210383347e-06,3.90159434278e-05,0.130724190576,0.663957275173,0.130716193057
91,0.0833746394474,0.0639645800263,0.0680810384678,0.0124701763227,0.0212576965529,0.0691997007181,0.135639554676,0.00808417952248,0.0266791545768,0.122146818656,0.182924694716,0.206177766318,1,0.3,30,20,15,10,20,2.5682609868e-06,7.25470161744e-08,2.5682609868e-06,0.010954110364,6.94343084248e-05,0.000157124930971,2.5682609868e-06,7.25470161744e-08,2.5682609868e-06,0.139681836731,0.70945378433,0.139673291197
92,0.100762953375,0.00969157077653,0.0761404152136,0.180905805385,0.356164269168,0.0405762090731,0.0170844379106,0.0483109527593,0.0998128100932,0.0375341832359,0.0249082777434,0.00810811526656,1,0.3,30,20,15,10,20,0.000505735113817,1.42857652203e-05,0.000505735113817,0.144873495063,0.0289091380117,0.0115407056539,0.000505735113817,1.42857652203e-05,0.000505735113817,0.114793639114,0.583044893968,0.114786616204
93,0.0883635808614,0.0744868175309,0.174134161907,0.100384417595,0.0511933257825,0.115562970126,0.0662766784898,0.0451206130676,0.122581766721,0.0502442726572,0.01295069615,0.0987006991117,1,0.3,30,20,15,10,20,0.000343544452113,9.70428046532e-06,0.000343544452113,0.0439475832594,0.0135127702957,0.0025355251468,0.000343544452113,9.70428046532e-06,0.000343544452113,0.132590677399,0.673437291838,0.132582565692
94,0.00166374233063,0.182029240456,0.00703234451184,0.0699167623908,0.0276265288198,0.110288004374,0.121762323507,0.0605641856258,0.111862451716,0.1531743036,0.0446417050877,0.109438407581,1,0.3,30,20,15,10,20,3.82036753065e-05,1.07915926949e-06,3.82036753065e-05,0.046706839441,0.000940920695219,0.00199834929632,3.82036753065e-05,1.07915926949e-06,3.82036753065e-05,0.134227683851,0.681751761703,0.134219471994
