run_ID,t1_initial,t2_initial,t3_initial,t4_initial,t5_initial,t6_initial,t7_initial,t8_initial,t9_initial,t10_initial,t11_initial,t12_initial,alpha,prior_cost_c,lambda,k,sample_amount,learning_parameter,generations,t1_final,t2_final,t3_final,t4_final,t5_final,t6_final,t7_final,t8_final,t9_final,t10_final,t11_final,t12_final
0,0.063996218665,0.464228855966,0.00704047892823,0.000644078685318,0.0522413683089,0.159520323279,0.0529752846393,0.0196092959104,0.0271246578817,0.0371474616542,0.0262821234433,0.0891898526393,1,0.4,30,20,15,10,20,3.80932168315e-05,2.30335115334e-07,3.80932168315e-05,0.0772138830837,0.0123096079023,0.00116398378078,3.80932168315e-05,2.30335115334e-07,3.80932168315e-05,0.0803670340842,0.748430540267,0.0803621173444
1,0.176259948938,0.239119120304,0.0278096280827,0.0850667100862,0.0358312302446,0.0486239466221,0.0551905316627,0.0462782976754,0.0460094574612,0.0493348712695,0.0204654469542,0.1700108107,1,0.4,30,20,15,10,20,3.81105925054e-05,2.3044017939e-07,3.81105925054e-05,0.0562227010453,0.00174102216311,0.000833883146965,3.81105925054e-05,2.3044017939e-07,3.81105925054e-05,0.0831859981917,0.774682583211,0.0831809089918
2,0.0624990376983,0.0392911728515,0.0539240205015,0.177559065542,0.100245214256,0.150253416724,0.0175380750483,0.263321564548,0.0247014358915,0.0342865813277,0.0455053428324,0.0308750727788,1,0.4,30,20,15,10,20,4.88591669464e-05,2.95432698779e-07,4.88591669464e-05,0.147176044059,0.00760340609023,0.00160576009982,4.88591669464e-05,2.95432698779e-07,4.88591669464e-05,0.0745557299004,0.694311863629,0.0745511686878
3,0.0217011762482,0.103318561599,0.00345577769066,0.121114010664,0.0790128718569,0.101492786972,0.0941230460843,0.0760825046933,0.184514409052,0.103102286443,0.0481325080297,0.0639500606659,1,0.4,30,20,15,10,20,3.38086868312e-05,2.04428200827e-07,3.38086868312e-05,0.0570962961906,0.00771487406165,0.00123380228,3.38086868312e-05,2.04428200827e-07,3.38086868312e-05,0.0825468781084,0.768730677747,0.0825418280089
4,0.0269809555705,0.0122885196304,0.0587341649471,0.0521408716681,0.208917995485,0.164737786519,0.134182734341,0.192573658924,0.0671537716,0.0537714278442,0.0281104173432,0.000407696126304,1,0.4,30,20,15,10,20,0.000246060370315,1.48783296581e-06,0.000246060370315,0.157009273834,0.0246984319268,0.00525462964049,0.000246060370315,1.48783296581e-06,0.000246060370315,0.0717828634337,0.668489112157,0.0717784718611
5,0.0195857989565,0.0208856632415,0.0584308319242,0.0522298543945,0.106098263557,0.0853244143439,0.0294238623828,0.162430433662,0.0309105808989,0.0523410886914,0.191879963009,0.190459244938,1,0.4,30,20,15,10,20,1.10032461241e-05,6.65324216711e-08,1.10032461241e-05,0.00869504829056,0.000984259395494,0.00205235943632,1.10032461241e-05,6.65324216711e-08,1.10032461241e-05,0.0873561021579,0.813517326833,0.087350757837
6,0.0528955140068,0.00296339229272,0.0401703081722,0.141543017309,0.00256816748842,0.154548636024,0.0556160083914,0.125733631989,0.0984082448324,0.106577104518,0.121586464607,0.0973895103695,1,0.4,30,20,15,10,20,3.18273663493e-05,1.92447913529e-07,3.18273663493e-05,0.0458303618988,0.000177824231616,0.00112905646635,3.18273663493e-05,1.92447913529e-07,3.18273663493e-05,0.0842189683331,0.784302278771,0.0842138159375
7,0.0775510559776,0.137330718422,0.0524040452019,0.0890214533265,0.0997348378054,0.117162511596,0.0407083924349,0.0564463214475,0.0852574918291,0.155975485915,0.0446106543217,0.0437970317226,1,0.4,30,20,15,10,20,0.000106052287089,6.4125762563e-07,0.000106052287089,0.0253077861929,0.00757894090943,0.00110252103562,0.000106052287089,6.4125762563e-07,0.000106052287089,0.0853548878446,0.794880706399,0.0853496659551
8,0.0197497194987,0.0441011572582,0.0408414525172,0.127093081258,0.214405178475,0.173924938965,0.0564933016265,0.05125359771,0.0225366933275,0.107547015605,0.0957871829061,0.0462666808522,1,0.4,30,20,15,10,20,4.96847803137e-05,3.00424867097e-07,4.96847803137e-05,0.0133618959567,0.00325043111881,0.00412346551982,4.96847803137e-05,3.00424867097e-07,4.96847803137e-05,0.0865464453499,0.805977271521,0.0865411505626
9,0.101479079283,0.183161605506,0.0711363390688,0.0533505692404,0.00295398102606,0.0218314856208,0.261502235493,0.00841060672946,0.0996484431834,0.0777179762598,0.0519523314807,0.0668553471078,1,0.4,30,20,15,10,20,8.20840385591e-05,4.96330792231e-07,8.20840385591e-05,0.0438104452767,0.00457182954141,0.0041851829127,8.20840385591e-05,4.96330792231e-07,8.20840385591e-05,0.0837211294474,0.779666076497,0.0837160075089
10,0.048173240692,0.0747735144157,0.0046523315074,0.0434183907699,0.175359878039,0.153568520896,0.271362174714,0.0186991136218,0.12962395531,0.0193680540936,0.028910792502,0.0320900334388,1,0.4,30,20,15,10,20,0.000380826973239,2.30271507894e-06,0.000380826973239,0.0666857260371,0.0314040884355,0.00755778464968,0.000380826973239,2.30271507894e-06,0.000380826973239,0.0789230502384,0.734983215477,0.0789182218395
11,0.0243557275783,0.0916857310792,0.000815640443412,0.28323767659,0.042925255672,0.0746254196936,0.1091376995,0.0726479001574,0.111056757361,0.150067550599,0.0156572877215,0.0237873536058,1,0.4,30,20,15,10,20,0.000129889150747,7.85390024953e-07,0.000129889150747,0.0242989122858,0.0122931685352,0.000995671235825,0.000129889150747,7.85390024953e-07,0.000129889150747,0.0850283368009,0.79183964887,0.0850231348893
12,0.305672515024,0.029674931568,0.172417540047,0.0374672353583,0.0457077709348,0.00170181333264,0.201714339737,0.0145796920231,0.010598401651,0.0862841219066,0.0792290429233,0.0149525954938,1,0.4,30,20,15,10,20,5.67288191815e-05,3.4301747649e-07,5.67288191815e-05,0.0702732163294,0.0042165137477,0.00311788769031,5.67288191815e-05,3.4301747649e-07,5.67288191815e-05,0.0815166455975,0.759136476797,0.0815116585261
13,0.114595209368,0.00109075123486,0.0162394850481,0.2691882514,0.094442127099,0.0731320828773,0.138948491205,0.035831737291,0.00127969114287,0.0713545874438,0.0222573528436,0.161640233046,1,0.4,30,20,15,10,20,1.54230311515e-05,9.32571716062e-08,1.54230311515e-05,0.077314751018,0.00170208239415,0.0014367528681,1.54230311515e-05,9.32571716062e-08,1.54230311515e-05,0.0812797197738,0.75693006811,0.0812747471973
14,0.164166459252,0.0256807593052,0.136417328964,0.0150516483386,0.239249353483,0.0318784938709,0.121954013725,0.0498424703997,0.0649341245759,0.0330383391881,0.0390288196562,0.0787581892422,1,0.4,30,20,15,10,20,0.000202049095508,1.22171361696e-06,0.000202049095508,0.0191772742887,0.00907472128848,0.00508072502277,0.000202049095508,1.22171361696e-06,0.000202049095508,0.0853788769821,0.795104108984,0.085373653625
15,0.0384793218787,0.286731635061,0.21631361938,0.01162323199,0.0755506654156,0.0134555487777,0.0472537268453,0.148680681481,0.0138927719802,0.0503572074098,0.0616571732836,0.0360044164975,1,0.4,30,20,15,10,20,0.00013589578109,8.21709821704e-07,0.00013589578109,0.0408886101959,0.00741710548759,0.00291420906975,0.00013589578109,8.21709821704e-07,0.00013589578109,0.0838211626643,0.780597651433,0.0838160346059
16,0.150247885471,0.0420386373701,0.00963421188323,0.0733109783292,0.11568357531,0.241025842504,0.0716938045116,0.0596558162908,0.107186585494,0.046503347184,0.0573345407028,0.0256847749497,1,0.4,30,20,15,10,20,0.00030204611393,1.8263573485e-06,0.00030204611393,0.109764521253,0.00845556501003,0.000828518573845,0.00030204611393,1.8263573485e-06,0.00030204611393,0.077766381075,0.724211553479,0.0777616234394
17,0.0364810218492,0.119125030086,0.106315826952,0.0823765421924,0.0443322846266,0.23268868824,0.116543464881,0.0828735437215,0.0430226583858,0.0949918367136,0.00113514245847,0.0401139598929,1,0.4,30,20,15,10,20,3.50203225798e-05,2.11754498868e-07,3.50203225798e-05,0.0854702255302,0.00197663334337,0.0110732977017,3.50203225798e-05,2.11754498868e-07,3.50203225798e-05,0.0796757379483,0.741992737176,0.079670863501
18,0.318307675958,0.0227109871332,0.0259225546419,0.0700571829848,0.0138068170773,0.0126631601223,0.0480736070569,0.035375149401,0.0670219134902,0.189272620001,0.196495643213,0.000292688919862,1,0.4,30,20,15,10,20,7.33018104004e-06,4.43228016879e-08,7.33018104004e-06,0.0263997085786,0.000468991122901,0.000168395735207,7.33018104004e-06,4.43228016879e-08,7.33018104004e-06,0.0860044501357,0.800929856551,0.0859991885069
19,0.028165757727,0.227926771029,0.0327528629365,0.0238254611247,0.285442762489,0.0760945417513,0.03689690412,0.0110179776498,0.0463230891366,0.0898373196985,0.0660611196938,0.0756554326434,1,0.4,30,20,15,10,20,1.88041909487e-05,1.13701751944e-07,1.88041909487e-05,0.0427773627809,0.00249495422354,0.00143270244903,1.88041909487e-05,1.13701751944e-07,1.88041909487e-05,0.0842617943466,0.784701102702,0.084256639331
20,0.0654820969986,0.0563092239563,0.00854501506751,0.0929428588516,0.0479409404336,0.0671171460078,0.0241589172998,0.00495878860819,0.314773496605,0.163983865764,0.00668637258286,0.147101277825,1,0.4,30,20,15,10,20,5.20998981154e-05,3.15028160903e-07,5.20998981154e-05,0.00761118856961,0.00077023103187,0.00466013748383,5.20998981154e-05,3.15028160903e-07,5.20998981154e-05,0.0872257365266,0.812303276558,0.0872204001813
21,0.0232821367328,0.025238472216,0.00453055474635,0.0606657725333,0.0123580494294,0.249596211262,0.016400044283,0.166591642676,0.149311566232,0.0240304980224,0.0550638468103,0.212931205056,1,0.4,30,20,15,10,20,4.62585973475e-05,2.79708048873e-07,4.62585973475e-05,0.00872214252598,0.00215795721769,0.00188936534081,4.62585973475e-05,2.79708048873e-07,4.62585973475e-05,0.087251860316,0.812546558422,0.0872465223724
22,0.0457514308327,0.00242923841247,0.0258087375841,0.0155516602155,0.0307826981629,0.195591581021,0.034901508763,0.0204901150012,0.254625946644,0.0291526577203,0.080459452189,0.264454973454,1,0.4,30,20,15,10,20,3.34010172609e-05,2.01963178828e-07,3.34010172609e-05,0.00813097093952,0.0028902203663,0.000147437187377,3.34010172609e-05,2.01963178828e-07,3.34010172609e-05,0.0873979295805,0.81390685123,0.0873925827006
23,0.111619272988,0.187024409287,0.00718608849697,0.0148074903586,0.0490654182212,0.231770845599,0.0722605385361,0.00918949435831,0.111638712549,0.0473045434564,0.135720530264,0.0224126558856,1,0.4,30,20,15,10,20,0.000103075437804,6.2325775635e-07,0.000103075437804,0.0229337140162,0.00677452872408,0.00137874785971,0.000103075437804,6.2325775635e-07,0.000103075437804,0.0856124946083,0.797279709566,0.0856072569588
24,0.0021405640584,0.174657611078,0.0922560902617,0.0161850775791,0.0681839371734,0.223915948558,0.0141463135533,0.142965882231,0.000679636966632,0.19525704456,0.0668086713481,0.00280322263247,1,0.4,30,20,15,10,20,5.2147434797e-05,3.15315597038e-07,5.2147434797e-05,0.0456835759551,0.00406183523133,0.00116111485615,5.2147434797e-05,3.15315597038e-07,5.2147434797e-05,0.0838785681399,0.781132248878,0.0838734365695
25,0.109427712847,0.00715224602233,0.0829855740401,0.0807394029628,0.00169722447579,0.0322058654798,0.00734970913334,0.133805596066,0.0636098815335,0.0586167589456,0.119712007352,0.302698021142,1,0.4,30,20,15,10,20,8.49808449674e-06,5.13846672843e-08,8.49808449674e-06,0.00860310112858,0.00140418485113,0.000227414476663,8.49808449674e-06,5.13846672843e-08,8.49808449674e-06,0.0874893180677,0.814757920772,0.0874839655968
26,0.0544732434966,0.0329700720366,0.150040172317,0.0926170090637,0.0220456601905,0.140815346598,0.0632458371198,0.185399997815,0.076141952222,0.0452010737229,0.0628027137925,0.0742469216261,1,0.4,30,20,15,10,20,0.000173886692538,1.0514263355e-06,0.000173886692538,0.0156443319266,0.00187077346242,0.0112159581648,0.000173886692538,1.0514263355e-06,0.000173886692538,0.085795637886,0.798985259905,0.085790389032
27,0.00321131452485,0.160013228339,0.0600072161386,0.129364655813,0.041765319233,0.120628158903,0.152828541327,0.0802808836269,0.0135790920563,0.0323221570421,0.0418687771078,0.164130655888,1,0.4,30,20,15,10,20,5.61231990881e-05,3.39355523374e-07,5.61231990881e-05,0.0403385494022,0.0052981697728,0.000876553705816,5.61231990881e-05,3.39355523374e-07,5.61231990881e-05,0.0842655087228,0.784735693409,0.0842603534799
28,0.0319011668735,0.00281370771001,0.112528020134,0.0731271892931,0.0760714873673,0.212009047873,0.0690338900877,0.0486261890351,0.0328152615422,0.311815578575,0.00291360365331,0.0263448578558,1,0.4,30,20,15,10,20,2.85370168336e-05,1.72552428238e-07,2.85370168336e-05,0.0313697074429,0.000570886536276,0.00136710951109,2.85370168336e-05,1.72552428238e-07,2.85370168336e-05,0.0854426257294,0.795697779136,0.0854373984722
29,0.0299588356519,0.155191810134,0.111180903284,0.0544682560864,0.000506614820229,0.0485688307431,0.0753938858229,0.00984053415668,0.2256624926,0.134401759542,0.051797075177,0.103029001981,1,0.4,30,20,15,10,20,4.64712373437e-05,2.80993801616e-07,4.64712373437e-05,0.014557346262,0.00586618708012,0.000405220199291,4.64712373437e-05,2.80993801616e-07,4.64712373437e-05,0.0865393675827,0.80591135871,0.0865340732284
30,0.140163827276,0.0384760871037,0.098613722808,0.0788197302206,0.0477406270751,0.0810178311489,0.0262721172037,0.0813142186015,0.250774269361,0.0491037192929,0.0395950145381,0.0681088353701,1,0.4,30,20,15,10,20,0.000102491287408,6.19725622288e-07,0.000102491287408,0.110755347385,0.00177470995464,0.000853845637156,0.000102491287408,6.19725622288e-07,0.000102491287408,0.0783378975612,0.7295338899,0.0783331049611
31,0.125536796349,0.00241165185535,0.00541842088698,0.281297484868,0.0100768489885,0.0391156813422,0.0773819863679,0.0734481549212,0.00676290200533,0.0302650066958,0.344598967286,0.00368609843302,1,0.4,30,20,15,10,20,4.38395123842e-05,2.65080767157e-07,4.38395123842e-05,0.00863310750818,0.00360786640634,0.00161973964154,4.38395123842e-05,2.65080767157e-07,4.38395123842e-05,0.087156255117,0.811656220093,0.0871509230224
32,0.00899950238196,0.0369619327403,0.0586929354095,0.123055565466,0.144873810683,0.152848628106,0.234916528333,0.0445513754994,0.0933601807082,0.038859685663,0.0180739765925,0.0448058784159,1,0.4,30,20,15,10,20,0.000270201315866,1.63380403206e-06,0.000270201315866,0.074682198483,0.0202357321614,0.00967882682216,0.000270201315866,1.63380403206e-06,0.000270201315866,0.0790551757264,0.736213654691,0.0790503392442
33,0.00748391799977,0.264305261219,0.0408742605125,0.0821681398829,0.0344622144628,0.0265563633095,0.0100772485047,0.245314844224,0.0853372557344,0.0594595241935,0.0673963781044,0.0765645918525,1,0.4,30,20,15,10,20,6.61487114275e-05,3.99975962735e-07,6.61487114275e-05,0.0508479966234,0.00390715852326,0.00459725774176,6.61487114275e-05,3.99975962735e-07,6.61487114275e-05,0.0831270110104,0.774133255884,0.0831219254192
34,0.0902533151702,0.15494808438,0.152655484313,0.0197251438485,0.0482733896598,0.0692439558614,0.115434804887,0.10034174655,0.00860192270234,0.104472277237,0.095307423613,0.0407424517784,1,0.4,30,20,15,10,20,6.20206773334e-05,3.75015319128e-07,6.20206773334e-05,0.0198995552847,0.000771335097472,0.00832550354917,6.20206773334e-05,3.75015319128e-07,6.20206773334e-05,0.0858118575516,0.799136308072,0.0858066077054
35,0.145515311798,0.0897895702396,0.00596784337039,0.00368103722611,0.0443866360575,0.0153940698912,0.261108316767,0.000759805447957,0.103588426249,0.13120744352,0.111681609009,0.0869199304241,1,0.4,30,20,15,10,20,2.58721229621e-05,1.56438834052e-07,2.58721229621e-05,0.0454869585508,0.000887032549074,0.000411790065466,2.58721229621e-05,1.56438834052e-07,2.58721229621e-05,0.0842521485566,0.784611274778,0.0842469941311
36,0.0271140945324,0.113297439521,0.0970292440609,0.0476173574125,0.189837390583,0.0638196176872,0.0538961351823,0.0525095588992,0.17191522971,0.0738298572177,0.0891411198993,0.0199929552935,1,0.4,30,20,15,10,20,9.65011610822e-05,5.8350561902e-07,9.65011610822e-05,0.00388588996048,0.00384540580141,0.00418931767291,9.65011610822e-05,5.8350561902e-07,9.65011610822e-05,0.08730907741,0.813079401534,0.087303735966
37,0.120912398903,0.090111586284,0.0509947398808,0.174333505765,0.0338238526743,0.0721433576743,0.00121099921342,0.135740824711,0.0365842888384,0.00439650731642,0.141610268096,0.138137670643,1,0.4,30,20,15,10,20,8.70185028658e-05,5.26167610954e-07,8.70185028658e-05,0.00895775332157,0.00495005134559,0.00199568351184,8.70185028658e-05,5.26167610954e-07,8.70185028658e-05,0.0869603661279,0.809831973329,0.0869550460176
38,0.113917164296,0.0301125012536,0.0788406596361,0.397970757838,0.0442366895299,0.00896754239429,0.0133435276064,0.00491121536161,0.0747038856644,0.0893657356862,0.0517924518107,0.0918378689227,1,0.4,30,20,15,10,20,7.22116229803e-05,4.36636070437e-07,7.22116229803e-05,0.0891246673456,0.000800248276418,0.00236990908025,7.22116229803e-05,4.36636070437e-07,7.22116229803e-05,0.0802128487542,0.746994665332,0.0802079414472
39,0.0864078206624,0.025280950067,0.0425846491938,0.120383110007,0.0923070477615,0.14583936655,0.0531829098204,0.197577407159,0.034646594443,0.169800598434,0.00100607849916,0.0309834674026,1,0.4,30,20,15,10,20,2.88617978018e-05,1.74516254556e-07,2.88617978018e-05,0.0594168694538,0.0106194045987,0.00098972268732,2.88617978018e-05,1.74516254556e-07,2.88617978018e-05,0.0821083247158,0.764646580874,0.0821033014463
40,0.0981327684135,0.304184031288,0.023991555234,0.0560546220782,0.0397958574861,0.0016701741871,0.18048761879,0.018330447335,0.0437251903572,0.149600211703,0.0736338731468,0.0103936499814,1,0.4,30,20,15,10,20,5.98755113769e-05,3.62044320901e-07,5.98755113769e-05,0.0234792107604,0.00337735709172,0.00615122799597,5.98755113769e-05,3.62044320901e-07,5.98755113769e-05,0.0854580222572,0.795841161702,0.0854527940581
41,0.00941321509682,0.214372324564,0.011449072522,0.13876672104,0.0118055185103,0.00559503728157,0.0207132534221,0.396068581714,0.0188477342586,0.0517136154514,0.0485868185848,0.0726681075548,1,0.4,30,20,15,10,20,7.88344015398e-05,4.76681479836e-07,7.88344015398e-05,0.100192024292,0.00498877960821,0.000101223334357,7.88344015398e-05,4.76681479836e-07,7.88344015398e-05,0.0790624695556,0.736281579614,0.0790576326272
42,0.0628407838325,0.137617392167,0.00446103308066,0.103235336529,0.0299663502858,0.00124104570825,0.0177917117088,0.0851037666164,0.0408979082383,0.0696489350796,0.167009000919,0.280186735835,1,0.4,30,20,15,10,20,8.51429451686e-06,5.14826830772e-08,8.51429451686e-06,0.014373019047,0.000479306517608,0.0014594402419,8.51429451686e-06,5.14826830772e-08,8.51429451686e-06,0.0869521176734,0.809755158309,0.0869467980676
43,0.13084359563,0.145343638285,0.0544360044206,0.132602287925,0.0196357959651,0.0194475734473,0.109526398967,0.0529969273772,0.0132485920682,0.0708537942319,0.00759992660579,0.243465465078,1,0.4,30,20,15,10,20,3.79508399753e-05,2.29474216929e-07,3.79508399753e-05,0.0225984417742,0.00153311037949,0.00147160778866,3.79508399753e-05,2.29474216929e-07,3.79508399753e-05,0.086120345965,0.802009154538,0.0861150772459
44,0.149866189412,0.111212151672,0.0277618839389,0.047964180446,0.210233647625,0.0352144391544,0.0262500076542,0.0124994207031,0.206499652433,0.1173232157,0.0192117765963,0.0359634346666,1,0.4,30,20,15,10,20,0.000118047106735,7.13785713212e-07,0.000118047106735,0.0844141379862,0.00896314107112,0.00157635866736,0.000118047106735,7.13785713212e-07,0.000118047106735,0.0799615616439,0.744654514923,0.0799566697103
45,0.017946759342,0.0147651273427,0.0577956357131,0.0268716979933,0.191430424256,0.0353612729849,0.126676983842,0.165301488115,0.0436249314212,0.174788948389,0.0520373853611,0.093399345239,1,0.4,30,20,15,10,20,4.52364192383e-05,2.73527328727e-07,4.52364192383e-05,0.0147025455528,0.00171971662124,0.00220816924308,4.52364192383e-05,2.73527328727e-07,4.52364192383e-05,0.086734130709,0.807725120703,0.0867288244394
46,0.0737893891316,0.00619835212624,0.0186761616856,0.0654711085741,0.00457804064065,0.143280255585,0.0772268342923,0.316300462437,0.0610009162187,0.021846198655,0.179172520252,0.0324597604024,1,0.4,30,20,15,10,20,8.37465358659e-05,5.06383277706e-07,8.37465358659e-05,0.0514657743858,0.00137175572588,0.00458043255183,8.37465358659e-05,5.06383277706e-07,8.37465358659e-05,0.0832917695071,0.775667595083,0.0832866738362
47,0.0139713465293,0.0677995867937,0.0327462861437,0.116666276555,0.0574782907083,0.247766700186,0.0388025719256,0.175753673087,0.0332312393515,0.15800009216,0.0243437515175,0.0334401850418,1,0.4,30,20,15,10,20,0.000160243943007,9.6893384608e-07,0.000160243943007,0.0508982268723,0.00716889272535,0.00157042688355,0.000160243943007,9.6893384608e-07,0.000160243943007,0.0830684344905,0.773587752906,0.0830633524829
48,0.060358859355,0.145347445716,0.269316887666,0.0283330998197,0.0993802035444,0.168296004964,0.0147770088364,0.0139672574919,0.0401067929382,0.00127006006723,0.0993640609323,0.0594823186692,1,0.4,30,20,15,10,20,5.33954837414e-05,3.22862071751e-07,5.33954837414e-05,0.0684846020327,0.00501374791282,0.00908745234001,5.33954837414e-05,3.22862071751e-07,5.33954837414e-05,0.0810777709667,0.755049388344,0.081072810745
49,0.0685006101976,0.0105890823696,0.120911404951,0.0704032214773,0.0561073294352,0.0250556624551,0.00803760552558,0.0107295207102,0.0110076930987,0.133726367528,0.135727071297,0.349204430955,1,0.4,30,20,15,10,20,2.17592591385e-06,1.3156991927e-08,2.17592591385e-06,0.00828489224321,0.000727482233556,7.91390472982e-05,2.17592591385e-06,1.3156991927e-08,2.17592591385e-06,0.0875926146184,0.815719886012,0.087587255828
50,0.0848299458598,0.0213298962057,0.0740931498254,0.00514817519441,0.0571715939718,0.104353255788,0.054795069243,0.109812346423,0.239403932692,0.146109462761,0.101937248189,0.00101592384762,1,0.4,30,20,15,10,20,3.03646085052e-05,1.83603176205e-07,3.03646085052e-05,0.0343920866636,0.00270855379159,0.00671710129738,3.03646085052e-05,1.83603176205e-07,3.03646085052e-05,0.0845129211905,0.787039760605,0.0845077508113
51,0.0973438828411,0.0345151953647,0.168824577788,0.0217128621144,0.0416497316087,0.294852346952,0.0061535865436,0.0669290683536,0.0368312477023,0.181827539133,0.0337510307421,0.015608930856,1,0.4,30,20,15,10,20,3.92897600647e-05,2.37570154707e-07,3.92897600647e-05,0.0475770177729,0.00178477311808,0.000708840179551,3.92897600647e-05,2.37570154707e-07,3.92897600647e-05,0.0839570188559,0.781862833407,0.083951882486
52,0.0337840467656,0.0431352983655,0.10091341115,0.0764908743824,0.0343602013486,0.117078020392,0.0447125261931,0.030853359038,0.137065328729,0.237238878443,0.0208242007408,0.123543854452,1,0.4,30,20,15,10,20,3.23005418913e-05,1.95309025089e-07,3.23005418913e-05,0.0115526380361,0.00237476676109,0.00156225044867,3.23005418913e-05,1.95309025089e-07,3.23005418913e-05,0.0870163538571,0.81035336779,0.0870110303215
53,0.00105212862457,0.0150367468732,0.0631222398277,0.0100384688654,0.00365618965108,0.085984198609,0.230378323234,0.28271759457,0.0271514339655,0.140288861002,0.0607749513239,0.0797988634535,1,0.4,30,20,15,10,20,2.62741390866e-05,1.58869671826e-07,2.62741390866e-05,0.00333026238579,0.00505545157562,0.000108176878066,2.62741390866e-05,1.58869671826e-07,2.62741390866e-05,0.0876368960954,0.816132264174,0.0876315345959
54,0.0189232763714,0.0025336291777,0.0226028758048,0.016703383483,0.0439219197974,0.0420843788723,0.353710920837,0.0515135767245,0.0559282790351,0.174258949689,0.196452484324,0.0213663258846,1,0.4,30,20,15,10,20,2.23759007579e-05,1.35298515338e-07,2.23759007579e-05,0.00464283782138,0.00323229096346,8.33042174701e-05,2.23759007579e-05,1.35298515338e-07,2.23759007579e-05,0.0876856115265,0.816585934224,0.0876802470467
55,0.00995934497803,0.118431504836,0.0416810124804,0.0816305531598,0.00600698916937,0.228210808285,0.332302211523,0.0358472710668,0.0207266633427,0.0163983700572,0.0610418497644,0.0477634213369,1,0.4,30,20,15,10,20,0.000177331228649,1.07225412818e-06,0.000177331228649,0.0388313494581,0.0203319365356,0.00460205149512,0.000177331228649,1.07225412818e-06,0.000177331228649,0.0826974898164,0.770133272769,0.0826924305026
56,0.00406019630645,0.0710462658229,0.024861337121,0.170673404815,0.081502313821,0.124907313329,0.130709385937,0.00324270531953,0.0820272568447,0.184597778544,0.0886238843209,0.0337481578182,1,0.4,30,20,15,10,20,1.34151346726e-05,8.11161894174e-08,1.34151346726e-05,0.0576413632789,0.000233886738934,3.18133284807e-05,1.34151346726e-05,8.11161894174e-08,1.34151346726e-05,0.083273477988,0.775497252458,0.0832683834362
57,0.0979419084741,0.00497164248757,0.0744863408355,0.0290466143175,0.00508185866091,0.0115167889081,0.0600589652638,0.387107849281,0.0290504641047,0.0613710109273,0.051900824657,0.187465732083,1,0.4,30,20,15,10,20,3.90684271584e-05,2.3623183926e-07,3.90684271584e-05,0.0208369719306,0.00188483309007,0.00023205572934,3.90684271584e-05,2.3623183926e-07,3.90684271584e-05,0.086354139836,0.804186396428,0.0863488568137
58,0.0229613360421,0.0152657964833,0.10943657003,0.204670402423,0.322867432798,0.011503516435,0.00543468428812,0.00912135559589,0.0265361745117,0.0377092189921,0.101999996612,0.132493515788,1,0.4,30,20,15,10,20,9.17609630043e-05,5.54843453895e-07,9.17609630043e-05,0.0389658829348,0.00160413049201,0.00358645071101,9.17609630043e-05,5.54843453895e-07,9.17609630043e-05,0.0844612044717,0.786558140595,0.0844560372565
59,0.0161441042012,0.332115263368,0.0387600874642,0.0836919832191,0.0312450194237,0.00835931509169,0.104039569014,0.0356061511568,0.0268462657204,0.267840698011,0.0277331670744,0.0276183762554,1,0.4,30,20,15,10,20,2.28311823871e-06,1.3805142925e-08,2.28311823871e-06,0.0445695022573,0.000416848276446,3.2721509491e-05,2.28311823871e-06,1.3805142925e-08,2.28311823871e-06,0.0844166864404,0.786143559484,0.0844115219487
60,0.00277636747807,0.0410552863097,0.0984338407707,0.0782585050341,0.0389979581424,0.0307818755119,0.0909780617316,0.206116693507,0.0863499209258,0.263957400176,0.0216837735478,0.0406103168652,1,0.4,30,20,15,10,20,3.77024858203e-05,2.27972514325e-07,3.77024858203e-05,0.0242032992248,0.00333767975563,8.23735194822e-05,3.77024858203e-05,2.27972514325e-07,3.77024858203e-05,0.0859418549845,0.800346929442,0.0859365971852
61,0.306280395353,0.0182887566126,0.0389369083909,0.0442356702449,0.196460867128,0.0587006676796,0.00597642051931,0.0166097238086,0.0124450781912,0.02897726144,0.183078633924,0.0900096167073,1,0.4,30,20,15,10,20,5.69009912468e-05,3.4405853513e-07,5.69009912468e-05,0.0369507879709,0.00164107675556,0.000848937406724,5.69009912468e-05,3.4405853513e-07,5.69009912468e-05,0.0848904184185,0.790555262422,0.0848852249445
62,0.0140717701873,0.0102191762844,0.143967757725,0.0306193183775,0.061630152479,0.0455546073726,0.15954890732,0.273663520099,0.0691483011301,0.0199851347277,0.0993982326824,0.0721931216156,1,0.4,30,20,15,10,20,0.000121329933814,7.33635713204e-07,0.000121329933814,0.0314700303771,0.01094126339,0.00191861417431,0.000121329933814,7.33635713204e-07,0.000121329933814,0.0844353857028,0.786317699282,0.0844302200671
63,0.165056674497,0.0273247345672,0.00970385626909,0.0677077246734,0.0933423116878,0.00257798426851,0.222909294719,0.0742302269918,0.024146526248,0.14359710721,0.028718110282,0.140685448586,1,0.4,30,20,15,10,20,2.88985265231e-05,1.74738339089e-07,2.88985265231e-05,0.00859932338478,0.00512271922563,0.000119140119894,2.88985265231e-05,1.74738339089e-07,2.88985265231e-05,0.0871632805126,0.811721645186,0.0871579479882
64,0.0322853494121,0.273070708932,0.0636926057853,0.00638571359202,0.0322045609141,0.0504623269452,0.0319549182512,0.0051245523909,0.143598982381,0.0619183828616,0.0295891177652,0.269712780769,1,0.4,30,20,15,10,20,1.62134480031e-05,9.80365200523e-08,1.62134480031e-05,0.00706604093786,0.000934630428875,0.000358288178617,1.62134480031e-05,9.80365200523e-08,1.62134480031e-05,0.0876523917202,0.816276569597,0.0876470292727
65,0.00355188276409,0.0050658961303,0.0189986511985,0.0210928091116,0.0177493916242,0.25699439499,0.00225856543496,0.41056734561,0.0665872394223,0.0559433400461,0.116206078667,0.0249844050017,1,0.4,30,20,15,10,20,0.000152153322117,9.20012955412e-07,0.000152153322117,0.0407346121731,0.00940387908712,0.00428753836256,0.000152153322117,9.20012955412e-07,0.000152153322117,0.0835319866001,0.77790465423,0.0835268762331
66,0.121988920908,0.000166188858958,0.096751142583,0.000489726204815,0.197096931444,0.242730240255,0.00597670007408,0.0419108277513,0.147111546424,0.0130356316394,0.0353236947042,0.0974184491541,1,0.4,30,20,15,10,20,9.87312241308e-05,5.96989957499e-07,9.87312241308e-05,0.0560937893495,0.0107594466527,0.00659989864082,9.87312241308e-05,5.96989957499e-07,9.87312241308e-05,0.0818689931916,0.762417768725,0.0818639845641
67,0.00431668792271,0.00738603374936,0.0988912007582,0.254917210674,0.158404968196,0.0501051836916,0.0137935086897,0.0369379392584,0.061320314403,0.0564597043829,0.0768412367172,0.180626011557,1,0.4,30,20,15,10,20,5.39660966498e-05,3.26312349806e-07,5.39660966498e-05,0.0559014217366,0.00134935514651,0.00200340563785,5.39660966498e-05,3.26312349806e-07,5.39660966498e-05,0.0831400149372,0.77425435698,0.0831349285504
68,0.243953987828,0.0654239002634,0.102205577119,0.0443321150335,0.152033148692,0.0340054364257,0.0880737862872,0.0133043018502,0.0279136562001,0.0841045156895,0.141054459777,0.00359511483476,1,0.4,30,20,15,10,20,6.01165174344e-05,3.63501592369e-07,6.01165174344e-05,0.0327760613606,0.00527292038357,0.00182189111844,6.01165174344e-05,3.63501592369e-07,6.01165174344e-05,0.0848512610255,0.790190603092,0.0848460699472
69,0.287793799403,0.029996575615,0.0627160116749,0.172017167116,0.0656655404165,0.0482619284197,0.0342182314219,0.00635310815746,0.0189800485302,0.162429341609,0.00672822829403,0.104840019342,1,0.4,30,20,15,10,20,4.10326136049e-05,2.48108523597e-07,4.10326136049e-05,0.0416713091049,0.00301012769433,0.00137174249077,4.10326136049e-05,2.48108523597e-07,4.10326136049e-05,0.0843115316234,0.78516428885,0.084306373565
70,0.0708229048592,0.189821342401,0.0383679607375,0.0164265065766,0.110815364016,0.101340039049,0.0111645536428,0.0407096478784,0.0251660159575,0.00287688870124,0.154145930257,0.238342845923,1,0.4,30,20,15,10,20,9.46181196432e-06,5.72119587514e-08,9.46181196432e-06,0.00141526926167,0.00210413501687,0.000345021758468,9.46181196432e-06,5.72119587514e-08,9.46181196432e-06,0.0880520897367,0.819998819718,0.0880467028362
71,0.0644134117909,0.0108164256965,0.102838021034,0.279725124614,0.152831976892,0.103326758293,0.101164639301,0.0227843750086,0.0263093367058,0.053119779151,0.0479759304724,0.0346942210416,1,0.4,30,20,15,10,20,3.34617146089e-05,2.0233019248e-07,3.34617146089e-05,0.106204026183,0.0126318670651,0.000296464975231,3.34617146089e-05,2.0233019248e-07,3.34617146089e-05,0.0778542329147,0.725029687439,0.0778494699045
72,0.116778972333,0.0476341565257,0.0176716509695,0.13502367113,0.148780030314,0.206150875624,0.0338730993158,0.122468319105,0.0116822205902,0.0180296234436,0.0485473988291,0.0933599818198,1,0.4,30,20,15,10,20,4.1485950841e-05,2.50849680508e-07,4.1485950841e-05,0.113341332489,0.00208404427808,0.00102128819347,4.1485950841e-05,2.50849680508e-07,4.1485950841e-05,0.0780887944213,0.727214078055,0.0780840170609
73,0.101978064525,0.083694549068,0.0894240074984,0.0398976088956,0.00275254034429,0.0620570427971,0.0385215127642,0.100562209437,0.157932906974,0.110612573115,0.0215811784678,0.190985806113,1,0.4,30,20,15,10,20,1.02913026998e-05,6.22275720313e-08,1.02913026998e-05,0.00100295216124,0.00228552414549,0.000467088533224,1.02913026998e-05,6.22275720313e-08,1.02913026998e-05,0.0880614185604,0.820085695844,0.0880560310892
74,0.058518069599,0.0103574229291,0.217200174672,0.101683403729,0.027807984999,0.00332935210354,0.220583201155,0.100265049631,0.12344686975,0.0823960204926,0.00529375092717,0.0491187000116,1,0.4,30,20,15,10,20,6.11421595438e-05,3.69703257999e-07,6.11421595438e-05,0.0229840130123,0.00969190160707,0.0126461436385,6.11421595438e-05,3.69703257999e-07,6.11421595438e-05,0.08436902857,0.785699738133,0.084363866994
75,0.0430347972029,0.042298679404,0.00642988263012,0.0601193881397,0.107152253063,0.176068898675,0.11827192824,0.174375449433,0.0667368104855,0.0236791410729,0.179300790535,0.00253198111822,1,0.4,30,20,15,10,20,6.25645616123e-05,3.78303979381e-07,6.25645616123e-05,0.0610986511345,0.00192721349925,0.00690789875917,6.25645616123e-05,3.78303979381e-07,6.25645616123e-05,0.0821929219928,0.765434406212,0.0821878935478
76,0.10969753227,0.048938752123,0.451416022161,0.0344495478079,0.053292191661,0.0203647275945,0.0417877185983,0.0421771632071,0.0513326226729,0.101794349099,0.0197779715891,0.0249714012165,1,0.4,30,20,15,10,20,0.000117839921401,7.12532942725e-07,0.000117839921401,0.0785067434151,0.0066334425238,0.00531882896915,0.000117839921401,7.12532942725e-07,0.000117839921401,0.0803589465183,0.748355223549,0.0803540302733
77,0.0691786016343,0.0406297952204,0.11021083125,0.143673357188,0.0570570056693,0.0496071373278,0.0521601230062,0.00278248374486,0.0141200707509,0.29714794047,0.0198224609084,0.14361019283,1,0.4,30,20,15,10,20,5.86607088389e-06,3.54698874493e-08,5.86607088389e-06,0.0251802685453,0.00224654151319,5.45589991448e-05,5.86607088389e-06,3.54698874493e-08,5.86607088389e-06,0.0859656969157,0.800568961145,0.0859604376578
78,0.138936887311,0.0628850528132,0.169435791648,0.0894395996701,0.090707535131,0.0244468139917,0.0042893277431,0.127701087279,0.0357800317783,0.0932939759748,0.0576467353686,0.10543716129,1,0.4,30,20,15,10,20,3.05287186413e-05,1.84595487442e-07,3.05287186413e-05,0.0475320306724,0.000996896453366,0.000312045254555,3.05287186413e-05,1.84595487442e-07,3.05287186413e-05,0.0840688242222,0.78290403832,0.0840636810122
79,0.0879384482433,0.0203932293044,0.0346890680477,0.0983211512826,0.013676748806,0.2494040769,0.0819240381571,0.0303754787498,0.0288932311087,0.00363897301256,0.152217910788,0.198527645599,1,0.4,30,20,15,10,20,1.70606635617e-05,1.0315930856e-07,1.70606635617e-05,0.0190934083135,0.00180107931439,0.00129513103014,1.70606635617e-05,1.0315930856e-07,1.70606635617e-05,0.0864295017937,0.804888216414,0.0864242141609
80,0.0276162609591,0.103939157008,0.16509043704,0.0765997619292,0.0883248837299,0.0372981356974,0.0211624122249,0.058952778299,0.152862476038,0.0515244689594,0.0624231312671,0.154206096848,1,0.4,30,20,15,10,20,3.11612677078e-05,1.8842026976e-07,3.11612677078e-05,0.0646993791543,0.00243839622509,0.000289465415768,3.11612677078e-05,1.8842026976e-07,3.11612677078e-05,0.0824256285989,0.767601522777,0.0824205859172
81,0.200957792931,0.0105744330797,0.0345718323766,0.0647476197011,0.0198844917322,0.142312815803,0.0101477326224,0.0982067246553,0.0901400548124,0.0558932141805,0.0529342593009,0.219629028805,1,0.4,30,20,15,10,20,6.10822800611e-06,3.69341189666e-08,6.10822800611e-06,0.0272378449984,0.000426142987682,0.000791731977278,6.10822800611e-06,3.69341189666e-08,6.10822800611e-06,0.0858794812879,0.799766064664,0.0858742273046
82,0.140222117146,0.0658123809942,0.113332728736,0.0549750067492,0.260301437629,0.0576814771928,0.0376400140817,0.00201486231502,0.0651710358197,0.0987384179035,0.0656751420587,0.0384353793739,1,0.4,30,20,15,10,20,7.52708919913e-05,4.55134300282e-07,7.52708919913e-05,0.0719493978112,0.000781105560678,0.00769688993378,7.52708919913e-05,4.55134300282e-07,7.52708919913e-05,0.0812608096805,0.756753964916,0.0812558382609
83,0.0776000754564,0.0498945365546,0.0656279692351,0.0283393015155,0.166963886353,0.0417677242097,0.00621410212807,0.0473075206026,0.0913403383559,0.180546383566,0.236772955778,0.00762520624561,1,0.4,30,20,15,10,20,1.54388992702e-05,9.3353120052e-08,1.54388992702e-05,0.0202441844142,0.0006823186345,0.000661191586221,1.54388992702e-05,9.3353120052e-08,1.54388992702e-05,0.0864832852717,0.805389083442,0.0864779943484
84,0.000304805078806,0.208678667708,0.135044757897,0.0100484194536,0.0277065645854,0.215189121782,0.00539498517576,0.0713320511746,0.0197416513311,0.0844000496623,0.18964735683,0.0325115693211,1,0.4,30,20,15,10,20,4.39672339996e-06,2.65853050925e-08,4.39672339996e-06,0.0357005544476,0.000502689078209,0.000242115264167,4.39672339996e-06,2.65853050925e-08,4.39672339996e-06,0.0851738277882,0.793194556382,0.0851686169756
85,0.057463621561,0.0494996288936,0.13595772669,0.043607861009,0.0646607978871,0.059880736045,0.0456325526931,0.0283614976563,0.00151755312569,0.047954534231,0.0190098416701,0.446453648538,1,0.4,30,20,15,10,20,1.68697621103e-05,1.02005000484e-07,1.68697621103e-05,0.00915559683501,0.00160290189983,0.000811869197705,1.68697621103e-05,1.02005000484e-07,1.68697621103e-05,0.0873682799282,0.813630734219,0.0873629348622
86,0.053979966076,0.101422506714,0.0796730555837,0.0447617107872,0.139948602381,0.00585430870131,0.0254682148103,0.417552436166,0.0023328786253,0.0272686585768,0.0220826896437,0.0796549719344,1,0.4,30,20,15,10,20,0.000295752131689,1.78830004471e-06,0.000295752131689,0.0738334427633,0.00685143814834,0.0143580719513,0.000295752131689,1.78830004471e-06,0.000295752131689,0.079890642082,0.743994065441,0.0798857544872
87,0.181593075396,0.0798721973355,0.0337258723143,0.149186804533,0.0191879661689,0.235120317293,0.0668358639621,0.0145564748369,0.0389609685562,0.025281653809,0.0783757503127,0.0773030554828,1,0.4,30,20,15,10,20,0.000180077255085,1.08885829996e-06,0.000180077255085,0.0775461456477,0.00518005137091,0.00273992592309,0.000180077255085,1.08885829996e-06,0.000180077255085,0.0807782305169,0.752259871184,0.0807732886207
88,0.0331932802834,0.0018099188237,0.0451696425357,0.0771399381668,0.0873544043891,0.131379320488,0.1597505683,0.0785306620967,0.00597579377542,0.352349655044,4.81307461255e-05,0.0272986853514,1,0.4,30,20,15,10,20,5.25788135202e-05,3.17923979218e-07,5.25788135202e-05,0.00959582950872,0.00245380397569,0.000496253383664,5.25788135202e-05,3.17923979218e-07,5.25788135202e-05,0.0872693824604,0.812709736125,0.0872640434449
89,0.0416997129681,0.121133685006,0.0494040723407,0.236598674992,0.00805693356548,0.0479325651722,0.0255201771793,0.0379766671921,0.0331548207194,0.0973686732436,0.0438940495575,0.257259968064,1,0.4,30,20,15,10,20,5.49685553733e-05,3.32373834367e-07,5.49685553733e-05,0.0207032615326,0.000122583343526,0.00415231973747,5.49685553733e-05,3.32373834367e-07,5.49685553733e-05,0.0861695582526,0.802467451642,0.0861642865227
90,0.0626993565987,0.277960120006,0.0257289196833,0.0246447539247,0.000654612019815,0.0629882075842,0.0838033428026,0.0288233253811,0.0181949029606,0.0888291162394,0.229316358554,0.096356984246,1,0.4,30,20,15,10,20,2.69010293356e-05,1.62660237439e-07,2.69010293356e-05,0.00377792811997,0.00249702643726,0.000215137160249,2.69010293356e-05,1.62660237439e-07,2.69010293356e-05,0.087813803694,0.817779743779,0.0878084313716
91,0.0635455060221,0.041229256522,0.337311277929,0.0614428563917,0.0479530843865,0.0331231010918,0.162939836897,0.0293399179427,0.0227861135521,0.00319379427873,0.164620680996,0.0325145739895,1,0.4,30,20,15,10,20,3.97966913997e-05,2.40635374639e-07,3.97966913997e-05,0.032187439846,0.00621884024568,0.00282007957743,3.97966913997e-05,2.40635374639e-07,3.97966913997e-05,0.0847386465641,0.789141863355,0.0847334623754
92,0.0106780748371,0.118095032717,0.037542854581,0.344211353241,0.0237655136896,0.051160211166,0.0944824911348,0.0565490153457,0.0211403872897,0.0855070667916,0.0422696029601,0.114598396246,1,0.4,30,20,15,10,20,7.18034357552e-05,4.34167918378e-07,7.18034357552e-05,0.0264783893132,0.00963084038252,0.000775230124078,7.18034357552e-05,4.34167918378e-07,7.18034357552e-05,0.0851111062767,0.792610452523,0.0851058993014
93,0.00175304836741,0.0220476607636,0.0349830334259,0.103293367582,0.0025856570298,0.309974198918,0.145020230251,0.124094164716,0.0416984874319,0.0420680358632,0.169418791262,0.00306332438943,1,0.4,30,20,15,10,20,5.9389444019e-05,3.5910525746e-07,5.9389444019e-05,0.0549954458703,0.00323953148108,0.00557421155582,5.9389444019e-05,3.5910525746e-07,5.9389444019e-05,0.0827354423839,0.770486711974,0.0827303807483
94,0.16206336874,0.00951478667656,0.194110726684,0.00573570191944,0.0138605464696,0.00732490730599,0.0563481434701,0.196748129226,0.122316017793,0.0781863832145,0.0879881478176,0.0658031406835,1,0.4,30,20,15,10,20,0.000125504347905,7.5887679892e-07,0.000125504347905,0.0155771041704,0.0048724968721,0.00467779869694,0.000125504347905,7.5887679892e-07,0.000125504347905,0.0861313502809,0.802111633946,0.0861260808885
