run_ID,t1_initial,t2_initial,t3_initial,t4_initial,t5_initial,t6_initial,t7_initial,t8_initial,t9_initial,t10_initial,t11_initial,t12_initial,alpha,prior_cost_c,lambda,k,sample_amount,learning_parameter,generations,t1_final,t2_final,t3_final,t4_final,t5_final,t6_final,t7_final,t8_final,t9_final,t10_final,t11_final,t12_final
0,0.136484099444,2.83730659031e-05,0.0670587645322,0.179444151745,0.188564907951,0.0809109373372,0.0390548226358,0.0236301180865,0.0181641835577,0.0472973284937,0.103846348068,0.115515965083,1,0.5,30,20,15,10,20,4.44835403548e-05,4.34409573778e-08,4.44835403548e-05,0.0457288568488,0.00233968416588,0.000790524054329,4.44835403548e-05,4.34409573778e-08,4.44835403548e-05,0.0481339867015,0.854697885253,0.0481310419333
1,0.145513826648,0.0345152178667,0.0313774072226,0.104337774034,0.158833132401,0.0105995507346,0.116806095843,0.123970812579,0.0328024428573,0.0302578133898,0.138449514299,0.0725364121248,1,0.5,30,20,15,10,20,0.000107581928785,1.05060477329e-07,0.000107581928785,0.0263719473199,0.0022914662771,0.00467592187865,0.000107581928785,1.05060477329e-07,0.000107581928785,0.0489067527129,0.868419613307,0.048903760668
2,0.116561249253,0.0287438026914,2.39439246361e-05,0.0512861646339,0.0575829128587,0.000514430728439,0.0485348421575,0.21393259883,0.0122132031004,0.246681340156,0.221250586698,0.00267492496831,1,0.5,30,20,15,10,20,8.77964377435e-06,8.57387087339e-09,8.77964377435e-06,0.014252928496,0.000883783105658,0.00100281643199,8.77964377435e-06,8.57387087339e-09,8.77964377435e-06,0.0497973527251,0.884233677324,0.0497943061946
3,0.126986873498,0.149535787547,0.00606664872835,0.114089748768,0.0132981820295,0.0227797503253,0.159705357805,0.0825218490879,0.0453290590619,0.157095257854,0.0525956841423,0.0699958011524,1,0.5,30,20,15,10,20,8.60527296261e-05,8.40358687755e-08,8.60527296261e-05,0.00149426656168,0.0035007872755,0.000280227505833,8.60527296261e-05,8.40358687755e-08,8.60527296261e-05,0.0503316053095,0.893720208263,0.0503285260942
4,0.0539569493125,0.118159870798,0.0906688994571,0.01847004555,0.076959860308,0.33202827669,0.158291463288,0.0073518181486,0.0412556981286,0.0119929733547,0.0192019988636,0.0716621461015,1,0.5,30,20,15,10,20,0.000171144912801,1.67133703907e-07,0.000171144912801,0.171926261824,0.00193721912235,0.0127618264986,0.000171144912801,1.67133703907e-07,0.000171144912801,0.0411351467298,0.730422001766,0.0411326301406
5,0.00908070907589,0.0265498447425,0.0343236103564,0.129924114888,0.00586549662351,0.0600499995895,0.0281204236405,0.128017275494,0.174338471571,0.0337621221649,0.0796173710719,0.290350560781,1,0.5,30,20,15,10,20,4.40791148355e-05,4.30460105815e-08,4.40791148355e-05,0.000192088635047,8.03747682865e-05,0.000883422049457,4.40791148355e-05,4.30460105815e-08,4.40791148355e-05,0.0505486151631,0.897573574161,0.0505455226714
6,0.141764320426,0.0172211608599,0.060948416456,0.00785587926852,0.0142611966386,0.232121809082,0.0440297252063,0.01265659104,0.302290932822,0.0853143451735,0.0548048494553,0.0267307735724,1,0.5,30,20,15,10,20,0.000195166122323,1.90591916331e-07,0.000195166122323,0.0423448194292,0.0108599120518,0.00425300976683,0.000195166122323,1.90591916331e-07,0.000195166122323,0.0476682329504,0.846427663452,0.0476653166763
7,0.00404015186355,0.0216011141107,0.0205939160562,0.00466274841571,0.0100530596532,0.180420292071,0.217498829801,0.0301983036051,0.088111252174,0.139500328824,0.254084154372,0.0292358490523,1,0.5,30,20,15,10,20,5.72809699728e-06,5.59384472391e-09,5.72809699728e-06,0.0163445761184,0.00012650515085,0.000498027793092,5.72809699728e-06,5.59384472391e-09,5.72809699728e-06,0.0497559807407,0.88349904988,0.0497529367412
8,0.0814985542671,0.00759060591892,0.134254695901,0.0142345990971,0.0696863362502,0.322511780388,0.0687044492697,0.00428885824407,0.0844911355376,0.114054721046,0.010913429846,0.0877708342346,1,0.5,30,20,15,10,20,0.000114264925576,1.11586841383e-07,0.000114264925576,0.0295003055132,0.00627853976931,0.00397416892247,0.000114264925576,1.11586841383e-07,0.000114264925576,0.0485807638993,0.862631147222,0.0485777917979
9,0.0888967689149,0.319003160238,0.0906067501115,0.0695504886738,0.0188458038053,0.0913608305018,0.031207087205,0.0174496863138,0.0381371169807,0.108275973426,0.112977078713,0.0136892551159,1,0.5,30,20,15,10,20,0.000219785258459,2.14634041464e-07,0.000219785258459,0.0229973744708,0.00385460983779,0.00473843373734,0.000219785258459,2.14634041464e-07,0.000219785258459,0.0489725477557,0.869587912211,0.0489695516855
10,0.00301413048248,0.0160461268653,0.206707036144,0.0363800115344,0.218601908448,0.0121065363108,0.102794809035,0.0954551247322,0.0809689210671,0.158474793506,0.0307554154404,0.0386951864341,1,0.5,30,20,15,10,20,8.213033131e-05,8.02054016699e-08,8.213033131e-05,0.0508349451083,0.00214712582545,0.00343428837908,8.213033131e-05,8.02054016699e-08,8.213033131e-05,0.0477438404666,0.847770198918,0.047740919567
11,0.000640227850285,0.142860793343,0.103241848151,0.160116729184,0.197673196577,0.142464051633,0.0167588404367,0.0171847222141,0.00673601215578,0.14329093121,0.000366567141029,0.0686660801046,1,0.5,30,20,15,10,20,6.4309648306e-05,6.28023909238e-08,6.4309648306e-05,0.0875292654047,0.00334999587027,0.00225734919235,6.4309648306e-05,6.28023909238e-08,6.4309648306e-05,0.0458888161985,0.81483120035,0.0458860087866
12,0.0295609896939,0.173660810707,0.198337361985,0.0493703010213,0.0160667315804,0.0121799989013,0.0275259614844,0.140882938008,0.0959684885621,0.0440871843071,0.0328590577819,0.179500175968,1,0.5,30,20,15,10,20,0.000102153571766,9.97593474282e-08,0.000102153571766,0.00724742015669,0.00260421997036,0.0021165981346,0.000102153571766,9.97593474282e-08,0.000102153571766,0.0499895728295,0.887646860564,0.0499865145392
13,0.0466358648038,0.00525517248889,0.00798854563067,0.0916716364372,0.0162823817079,0.107838076266,0.192781949532,0.0143951788055,0.231307825991,0.0991647410046,0.0838210117575,0.102857615575,1,0.5,30,20,15,10,20,8.75547555461e-05,8.5502690963e-08,8.75547555461e-05,0.0210732584256,0.00372388608729,0.00221197293079,8.75547555461e-05,8.5502690963e-08,8.75547555461e-05,0.0492312201129,0.874181064198,0.0492282082175
14,0.00600786598086,0.0172670854602,0.0118450357471,0.0300869726525,0.106090976265,0.0745969721672,0.0166943920942,0.113893582308,0.504553022425,0.0638605005494,0.00902069233631,0.0460829020137,1,0.5,30,20,15,10,20,8.63664484183e-07,8.43422347835e-10,8.63664484183e-07,2.92226304065e-05,0.000102585532083,1.56877030053e-05,8.63664484183e-07,8.43422347835e-10,8.63664484183e-07,0.0506084097151,0.898635324509,0.0506053135652
15,0.259906169388,0.0303249246265,0.00479758418277,0.107580362988,0.191462263022,0.0757009844868,0.064177825241,0.210250073533,0.0236079912998,0.00249713852391,0.00751301002682,0.0221816726809,1,0.5,30,20,15,10,20,0.000752332112433,7.34699328548e-07,0.000752332112433,0.297469318719,0.057431069562,0.00178702217655,0.000752332112433,7.34699328548e-07,0.000752332112433,0.0324095477082,0.575484679048,0.0324075649386
16,0.0706246229417,0.112543244288,0.0969492996423,0.0723700114124,0.112079808313,0.0741533281581,0.0543498315438,0.0916996378219,0.0687966636571,0.0142255317599,0.129655220148,0.102552800314,1,0.5,30,20,15,10,20,6.77893690282e-05,6.62005556916e-08,6.77893690282e-05,0.00674131524564,0.00390479366281,0.0028862110044,6.77893690282e-05,6.62005556916e-08,6.77893690282e-05,0.049917366112,0.886364711859,0.0499143122392
17,0.0192053836066,0.0853366788967,0.0617519647687,0.14255440186,0.0535397458459,0.0338795232989,0.0085245100786,0.050123057965,0.00275976155178,0.45968789064,0.0612307052789,0.0214063762098,1,0.5,30,20,15,10,20,1.99160110869e-05,1.94492295771e-08,1.99160110869e-05,0.00860324300858,0.000713027509969,0.00118548410077,1.99160110869e-05,1.94492295771e-08,1.99160110869e-05,0.0500804587313,0.889260688826,0.0500773948807
18,0.121220644801,0.0385086032685,0.351574655112,0.182393086647,0.00147244474237,0.060146814006,0.00350086625261,0.0808154815049,0.0286390055373,0.0546546253927,0.028068919801,0.0490048529335,1,0.5,30,20,15,10,20,0.000259646791548,2.53561319871e-07,0.000259646791548,0.0241361929364,0.0135219743461,0.00468444261639,0.000259646791548,2.53561319871e-07,0.000259646791548,0.0484202397976,0.859780778498,0.0484172775169
19,0.0418738788528,0.166259647633,0.0800662442055,0.160302821635,0.0207957706884,0.0362384002053,0.171428009901,0.045268406263,0.145288473057,0.0629038551047,0.044766358263,0.0248081341911,1,0.5,30,20,15,10,20,0.000192765414206,1.8824747481e-07,0.000192765414206,0.0694842507713,0.00339189803029,0.0182802954421,0.000192765414206,1.8824747481e-07,0.000192765414206,0.0459630239986,0.816148881559,0.0459602120468
20,0.09211915256,0.00968867646518,0.00643113144644,0.00641428572639,0.00472173708911,0.124276950413,0.185312932409,0.175230185992,0.134024864121,0.188813931412,0.0300020590733,0.0429640932915,1,0.5,30,20,15,10,20,5.04369564965e-05,4.92548403286e-08,5.04369564965e-05,0.00716708908479,0.00683125260109,0.000434152359419,5.04369564965e-05,4.92548403286e-08,5.04369564965e-05,0.0498753178106,0.885618075298,0.0498722665103
21,0.177861027859,0.0169703322899,0.185037539441,0.0379250274842,0.192854893541,0.13325711243,0.05116616591,0.122243996416,0.0179209805814,0.0174828834931,0.0290847789496,0.0181952616052,1,0.5,30,20,15,10,20,0.000257008639096,2.50984999117e-07,0.000257008639096,0.0905113054652,0.0314867438858,0.0201518393261,0.000257008639096,2.50984999117e-07,0.000257008639096,0.0433689239449,0.770086380155,0.0433662706964
22,0.0182361499382,0.0514651689147,0.0243509742024,0.191225843238,0.0542762291801,0.279507983307,0.149693739022,0.0591153018159,0.0325984731872,0.0325134649811,0.019055947232,0.0879607249823,1,0.5,30,20,15,10,20,0.000240366577999,2.34732986327e-07,0.000240366577999,0.0691360939918,0.0135229401006,0.00208650153942,0.000240366577999,2.34732986327e-07,0.000240366577999,0.0462778766341,0.821739606536,0.04627504542
23,0.00693929003529,0.0163062305396,0.0385058184639,0.204484053041,0.00864561865419,0.297062908725,0.148927948353,0.127854873333,0.0621217131144,0.0322982301562,0.0491896073418,0.00766370824246,1,0.5,30,20,15,10,20,1.66045831696e-07,1.62154132516e-10,1.66045831696e-07,5.00314642365e-06,2.48832973755e-05,3.30232554816e-07,1.66045831696e-07,1.62154132516e-10,1.66045831696e-07,0.0506144872362,0.898743240865,0.0506113907145
24,0.108194536678,0.154527028726,0.116878815061,0.0794277235818,0.0165324404611,0.10242485129,0.0607096575324,0.0274682605273,0.0256260865868,0.157408873722,0.121371664384,0.0294300614483,1,0.5,30,20,15,10,20,3.86568341914e-05,3.775081464e-08,3.86568341914e-05,0.0159815945647,0.0007520193531,0.00346447741933,3.86568341914e-05,3.775081464e-08,3.86568341914e-05,0.0495858722656,0.880478494886,0.0495828386731
25,0.0172443292955,0.0686453556598,0.162762821941,0.202364163909,0.041769610341,0.0495221296894,0.129629094677,0.0300851628687,0.164809866891,0.043009383501,0.0388886329826,0.0512694482441,1,0.5,30,20,15,10,20,0.000550814526405,5.37904810943e-07,0.000550814526405,0.0409126686384,0.0140233738449,0.00304284961269,0.000550814526405,5.37904810943e-07,0.000550814526405,0.0475698131236,0.844680057994,0.0475669028707
26,0.162582756721,0.0140268113462,0.00222422892298,0.277257206021,0.0815236860348,0.0332753219004,0.116970892044,0.0303324186128,0.0574226207655,0.121056664574,0.0990149423931,0.00431245066388,1,0.5,30,20,15,10,20,0.000169358710077,1.6538936531e-07,0.000169358710077,0.0493198760965,0.000258834798428,0.00880044624699,0.000169358710077,1.6538936531e-07,0.000169358710077,0.0476268221455,0.845692346689,0.0476239084049
27,0.0501060205777,0.158452331673,0.0172953690606,0.0164904882558,0.0167410921352,0.0802270313009,0.115027431181,0.0504279321132,0.10770628455,0.238768140317,0.0571094205671,0.0916484582698,1,0.5,30,20,15,10,20,1.01591356839e-05,9.92103094133e-09,1.01591356839e-05,0.0168741035203,0.00358669193188,0.000365152324849,1.01591356839e-05,9.92103094133e-09,1.01591356839e-05,0.0495598652335,0.880016697373,0.0495568332321
28,0.100567312784,0.0527079931482,0.142278711783,0.0335433515753,0.0344774246137,0.168383963376,0.0125339206523,0.144276582812,0.028749390818,0.05736880582,0.0125911979727,0.212521344645,1,0.5,30,20,15,10,20,2.55581889145e-05,2.49591688619e-08,2.55581889145e-05,0.0223332168984,0.00599574282009,0.000961064059766,2.55581889145e-05,2.49591688619e-08,2.55581889145e-05,0.0491283278573,0.872354043434,0.0491253222568
29,0.0306637498687,0.0562266552307,0.144179965976,0.21649072404,0.0119219759675,0.0991731315339,0.0344160965673,0.043498011233,0.177823023477,0.129427391099,0.0346556675963,0.0215236074111,1,0.5,30,20,15,10,20,7.32917460248e-05,7.15739707274e-08,7.32917460248e-05,0.113470728217,0.00295978242458,0.00070857688424,7.32917460248e-05,7.15739707274e-08,7.32917460248e-05,0.0446720861707,0.793226162975,0.0446693531966
30,0.00793909882845,0.00831311775705,0.190263364037,0.0802876982625,0.0472964066634,0.0109150738312,0.0676357222167,0.24705914971,0.0119228953001,0.245810515077,0.0334653001395,0.0490916581779,1,0.5,30,20,15,10,20,5.02577482706e-05,4.90798322955e-08,5.02577482706e-05,0.0113673649085,0.00257413916817,0.00188064865461,5.02577482706e-05,4.90798322955e-08,5.02577482706e-05,0.0498050150776,0.88436973496,0.0498019680783
31,0.18521357644,0.259829380551,0.0183268821681,0.0152977700029,0.00677237911302,0.0143295116102,0.129173731302,0.0896466363228,0.0174299587966,0.0037561580797,0.21008799942,0.0501360161934,1,0.5,30,20,15,10,20,0.000104323241825,1.01878165845e-07,0.000104323241825,0.0251020760512,0.000931296906699,0.00692068164282,0.000104323241825,1.01878165845e-07,0.000104323241825,0.0489269141987,0.868777613557,0.0489239209203
32,0.0875944673251,0.273619866945,0.0794577915634,0.235909499944,0.0468811336245,0.0168968853207,0.0723593305618,0.0314245147988,0.00637046328392,0.0858489080411,0.0230936159051,0.0405435226862,1,0.5,30,20,15,10,20,0.000132923724844,1.29808325043e-07,0.000132923724844,0.0547889317061,0.0176868142771,0.000267322689617,0.000132923724844,1.29808325043e-07,0.000132923724844,0.0469071580588,0.832913530406,0.0469042883462
33,0.114293505743,0.0357505739738,0.115020801861,0.163475596177,0.009385912805,0.0405648224711,0.0794545086592,0.0315313490121,0.134588802101,0.0148807519963,0.251836233103,0.0092171420969,1,0.5,30,20,15,10,20,8.71745138192e-05,8.51313611516e-08,8.71745138192e-05,0.0229748976303,0.00636542889063,0.00134367945528,8.71745138192e-05,8.51313611516e-08,8.71745138192e-05,0.0490452887929,0.87087954864,0.0490422882725
34,0.0482019465261,0.0449748065185,0.00948099093375,0.0516625584536,0.0274890097268,0.153302388712,0.286755841522,0.0528428459428,0.0453465342016,0.00620508462083,0.0759524614565,0.197785531386,1,0.5,30,20,15,10,20,5.08361897213e-05,4.96447165247e-08,5.08361897213e-05,0.0492172727752,0.00177490427636,0.000465537100004,5.08361897213e-05,4.96447165247e-08,5.08361897213e-05,0.0480011665367,0.852339445369,0.0479982298943
35,0.12949078453,0.0813363362857,0.0748604568489,0.00432755687009,0.0095761324238,0.293645569516,0.0573622412396,0.143933758805,0.00373511588055,0.126961665692,0.0589313072497,0.0158390746588,1,0.5,30,20,15,10,20,1.4098224372e-05,1.37677972383e-08,1.4098224372e-05,0.0100874371069,0.0113431117208,0.000241718870335,1.4098224372e-05,1.37677972383e-08,1.4098224372e-05,0.0495162299479,0.879241881305,0.049513200616
36,0.137172736562,0.0916630567986,0.113499148843,0.148687757584,0.00851662455635,0.0057907578932,0.0299980407598,0.0126487549865,0.12924551099,0.0379418852891,0.0692686988349,0.215567026903,1,0.5,30,20,15,10,20,5.40280336496e-05,5.2761751611e-08,5.40280336496e-05,0.0335378256314,0.00194675001026,0.0018055819149,5.40280336496e-05,5.2761751611e-08,5.40280336496e-05,0.0487176257446,0.865061353771,0.0487146452702
37,0.0166144949054,0.0311799425096,0.0224634764359,0.190110110179,0.0845732829855,0.093586300001,0.110582994961,0.0572653863535,0.0261157115677,0.19676219316,0.00750655113537,0.163239555806,1,0.5,30,20,15,10,20,9.25644681113e-05,9.03949883899e-08,9.25644681113e-05,0.022413175935,0.00229513224042,0.00197763218028,9.25644681113e-05,9.03949883899e-08,9.25644681113e-05,0.0492465632779,0.87445350726,0.0492435504438
38,0.00191819752995,0.0522528505516,0.00954837307318,0.343627100491,0.0559974599874,0.00101945896364,0.0908779469933,0.0384755875668,0.00663062839266,0.14330450522,0.0551116854004,0.20123620583,1,0.5,30,20,15,10,20,3.23023768266e-05,3.15452898697e-08,3.23023768266e-05,0.0120543218423,0.000732318620949,0.00521219380955,3.23023768266e-05,3.15452898697e-08,3.23023768266e-05,0.0496984771502,0.88247797931,0.0496954366687
39,0.0730556445089,0.00320160265308,0.188405860515,0.240719888313,0.224265083073,0.000779742177471,0.068560775061,0.0581585003346,0.0444354437439,0.0381922815985,0.0531592187751,0.00706595924675,1,0.5,30,20,15,10,20,0.000167537016486,1.63610367663e-07,0.000167537016486,0.0340753175321,0.014447429493,0.020583975927,0.000167537016486,1.63610367663e-07,0.000167537016486,0.0470842041425,0.83605727402,0.0470813235985
40,0.122663953306,0.0704759012484,0.271644792416,0.0260333129044,0.028468476713,0.0626727531255,0.0413578376067,0.0811252268139,0.0393830037988,0.0380388441116,0.00447825052107,0.213657647435,1,0.5,30,20,15,10,20,7.28416248266e-05,7.11343992447e-08,7.28416248266e-05,0.00878074133065,0.00139625581638,0.00485792238323,7.28416248266e-05,7.11343992447e-08,7.28416248266e-05,0.0498402870538,0.884996046751,0.0498372378966
41,0.000321591001735,0.139504662171,0.0121306243698,0.0300130438044,0.109716846987,0.0365008643723,0.0679799513053,0.301917905411,0.130973344866,0.00333643887597,0.122036912851,0.0455678139843,1,0.5,30,20,15,10,20,7.71798013354e-05,7.53708997416e-08,7.71798013354e-05,0.0824481936199,0.00485331611469,0.0037981581092,7.71798013354e-05,7.53708997416e-08,7.71798013354e-05,0.0459893111713,0.816615653427,0.0459864976112
42,0.11746940579,0.110248686798,0.0489949234341,0.271806953332,0.275765488824,0.0182403449449,0.0169065864342,0.00557637183145,0.0130549451795,0.0164979778165,0.074359058994,0.0310792566228,1,0.5,30,20,15,10,20,0.000250964035864,2.45082066274e-07,0.000250964035864,0.0288539630115,0.0146255350987,0.0100261501849,0.000250964035864,2.45082066274e-07,0.000250964035864,0.04785696969,0.849778993838,0.0478540418693
43,0.0196526174002,0.083565511905,0.0771503885567,0.0603281065328,0.00593492636524,0.0916235661509,0.0640721209129,0.0651873570924,0.0866012024477,0.192740596498,0.182609132802,0.0705344733354,1,0.5,30,20,15,10,20,2.45070868876e-05,2.39327020387e-08,2.45070868876e-05,0.0142593826632,0.00227546777673,0.000261451161431,2.45070868876e-05,2.39327020387e-08,2.45070868876e-05,0.0497609236422,0.883586819203,0.0497578793403
44,0.0459083966322,0.0681054881836,0.0258254478119,0.0500729215069,0.0624031705732,0.0204721180804,0.0142259735771,0.0149900349087,0.54857756791,0.117356609998,0.0319829964874,7.92743298141e-05,1,0.5,30,20,15,10,20,0.000145497898693,1.42087791693e-07,0.000145497898693,0.093512819419,0.00697139638944,0.00104235705867,0.000145497898693,1.42087791693e-07,0.000145497898693,0.045447703699,0.80699852439,0.0454449232737
45,0.101878647645,0.125975659724,0.0889482425619,0.0555577321463,0.0847231082745,0.0813043252493,0.054274070843,0.013736045521,0.0883985067217,0.17160098508,0.000636822336115,0.132965853897,1,0.5,30,20,15,10,20,1.21050473062e-05,1.18213352599e-08,1.21050473062e-05,0.0362491794058,0.00126454157992,0.00111352989016,1.21050473062e-05,1.18213352599e-08,1.21050473062e-05,0.0486584394103,0.864010403325,0.0486554625568
46,0.0177118862538,0.25914349315,0.0170748843319,0.110031438779,0.0922232536015,0.0473120350932,0.118823253553,0.00660487839244,0.00891197980174,0.0928923874717,0.132986300766,0.0962842088051,1,0.5,30,20,15,10,20,1.80386880226e-05,1.76159062721e-08,1.80386880226e-05,0.0362611944348,0.000366846525271,0.00166173964487,1.80386880226e-05,1.76159062721e-08,1.80386880226e-05,0.0486743188861,0.864292369464,0.0486713410611
47,0.0492975630138,0.0313997965428,0.19798880703,0.187751793372,0.0272237477865,0.0702329162698,0.0678502604452,0.0117469042183,0.102678422655,0.107322188789,0.0557868944399,0.090720705438,1,0.5,30,20,15,10,20,5.26395036746e-05,5.14057653073e-08,5.26395036746e-05,0.0437391596572,0.00347540576724,0.00270362240852,5.26395036746e-05,5.14057653073e-08,5.26395036746e-05,0.0480787259935,0.853716640741,0.0480757846061
48,0.0692464669683,0.154239746104,0.0510934328046,0.0220509091406,0.45417307025,0.0189456935631,0.0243319368466,0.0157354920685,0.0773131857749,0.00191099205509,0.101478433249,0.00948064117574,1,0.5,30,20,15,10,20,9.51566059443e-05,9.29263729925e-08,9.51566059443e-05,0.129804683789,0.00919211094677,0.00185066040619,9.51566059443e-05,9.29263729925e-08,9.51566059443e-05,0.0434676332295,0.77183912541,0.0434649739421
49,0.0588153430171,0.0666195715146,0.210749404233,0.00416304326539,0.0592492167271,0.0232453470325,0.158665703821,0.00869867529567,0.0704193792648,0.101436063984,0.066799435522,0.171138816324,1,0.5,30,20,15,10,20,2.82593667155e-05,2.75970378081e-08,2.82593667155e-05,0.0167179252752,0.00226012556147,0.0012544785748,2.82593667155e-05,2.75970378081e-08,2.82593667155e-05,0.0495862352891,0.880484940964,0.0495832016744
50,0.141906335155,0.0307709811092,0.0574035664266,0.0180082304673,0.140679825057,0.135712672817,0.101618003852,0.161775388215,0.0974771249312,0.0239524337816,0.078480042449,0.0122153957393,1,0.5,30,20,15,10,20,0.000141274943218,1.37963811736e-07,0.000141274943218,0.143743361969,0.0100004241229,0.0040517266056,0.000141274943218,1.37963811736e-07,0.000141274943218,0.0426004476239,0.756440822588,0.0425978413897
51,0.0926328215573,0.147260789942,0.065740881738,0.0158446458534,0.0438474254777,0.218646589139,0.0559661507336,0.0943739359581,0.0075751331546,0.00583000922125,0.0195855931287,0.232696024096,1,0.5,30,20,15,10,20,6.19998245642e-08,6.05467036759e-11,6.19998245642e-08,2.72592346969e-06,1.13974633002e-05,7.94535038627e-08,6.19998245642e-08,6.05467036759e-11,6.19998245642e-08,0.0506153188692,0.898758007874,0.0506122222966
52,0.057477150544,0.154149031225,0.00452056290737,0.0769153758272,0.0562073918372,0.0566626841541,0.0847474447637,0.181935781885,0.139911934296,0.0173076945077,0.140518200499,0.0296467475548,1,0.5,30,20,15,10,20,8.25902371224e-05,8.06545284398e-08,8.25902371224e-05,0.010288140906,0.000943647787179,0.0109418709711,8.25902371224e-05,8.06545284398e-08,8.25902371224e-05,0.0494769775152,0.878544889978,0.0494739505847
53,0.0772891936243,0.0160274527901,0.0966943755846,0.119584259619,0.184506009951,0.189617013821,0.0645468122127,0.0140593882792,0.0392566049323,0.0206317155835,0.170363590413,0.00742358318957,1,0.5,30,20,15,10,20,2.74485648582e-05,2.68052391193e-08,2.74485648582e-05,0.0564019953163,0.0050342582451,0.000901845214159,2.74485648582e-05,2.68052391193e-08,2.74485648582e-05,0.04745518191,0.842644592774,0.0474522786701
54,0.0968677499226,0.0338881670211,0.172248314463,0.111872937222,0.0666921689761,0.0885736217538,0.0315036859065,0.00194544526996,0.0882222437033,0.211250337872,0.0588493618745,0.0380859660144,1,0.5,30,20,15,10,20,4.86715433375e-05,4.75308040405e-08,4.86715433375e-05,0.0155767529397,0.00172424626689,0.00158063055482,4.86715433375e-05,4.75308040405e-08,4.86715433375e-05,0.0496504777408,0.881625671067,0.0496474401959
55,0.00475301221005,0.134564416836,0.00637464116441,0.0491868359296,0.0843598509112,0.1643538115,0.115468476409,0.012110551554,0.063629196457,0.0973904666617,0.0709828881674,0.196825852199,1,0.5,30,20,15,10,20,2.94254599338e-05,2.87358007166e-08,2.94254599338e-05,0.0173458821743,0.00159403168297,0.000448144628722,2.94254599338e-05,2.87358007166e-08,2.94254599338e-05,0.0496287428646,0.881239732689,0.0496257066493
56,0.0495517901249,0.0331444369941,0.0935740054367,0.0161013112912,0.0734212954133,0.0265894356972,0.0944587419408,0.07010146973,0.200153237833,0.143162127911,0.0734127352884,0.12632941234,1,0.5,30,20,15,10,20,1.49292906744e-05,1.45793854242e-08,1.49292906744e-05,0.0209799411298,0.00122526798192,0.000953400331501,1.49292906744e-05,1.45793854242e-08,1.49292906744e-05,0.049440828856,0.877903011242,0.0494378041371
57,0.215574301351,0.00414327016106,0.0376802286227,0.136287777036,0.0298274669874,0.0915201135389,0.018375022379,0.179464162181,0.0469394424012,0.0769784942094,0.121399518504,0.0418102026282,1,0.5,30,20,15,10,20,0.000109678911878,1.07108312381e-07,0.000109678911878,0.0430707621024,0.0040236351496,0.0047610130951,0.000109678911878,1.07108312381e-07,0.000109678911878,0.0479691173642,0.851770359742,0.0479661826824
58,0.0614027502413,0.0334988436592,0.316998346888,0.0815193174415,0.00954251309212,0.0717613277138,0.0107923473238,0.204907455219,0.117727411602,0.0584637301132,0.0225034440859,0.0108825126205,1,0.5,30,20,15,10,20,0.000367170309153,3.58564755032e-07,0.000367170309153,0.0797505132401,0.0135346476719,0.0184169069287,0.000367170309153,3.58564755032e-07,0.000367170309153,0.0448877576915,0.797055764579,0.0448850115229
59,0.0437562729133,0.129900131159,0.0385933403118,0.0262315679135,0.00134018343159,0.109716236822,0.206209355353,0.134048404209,0.00760049453051,0.0314955391698,0.0626508715805,0.208457602606,1,0.5,30,20,15,10,20,8.09508501833e-05,7.90535646322e-08,8.09508501833e-05,0.0121620242652,0.00230075818781,0.00210615626445,8.09508501833e-05,7.90535646322e-08,8.09508501833e-05,0.0497609984319,0.883588147217,0.0497579541254
60,0.194313124988,0.00679620496401,0.0188740224273,0.0476422526912,0.0600980318376,0.0779278393439,0.119835726373,0.222245436683,0.0260896399866,0.0179413749517,0.147259569339,0.0609767764148,1,0.5,30,20,15,10,20,7.10236630431e-05,6.93590459405e-08,7.10236630431e-05,0.00807081521588,0.00286287391677,0.00513878532074,7.10236630431e-05,6.93590459405e-08,7.10236630431e-05,0.0497881383735,0.884070061396,0.0497850924066
61,0.0584997666959,0.0919208464851,0.0395495183356,0.167338826088,0.00341824612272,0.0395267248458,0.00432726899878,0.262830016561,0.00708595871796,0.27948706432,0.0111964065717,0.0348193562586,1,0.5,30,20,15,10,20,3.07614097985e-05,3.00404392563e-08,3.07614097985e-05,0.0253180276978,0.00159913914744,0.00164298802372,3.07614097985e-05,3.00404392563e-08,3.07614097985e-05,0.0491642169584,0.87299131329,0.0491612091622
62,0.0936374698188,0.000860417745393,0.0374919046562,0.261645837842,0.0504947401033,0.0783290200042,0.0282509169613,0.216429865631,0.0512382403352,0.13118351234,0.0368806445453,0.0135574300168,1,0.5,30,20,15,10,20,3.61121903636e-05,3.5265810902e-08,3.61121903636e-05,0.0733806145576,0.00672188152788,0.000544010079359,3.61121903636e-05,3.5265810902e-08,3.61121903636e-05,0.0465267277098,0.826158365561,0.0465238812714
63,0.293027100605,0.082528228025,0.0592392842063,0.0189387231096,0.0774576250883,0.00208028042247,0.0225200984378,0.0573029698715,0.0135682824168,0.119040415727,0.163388596117,0.0909083959732,1,0.5,30,20,15,10,20,6.92093791657e-05,6.75872843415e-08,6.92093791657e-05,0.0228429795319,0.00107413443084,0.00236555715083,6.92093791657e-05,6.75872843415e-08,6.92093791657e-05,0.0492717060524,0.874899958463,0.0492686916802
64,0.0102986236701,0.175033230929,0.201859591223,0.00297037455697,0.138656210632,0.112827846232,0.0168116877401,0.00388498765695,0.0885333423832,0.236836036678,0.00679817655475,0.00548989174359,1,0.5,30,20,15,10,20,2.48545289747e-05,2.42720009519e-08,2.48545289747e-05,0.0560935619038,0.00243910696273,0.000448213803106,2.48545289747e-05,2.42720009519e-08,2.48545289747e-05,0.0476256363852,0.845671291568,0.0476227227171
65,0.00741279860608,0.221876366979,0.0108927177735,0.1582409913,0.0313335807886,0.115391004618,0.153259992355,0.126765650644,0.0204930644231,0.079218631661,0.0556943329155,0.0194208679366,1,0.5,30,20,15,10,20,0.000398377434584,3.89040463461e-07,0.000398377434584,0.0272663993376,0.00766334119794,0.00730052235299,0.000398377434584,3.89040463461e-07,0.000398377434584,0.0483978246559,0.85938276089,0.0483948637464
66,0.017168226968,0.0598397502271,0.000908074314598,0.199030319446,0.0873978534963,0.104813209995,0.0327074799831,0.103782033759,0.134749894799,0.0175561663557,0.0660506686476,0.175996322008,1,0.5,30,20,15,10,20,5.15391578242e-05,5.03312088127e-08,5.15391578242e-05,0.028831096591,0.00489895651765,0.00217727575348,5.15391578242e-05,5.03312088127e-08,5.15391578242e-05,0.0487881232257,0.86631315218,0.0487851384383
67,0.0455019690318,0.171109818665,0.0815361000907,0.0132714042791,0.0138498842802,0.0922576546392,0.042072956744,0.0858903460618,0.0712172995737,0.180123949686,0.122897985037,0.0802706319103,1,0.5,30,20,15,10,20,4.36819881154e-06,4.2658191519e-09,4.36819881154e-06,0.0393898449177,9.00299930214e-05,0.000186272058351,4.36819881154e-06,4.2658191519e-09,4.36819881154e-06,0.048607421793,0.86310450185,0.0486044480608
68,0.208358401424,0.0522525788419,0.124650757571,0.0732142784181,0.0299784365967,0.142778671144,0.0500183592869,0.0922279557047,0.0514108023792,0.0404836087036,0.128293402185,0.00633274774571,1,0.5,30,20,15,10,20,5.04292254817e-05,4.92472905094e-08,5.04292254817e-05,0.0390871875466,0.00734883376335,0.00036937934208,5.04292254817e-05,4.92472905094e-08,5.04292254817e-05,0.0482367307068,0.856522273592,0.0482337796529
69,0.0305222894401,0.11493514944,0.116386773763,0.152779952648,0.0583665398247,0.161484847729,0.011794908895,0.174902056547,0.000713345477308,0.0560605287803,0.0749208477462,0.0471327597088,1,0.5,30,20,15,10,20,0.000112547675262,1.09909839123e-07,0.000112547675262,0.0647002330503,0.0125190661338,0.00189714916795,0.000112547675262,1.09909839123e-07,0.000112547675262,0.0465886901873,0.827258610982,0.0465858399581
70,0.054062760337,0.0869252065866,0.105592182753,0.00461747797979,0.0716659082665,0.0814383688136,0.0777333844137,0.0594251360371,0.0174825363618,0.0608420043121,0.323014191642,0.0572008424974,1,0.5,30,20,15,10,20,1.14599360724e-05,1.11913438207e-08,1.14599360724e-05,0.0251573179147,0.0006149148099,4.97545659021e-05,1.14599360724e-05,1.11913438207e-08,1.14599360724e-05,0.049306721952,0.875521723193,0.0493037054375
71,0.136362929277,0.0074673118985,0.0156027246939,0.0684271841537,0.06155347415,0.0091628513608,0.0604097932672,0.212544631038,0.111769119579,0.114519768987,0.199564630179,0.00261558141485,1,0.5,30,20,15,10,20,1.0235061544e-05,9.9951772891e-09,1.0235061544e-05,0.0372237152567,0.000400034198022,0.000578039586623,1.0235061544e-05,9.9951772891e-09,1.0235061544e-05,0.0486803533979,0.86439952212,0.0486773752038
72,0.083353278866,0.056110673613,0.0125372404474,0.112452552263,0.201127179156,0.00353399980254,0.052698962453,0.0631782037525,0.000359728306644,0.245466302168,0.0785691893718,0.0906126897999,1,0.5,30,20,15,10,20,2.85627397435e-05,2.78933005308e-08,2.85627397435e-05,0.0160699152282,0.00136391453363,0.00227917839809,2.85627397435e-05,2.78933005308e-08,2.85627397435e-05,0.0496124699508,0.880950780413,0.0496094347311
73,0.0270145762161,0.0520993241903,0.0209807051505,0.0124837795123,0.0111543624402,0.128105493157,0.00893611405397,0.266730357571,0.245386910354,0.124147426581,0.044533583331,0.058427367442,1,0.5,30,20,15,10,20,5.10092619607e-05,4.98137323835e-08,5.10092619607e-05,0.0517487267032,0.00676648788882,0.00132016732827,5.10092619607e-05,4.98137323835e-08,5.10092619607e-05,0.0475770870253,0.844809218052,0.0475741763274
74,0.0311249219512,0.0988074021193,0.0136671203321,0.141960461497,0.0159771840714,0.0285791145347,0.0911375280107,0.0733333801441,0.240509911099,0.00273730555824,0.0173129961261,0.244852674557,1,0.5,30,20,15,10,20,2.01514398442e-05,1.96791404728e-08,2.01514398442e-05,0.0397691873022,0.00389880264967,0.00278819146167,2.01514398442e-05,1.96791404728e-08,2.01514398442e-05,0.0482605399663,0.856945046047,0.0482575874558
75,0.335239873712,0.0586076084001,0.0322488609517,0.018019849872,0.0395684574444,0.0339949465686,0.163408769109,0.0796370656444,0.123670661166,0.00504849663632,0.0321951733073,0.0783602371879,1,0.5,30,20,15,10,20,1.94585560732e-05,1.90024961652e-08,1.94585560732e-05,0.126426728955,0.010662821556,0.00934198212317,1.94585560732e-05,1.90024961652e-08,1.94585560732e-05,0.0432003229108,0.767092592248,0.0431976799771
76,0.0569896106916,0.0772432536935,0.0584278788546,0.0821205893538,0.0640842496788,0.145481746859,0.100375875706,0.0185100078901,0.162281612153,0.0688087486252,0.163054312575,0.00262211391997,1,0.5,30,20,15,10,20,0.000217758052445,2.1265434809e-07,0.000217758052445,0.02020205806,0.00695774534865,0.000972924305352,0.000217758052445,2.1265434809e-07,0.000217758052445,0.0491479730205,0.872702875529,0.0491449662181
77,0.13760743267,0.0821125296441,0.073842091748,0.119696678675,0.0714002583409,0.00986592505849,0.226656866286,0.0556715584362,0.0858508062261,0.0951479867522,0.0352020446919,0.0069458214711,1,0.5,30,20,15,10,20,0.000369083951734,3.60433546615e-07,0.000369083951734,0.0113452909383,0.0143502598829,0.001684965377,0.000369083951734,3.60433546615e-07,0.000369083951734,0.0491553939591,0.872834646466,0.0491523867027
78,0.0166925172635,0.104358801003,0.0698679974521,0.297241407343,0.0686908677425,0.0186919128742,0.00870516667884,0.325407584236,0.0351529721793,0.00134632073903,0.0229095148223,0.0309349376662,1,0.5,30,20,15,10,20,0.00012188855632,1.19031793281e-07,0.00012188855632,0.268320786134,0.00276914794699,0.0267200173085,0.00012188855632,1.19031793281e-07,0.00012188855632,0.0355173967154,0.630669635794,0.0355152238121
79,0.00868979542424,0.0235219560944,0.0918672342525,0.195524884504,0.0191963065063,0.386681490241,0.0705203304906,0.0104431666275,0.0333700648508,0.0635193207367,0.0667003820261,0.0299650682459,1,0.5,30,20,15,10,20,0.000152604694679,1.49028022147e-07,0.000152604694679,0.0819798511281,0.0104966104388,0.00222816344103,0.000152604694679,1.49028022147e-07,0.000152604694679,0.0457915641808,0.813104331258,0.0457887627186
80,0.16172203056,0.0647151033299,0.0654472893574,0.0502056427722,0.016057220223,0.0377239379915,0.0716952491282,0.0231187358243,0.0545218535168,0.221229755359,0.157836149505,0.0757270324329,1,0.5,30,20,15,10,20,2.01081193998e-05,1.96368353513e-08,2.01081193998e-05,0.00226988370468,0.00129841246369,0.000594146909994,2.01081193998e-05,1.96368353513e-08,2.01081193998e-05,0.0504012907292,0.894957587191,0.0503982072506
81,0.0139396666804,0.13221237413,0.326900052432,0.261345398137,0.00111865000665,0.0258290866992,0.0124246799046,0.0893783605634,0.030942638551,0.0250877176521,0.0101011351122,0.0707202401318,1,0.5,30,20,15,10,20,0.000219171728612,2.14034891222e-07,0.000219171728612,0.139407613655,0.00255914070953,0.0114104211049,0.000219171728612,2.14034891222e-07,0.000219171728612,0.0428083073921,0.760131713713,0.0428056884413
82,0.0901877810567,0.0292496799947,0.00573708991404,0.0561966724809,0.00640749351968,0.00631705224089,0.0475350137087,0.00105634137662,0.02950063167,0.213373811074,0.472118142419,0.042320290545,1,0.5,30,20,15,10,20,8.06285816217e-06,7.87388492399e-09,8.06285816217e-06,0.00166206672825,0.000593729673059,0.000145603644293,8.06285816217e-06,7.87388492399e-09,8.06285816217e-06,0.050492867697,0.896583686461,0.0504897786158
83,0.0111579109586,0.0905530967562,0.037610094064,0.188842034938,0.0613401893132,0.079206172534,0.0151394303597,0.227163990049,0.03613882306,0.0201853110895,0.0990065162977,0.13365643058,1,0.5,30,20,15,10,20,6.19865691737e-05,6.05337589587e-08,6.19865691737e-05,0.057712382491,0.00238399663816,0.000630247922996,6.19865691737e-05,6.05337589587e-08,6.19865691737e-05,0.0475297521199,0.843968709166,0.0475268443179
84,0.0755157063567,0.0267381593534,0.0551278270541,0.0943984060895,0.02137186923,0.0551525386713,0.148166082109,0.0954722098081,0.111308076763,0.223425248198,0.0400219632404,0.0533019131261,1,0.5,30,20,15,10,20,2.25491740897e-05,2.2020677822e-08,2.25491740897e-05,0.0344261141721,0.00337435635841,0.000532382725049,2.25491740897e-05,2.2020677822e-08,2.25491740897e-05,0.0486712250607,0.864237433521,0.0486682474251
85,0.143193393332,0.213802634822,0.00165336605335,0.0172394666745,0.00459667129641,0.0646988283586,0.00308464434296,0.197185973071,0.235984692115,0.101407470475,0.00446059748648,0.0126922619732,1,0.5,30,20,15,10,20,0.000493397378012,4.81833376965e-07,0.000493397378012,0.100577510947,0.00750079877634,0.0153145106996,0.000493397378012,4.81833376965e-07,0.000493397378012,0.0442704490291,0.786094436742,0.0442677406265
86,0.206425210567,0.0861321654032,0.0822925776375,0.0240986434877,0.0543252840002,0.0444189579228,0.0456753579908,0.0335085041403,0.0320328395695,0.0451165540283,0.332085276632,0.0138886286206,1,0.5,30,20,15,10,20,1.69238761145e-05,1.65272227681e-08,1.69238761145e-05,0.0122640291753,0.000980542993638,0.000535406040275,1.69238761145e-05,1.65272227681e-08,1.69238761145e-05,0.0499151340972,0.886325078774,0.0499120803609
87,0.0822114462327,0.0160427991343,0.0610061543006,0.252882877237,0.0732618295697,0.0244665091877,0.0959556066994,0.168216353298,0.0707250784916,0.0369901113248,0.0827191880987,0.035522046426,1,0.5,30,20,15,10,20,5.97136950634e-08,5.83141553354e-11,5.97136950634e-08,1.05762858363e-06,2.89958963182e-07,4.1661067596e-06,5.97136950634e-08,5.83141553354e-11,5.97136950634e-08,0.0506157591425,0.898765825649,0.050612662543
88,0.00530074695891,0.00304617931923,0.0697746445175,0.158945744213,0.00386159463702,0.42478132364,0.0563144479238,0.0266150252201,0.154387185253,0.0190376194405,0.0742841348952,0.00365135398181,1,0.5,30,20,15,10,20,0.000142112029391,1.38781278702e-07,0.000142112029391,0.181343553809,0.0122637431134,0.00348726536946,0.000142112029391,1.38781278702e-07,0.000142112029391,0.0406111153894,0.721116965779,0.0406086308596
89,0.0449079109031,0.0635842202676,0.053131700477,0.0267415880301,0.0151261112627,0.205976741261,0.0395489827135,0.19384856415,0.118922848688,0.0885379396839,0.0525536254529,0.0971197671103,1,0.5,30,20,15,10,20,3.20211104603e-05,3.12706156839e-08,3.20211104603e-05,0.0392646936671,0.0014464514888,0.00233297330167,3.20211104603e-05,3.12706156839e-08,3.20211104603e-05,0.0484308407598,0.859969015969,0.0484278778305
90,0.0994973177628,0.0209622625218,0.00192487624167,0.102317971888,0.115953259056,0.0328388482365,0.0491865121331,0.0664140351865,0.122878218304,0.182890411315,0.0108806551151,0.19425563224,1,0.5,30,20,15,10,20,2.69305699572e-05,2.62993847239e-08,2.69305699572e-05,0.00268681985807,0.00177854680949,0.00142157544418,2.69305699572e-05,2.62993847239e-08,2.69305699572e-05,0.0503126214229,0.893383118218,0.050309543369
91,0.052725679599,0.022927046416,0.0343090942382,0.0111277162633,0.00641652442405,0.0576180601956,0.0538407460879,0.184928254665,0.0905291298537,0.269432815664,0.0123372588906,0.203807673703,1,0.5,30,20,15,10,20,4.83477337329e-06,4.72145837235e-09,4.83477337329e-06,0.0100999610413,0.00120548943356,0.000236693070949,4.83477337329e-06,4.72145837235e-09,4.83477337329e-06,0.0500308532547,0.888379862224,0.050027792439
92,0.100001775066,0.00919927114141,0.136025377407,0.0973379953331,0.220629411711,0.0865089008847,1.05947336319e-05,0.207655763957,0.0731415918578,0.0513103918219,0.00864395805576,0.00953496803081,1,0.5,30,20,15,10,20,1.99963464384e-06,1.95276820688e-09,1.99963464384e-06,1.49832670335e-05,0.000104504314804,2.57907764469e-06,1.99963464384e-06,1.95276820688e-09,1.99963464384e-06,0.0506094667355,0.89865409364,0.0506063705209
93,0.070222757695,0.148901878591,0.0183750684754,0.143283747231,0.0570569530553,0.0159669193167,0.0937874164659,0.0704819300737,0.0349991864358,0.0242871313101,0.0204254159699,0.30221159538,1,0.5,30,20,15,10,20,0.000107825642366,1.05298478873e-07,0.000107825642366,0.016970827813,0.0019482759599,0.00190865974269,0.000107825642366,1.05298478873e-07,0.000107825642366,0.0495399897014,0.879663774701,0.049536958916
94,0.16882364854,0.0551517477828,0.0741781017904,0.0751870929747,0.0639429551437,0.0607381885716,0.118754949061,0.125283777852,0.14931629949,0.0573429738243,0.023555974322,0.0277242906469,1,0.5,30,20,15,10,20,0.000318668761643,3.11199962542e-07,0.000318668761643,0.0805951397631,0.0272396179327,0.00282373365981,0.000318668761643,3.11199962542e-07,0.000318668761643,0.0449504040333,0.798168153133,0.0449476540321
