run_ID,t1_initial,t2_initial,t3_initial,t4_initial,t5_initial,t6_initial,t7_initial,t8_initial,t9_initial,t10_initial,t11_initial,t12_initial,alpha,prior_cost_c,lambda,k,sample_amount,learning_parameter,generations,t1_final,t2_final,t3_final,t4_final,t5_final,t6_final,t7_final,t8_final,t9_final,t10_final,t11_final,t12_final
0,0.0870467733482,0.184743342709,0.163731111223,0.190466543127,0.102584764931,0.00506558142132,0.00916171016462,0.0392051867023,0.112828931864,0.00813262214943,0.0697216107543,0.0273118216064,1,0.2,30,20,15,10,20,0.000161018731161,1.72892546095e-05,0.000161018731161,0.165109003992,0.00701198549086,0.00295133396991,0.000161018731161,1.72892546095e-05,0.000161018731161,0.169329054109,0.485601274205,0.1693186948
1,0.00924493532444,0.0632557431954,0.0459420292663,0.0148882556119,0.0351017596889,0.317894873411,0.00774004619074,0.148151455561,0.0521048199487,0.191021514151,0.0458509025715,0.0688036650792,1,0.2,30,20,15,10,20,2.43681877452e-05,2.61651423571e-06,2.43681877452e-05,0.0103405573748,0.0047927211195,0.00202683294483,2.43681877452e-05,2.61651423571e-06,2.43681877452e-05,0.201887964597,0.578973604802,0.201875613382
2,0.01952631835,0.00738048463711,0.018822534754,0.0309709212556,0.0145468809963,0.111582763137,0.0553626918976,0.0462332263696,0.166853363946,0.0699333652412,0.0575074879728,0.401279961443,1,0.2,30,20,15,10,20,8.3468348269e-06,8.96234565166e-07,8.3468348269e-06,0.0149108007141,0.000332401187922,0.000460791642635,8.3468348269e-06,8.96234565166e-07,8.3468348269e-06,0.202200973369,0.579871250273,0.202188603004
3,0.0585984765429,0.0798599588913,0.0322823453911,0.288405090185,0.114670565261,0.0132530239033,0.0346814311453,0.0743048750084,0.0496913535199,0.00270098925134,0.192819312961,0.0587325779395,1,0.2,30,20,15,10,20,9.21646619831e-05,9.89610522661e-06,9.21646619831e-05,0.0347791127935,0.00376918468006,0.00506902467169,9.21646619831e-05,9.89610522661e-06,9.21646619831e-05,0.196394043124,0.563218155853,0.196382028019
4,0.196504387009,0.105403525081,0.303796852604,0.0636499038727,0.0233434328093,0.020879216348,0.0396354482849,0.0301469946404,0.0818391316794,0.0105183863521,0.0342436186534,0.0900391026659,1,0.2,30,20,15,10,20,8.11596314893e-05,8.71444907505e-06,8.11596314893e-05,0.127350637654,0.00434448721081,0.00583599245649,8.11596314893e-05,8.71444907505e-06,8.11596314893e-05,0.17711045334,0.507916743937,0.177099617977
5,0.00936626159968,0.079587029871,0.0136024613295,0.0371148928387,0.285269590311,0.0231832937289,0.0916637263764,0.00898257215764,0.0285523779042,0.214904467293,0.113900737898,0.0938725886924,1,0.2,30,20,15,10,20,1.50742100584e-05,1.61858098035e-06,1.50742100584e-05,0.0147358842416,0.00242076217684,0.000552341499572,1.50742100584e-05,1.61858098035e-06,1.50742100584e-05,0.201783253748,0.578673315393,0.201770908939
6,0.067130224234,0.133214079963,0.177851497177,0.00931681804266,0.0129812834963,0.0215149397284,0.175105889651,0.00387984008721,0.1207672083,0.00632036929952,0.00700123797537,0.264916612045,1,0.2,30,20,15,10,20,6.42144817302e-05,6.89497747402e-06,6.42144817302e-05,0.0239644381591,0.0024042122546,0.00227515529798,6.42144817302e-05,6.89497747402e-06,6.42144817302e-05,0.199494318368,0.572109114446,0.199482113592
7,0.175609478871,0.0241137216452,0.032957128767,0.0106718340123,0.142033305407,0.0841497858632,0.065103519752,0.108774524575,0.119111540823,0.0816287277265,0.00202226479752,0.153824167761,1,0.2,30,20,15,10,20,0.000114944004251,1.23420184783e-05,0.000114944004251,0.0298402224933,0.00146432155506,0.00524430674031,0.000114944004251,1.23420184783e-05,0.000114944004251,0.197826426287,0.56732593932,0.19781432355
8,0.0893832133325,0.204532844343,0.0171382350433,0.071399397825,0.12037881666,0.01978427058,0.0479626094087,0.0791108691529,0.0671185519456,0.138247463008,0.018626402189,0.126317326513,1,0.2,30,20,15,10,20,3.97996036074e-05,4.27344989719e-06,3.97996036074e-05,0.0315683618137,0.00283687314263,0.00140438236739,3.97996036074e-05,4.27344989719e-06,3.97996036074e-05,0.19804335431,0.567948044751,0.198031238302
9,0.192941955197,0.0514560812837,0.0969247903406,0.134236693511,0.0866770062607,0.0155903954503,0.0537034716747,0.0378757114228,0.143881216602,0.0936904669497,0.0451699673319,0.0478522439759,1,0.2,30,20,15,10,20,6.99889138077e-05,7.51500239716e-06,6.99889138077e-05,0.0456883140225,0.00902667429406,0.00162459539527,6.99889138077e-05,7.51500239716e-06,6.99889138077e-05,0.193799654677,0.555777977659,0.193787798292
10,0.0324809719536,0.31432430003,0.0228039657016,0.102494928309,0.0207961741831,0.0958642832727,0.0232857955276,0.0461389023877,0.142550723786,0.0843537256911,0.0253730374804,0.0895331916772,1,0.2,30,20,15,10,20,4.80164389841e-05,5.15572587768e-06,4.80164389841e-05,0.0939434604268,0.0014633641831,0.00177139106407,4.80164389841e-05,5.15572587768e-06,4.80164389841e-05,0.185429022227,0.531772706946,0.185417677946
11,0.123988187896,0.0879175355745,0.158297073663,0.15770695326,0.117881517336,0.0752432186211,0.0134378280876,0.0305046714541,0.000882307489258,0.0665012032065,0.045703156204,0.121936347208,1,0.2,30,20,15,10,20,5.97862122397e-05,6.41949565803e-06,5.97862122397e-05,0.0820040202065,0.000838343991605,0.00254790205078,5.97862122397e-05,6.41949565803e-06,5.97862122397e-05,0.187840480932,0.538688279858,0.187828989121
12,0.0282607706239,0.0439081551454,0.0574540626256,0.0315154897187,0.0403136784596,0.0232964396627,0.0439271971907,0.403675330751,0.00812743678703,0.179636558374,0.0130306587196,0.126854221942,1,0.2,30,20,15,10,20,2.24323881587e-05,2.40865933781e-06,2.24323881587e-05,0.0131806679021,0.00346652598161,0.00015409488408,2.24323881587e-05,2.40865933781e-06,2.24323881587e-05,0.201963355216,0.579189809757,0.201950999388
13,0.0029973219576,0.0594387797244,0.26044120353,0.0680346135532,0.112918149523,0.0265631471763,0.119200179056,0.00560757046891,0.0154860368607,0.134330630667,0.111716523171,0.0832658443117,1,0.2,30,20,15,10,20,2.17952466561e-05,2.3402467899e-06,2.17952466561e-05,0.0279171001036,0.00145582511428,0.00166960862777,2.17952466561e-05,2.3402467899e-06,2.17952466561e-05,0.199038266103,0.570801249343,0.199026089228
14,0.0595386026498,0.019159343939,0.223519528379,0.00567846865748,0.0582979287779,0.210528990254,0.00119709954711,0.00660310066142,0.0218140585816,0.27955252145,0.0781697909458,0.0359405661568,1,0.2,30,20,15,10,20,1.07187778126e-05,1.15092000396e-06,1.07187778126e-05,0.0260261463621,0.000979170420043,0.000347939557913,1.07187778126e-05,1.15092000396e-06,1.07187778126e-05,0.199805760998,0.573002268541,0.199793537169
15,0.0599603007762,0.0263559004308,0.103650329404,0.112326349472,0.0127192479178,0.0630285162575,0.17225248001,0.100470097421,0.149200115576,0.038124033118,0.0357273692528,0.126185260363,1,0.2,30,20,15,10,20,0.000119792828252,1.28626569909e-05,0.000119792828252,0.0591705035302,0.00360475364421,0.00553528436594,0.000119792828252,1.28626569909e-05,0.000119792828252,0.191297285934,0.548601693257,0.191285582641
16,0.112027086686,0.0693360481336,0.0234316987441,0.12283687598,0.0157914125384,0.0767206206253,0.0737567291582,0.109144835179,0.0334680351031,0.01426634281,0.291595910036,0.0576244050065,1,0.2,30,20,15,10,20,6.42832871809e-06,6.90236540303e-07,6.42832871809e-06,0.0283982921866,0.00259382933528,0.00192263521608,6.42832871809e-06,6.90236540303e-07,6.42832871809e-06,0.198666952737,0.569736398159,0.198654798578
17,0.0662726988565,0.00352260657421,0.0520014395392,0.313753941762,0.0200930790102,0.000936257049957,0.136068119059,0.10719395613,0.162200182804,0.0164055370844,0.0725370440113,0.0490151381193,1,0.2,30,20,15,10,20,0.000155449932561,1.66913094129e-05,0.000155449932561,0.126115339338,0.00368588604999,0.00664887659845,0.000155449932561,1.66913094129e-05,0.000155449932561,0.177268206454,0.508369147771,0.17725736144
18,0.00516776991204,0.0322030123576,0.117315551669,0.176043213048,0.012901391937,0.0114338421986,0.12932326296,0.210777089824,0.0422364732172,0.0953208584612,0.0853506656181,0.0819268687982,1,0.2,30,20,15,10,20,3.15749353472e-05,3.39033286724e-06,3.15749353472e-05,0.0550964759564,0.000998493033231,0.00223434767414,3.15749353472e-05,3.39033286724e-06,3.15749353472e-05,0.1934241561,0.554701124142,0.193412322687
19,0.245364454062,0.0191815345123,0.232468572073,0.177482151142,0.0426781083885,0.118716171509,0.0284673307593,0.0190690699795,0.0604104980554,0.0159523519844,0.0106253055725,0.0295844519621,1,0.2,30,20,15,10,20,0.00073768765467,7.92086087867e-05,0.00073768765467,0.112232709801,0.0113433241688,0.0448714645618,0.00073768765467,7.92086087867e-05,0.00073768765467,0.170190709522,0.488072326611,0.170180297499
20,0.144973860887,0.0418434808833,0.118380834143,0.022659454038,0.035711834541,0.0100274186623,0.13757656544,0.137004376817,0.125348775997,0.089102454602,0.0332040337087,0.10416691028,1,0.2,30,20,15,10,20,4.59078186799e-05,4.92931449652e-06,4.59078186799e-05,0.0542513329117,0.00226744121175,0.00158064034225,4.59078186799e-05,4.92931449652e-06,4.59078186799e-05,0.193458975721,0.554800979731,0.193447140179
21,0.032440192658,0.0243494659423,0.222928740627,0.0448311060305,0.113528711762,0.0613819088522,0.0369745232057,0.0162446842525,0.187956906816,0.0611092902521,0.00894026467516,0.189314204926,1,0.2,30,20,15,10,20,4.52557579814e-05,4.85930001215e-06,4.52557579814e-05,0.0113023290312,0.00688642575403,0.0011480326067,4.52557579814e-05,4.85930001215e-06,4.52557579814e-05,0.201422715022,0.577639363684,0.20141039227
22,0.0605098794066,0.143748725205,0.0156322492691,0.0905951482112,0.0481250235838,0.0233949429726,0.106299353347,0.39539821777,0.0668889743466,0.000745573643358,0.00822712957314,0.0404347826717,1,0.2,30,20,15,10,20,0.000431063186276,4.62850571891e-05,0.000431063186276,0.307197406187,0.00599966608173,0.0246496084952,0.000431063186276,4.62850571891e-05,0.000431063186276,0.135655792351,0.389033210901,0.135647493124
23,0.0800781159458,0.149493829998,0.032981000248,0.00225588200892,0.0279908309474,0.0901050989013,0.219773807423,0.0475756576841,0.08249473634,0.0933814657762,0.142354080621,0.0315154941059,1,0.2,30,20,15,10,20,6.66275748721e-05,7.15408137719e-06,6.66275748721e-05,0.0288011334341,0.00584140862127,0.000243622260796,6.66275748721e-05,7.15408137719e-06,6.66275748721e-05,0.198209834161,0.568425475092,0.198197707968
24,0.00310747082611,0.108031645786,0.136400462701,0.0490895787537,0.0497606133935,0.00949664989637,0.0597230514835,0.0432770206287,0.0512862582704,0.372775046346,0.0527871303601,0.0642650715548,1,0.2,30,20,15,10,20,1.28643472689e-05,1.38129877011e-06,1.28643472689e-05,0.0142029192738,0.000461405818342,0.000598478513942,1.28643472689e-05,1.38129877011e-06,1.28643472689e-05,0.202287697427,0.580119957225,0.202275321756
25,0.0121831226458,0.00423469187831,0.290008564257,0.242660149156,0.0102536913047,0.0513198476109,0.12111078804,0.206684214561,0.00943621150523,0.0292554177565,0.0187918888374,0.00406141244615,1,0.2,30,20,15,10,20,0.000135121080065,1.4508515497e-05,0.000135121080065,0.316433345965,0.0129413894424,0.00042060213388,0.000135121080065,1.4508515497e-05,0.000135121080065,0.137566057403,0.394511462395,0.137557641309
26,0.00394819626418,0.224821545338,0.171736175295,0.00450457291819,0.100807305146,0.0866384701551,0.0341531246172,0.00256042370701,0.0526229298489,0.0829364852115,0.10137901727,0.13389175423,1,0.2,30,20,15,10,20,2.4608074219e-05,2.6422718497e-06,2.4608074219e-05,0.0321069474886,0.00231563813388,0.000607150840671,2.4608074219e-05,2.6422718497e-06,2.4608074219e-05,0.198216722267,0.568445228777,0.198204595652
27,0.0598741706627,0.0698088859393,0.179864954708,0.00065705413465,0.00206025461277,0.131899841463,0.0346760550638,0.000785626101447,0.247266782538,0.133202662049,0.0807416521734,0.0591620605547,1,0.2,30,20,15,10,20,1.77272663219e-06,1.9034507275e-07,1.77272663219e-06,2.27309532257e-05,2.68776474983e-05,0.000154253776432,1.77272663219e-06,1.9034507275e-07,1.77272663219e-06,0.205390924805,0.589019381938,0.205378359283
28,0.0786171716423,0.0856711139199,0.06769719846,0.293913698472,0.157846525881,0.0322981531395,0.151932183451,0.00869663493481,0.0520993406631,0.0102829762876,0.0595960485825,0.00134895456606,1,0.2,30,20,15,10,20,0.000369762987731,3.97029984894e-05,0.000369762987731,0.16693063434,0.0291506668321,0.0020659648534,0.000369762987731,3.97029984894e-05,0.000369762987731,0.16440792645,0.471488481369,0.164397868209
29,0.00354344583172,0.0131866581199,0.131691668931,0.0436153535724,0.0483436181818,0.249101967689,0.0538904797594,0.111383665759,0.00431614282363,0.0476039339891,0.132278440295,0.161044625048,1,0.2,30,20,15,10,20,1.54163473465e-05,1.65531769193e-06,1.54163473465e-05,0.0105689834779,0.00175718876946,0.000468940520408,1.54163473465e-05,1.65531769193e-06,1.54163473465e-05,0.202792436206,0.581567445345,0.202780029656
30,0.0912139698542,0.0211303656032,0.147097316975,0.0651789274879,0.0756397637356,0.091162723605,0.044289050555,0.102000640845,0.0256673791914,0.130569734482,0.144367199487,0.0616829281785,1,0.2,30,20,15,10,20,1.04939657634e-05,1.12678099398e-06,1.04939657634e-05,0.0353858541577,0.000330038623184,0.000149428839968,1.04939657634e-05,1.12678099398e-06,1.04939657634e-05,0.198057285139,0.567987995536,0.198045168279
31,0.0422134952988,0.0347396171648,0.0355063505404,0.0910856911516,0.101372218121,0.0572337264528,0.119106118033,0.305487543598,0.129552258533,0.0100387026032,0.0653736386971,0.00829063980626,1,0.2,30,20,15,10,20,0.000272324307236,2.92405998372e-05,0.000272324307236,0.105370965034,0.0109025901261,0.0203585665983,0.000272324307236,2.92405998372e-05,0.000272324307236,0.177129617192,0.507971701965,0.177118780656
32,0.0316463750998,0.00102214184295,0.0394425196367,0.280222052662,0.0118903034478,0.0928592970359,0.0294739905471,0.0342714956376,0.285875487847,0.142647488163,0.0168696664376,0.0337791816428,1,0.2,30,20,15,10,20,2.08824716119e-05,2.24223831582e-06,2.08824716119e-05,0.111991023025,0.00176880667221,0.000898300248699,2.08824716119e-05,2.24223831582e-06,2.08824716119e-05,0.18186154163,0.52154189846,0.181850415602
33,0.173427387455,0.024711711111,0.0525013834961,0.00827370858263,0.0635451407907,0.206591768166,0.0488579578675,0.227667018115,0.0802438985385,0.0771556202961,0.0165707494175,0.0204536561647,1,0.2,30,20,15,10,20,0.000171773816432,1.84440730971e-05,0.000171773816432,0.101917887144,0.0121073489754,0.00182377562984,0.000171773816432,1.84440730971e-05,0.000171773816432,0.18148624373,0.520465620445,0.181475140663
34,0.0909852678056,0.0758542833562,0.335425449937,0.0885383588018,0.0664176378451,0.0988380421317,0.12060352237,0.0261447579323,0.0304237151214,0.0624139497378,0.000704788130284,0.00365022683164,1,0.2,30,20,15,10,20,0.000122128208166,1.31134164998e-05,0.000122128208166,0.236211692876,0.0147471411739,0.00332710319102,0.000122128208166,1.31134164998e-05,0.000122128208166,0.153089531153,0.439029626585,0.153080165355
35,0.100032945059,0.00384247909591,0.0839504158519,0.140334030739,0.0193014609347,0.0763519765684,0.331817403749,0.019571578344,0.0978815838649,0.0466145076305,0.0509491996253,0.0293524185375,1,0.2,30,20,15,10,20,8.08196067011e-05,8.67793919142e-06,8.08196067011e-05,0.050114719664,0.0139078562043,0.0106689826243,8.08196067011e-05,8.67793919142e-06,8.08196067011e-05,0.19002015105,0.544939130263,0.19000852589
36,0.0771456122798,0.0461917056899,0.105971833261,0.102808410343,0.0566247451165,0.0384048829028,0.0247593510934,0.0287537976075,0.0665156641732,0.0281052578456,0.206306937632,0.218411802055,1,0.2,30,20,15,10,20,6.04329816607e-06,6.48894199582e-07,6.04329816607e-06,0.0233964592449,0.000532462579084,0.000837687785898,6.04329816607e-06,6.48894199582e-07,6.04329816607e-06,0.200341195345,0.574537785305,0.200328938759
37,0.0505392197839,0.13897379958,0.0108875947508,0.357431906326,0.0669059345593,0.0341464420936,0.000295170248643,0.120135297717,0.0808088569374,0.00646813278166,0.115225660353,0.0181819848678,1,0.2,30,20,15,10,20,6.45808081242e-05,6.93431147107e-06,6.45808081242e-05,0.135337359426,0.00758523894133,0.0025012164651,6.45808081242e-05,6.93431147107e-06,6.45808081242e-05,0.175503377077,0.503307976203,0.175492640032
38,0.0137745004291,0.00122894901567,0.0107255678026,0.147869985096,0.000155313926724,0.0980109825915,0.1486980803,0.126250583368,0.125593842677,0.0866107288848,0.212239468981,0.0288419969277,1,0.2,30,20,15,10,20,5.5718350318e-05,5.98271231007e-06,5.5718350318e-05,0.0245684706457,0.00521255458752,0.000533940568514,5.5718350318e-05,5.98271231007e-06,5.5718350318e-05,0.199158361108,0.57114565738,0.199146176885
39,0.0380400018027,0.0677734365496,0.0597917273999,0.00704121735396,0.0502315477947,0.0687868657315,0.124682813407,0.00756836307499,0.192923702229,0.0224160728202,0.0864787346451,0.274265517192,1,0.2,30,20,15,10,20,2.93376626385e-05,3.15010753934e-06,2.93376626385e-05,0.0119641941555,0.00152873895741,0.00153669070122,2.93376626385e-05,3.15010753934e-06,2.93376626385e-05,0.202321337077,0.580216428896,0.202308959348
40,0.0361264853626,0.00766848984866,0.200410822853,0.163861647656,0.0114228748709,0.115731286839,0.0152142661567,0.030077676312,0.196542796967,0.0502026223772,0.0685680143793,0.104173016378,1,0.2,30,20,15,10,20,8.53012052156e-05,9.15914716776e-06,8.53012052156e-05,0.0179934237129,0.00879989631617,0.00063834159161,8.53012052156e-05,9.15914716776e-06,8.53012052156e-05,0.199725076365,0.572770881428,0.199712857471
41,0.00298719845082,0.0232003047879,0.114185475737,0.0423230612941,0.0381444250595,0.126284936555,0.159322538156,0.00756845474466,0.0479222861983,0.0929394325519,0.219323198485,0.125798687979,1,0.2,30,20,15,10,20,3.06242513436e-06,3.28825394963e-07,3.06242513436e-06,0.00898408478459,0.0031959197758,9.30782032978e-05,3.06242513436e-06,3.28825394963e-07,3.06242513436e-06,0.202910375789,0.581905672072,0.202897962024
42,0.173769574655,0.185431468467,0.0517074439718,0.020111141079,0.0176683195287,0.0311579599563,0.0598050515301,0.141204045096,0.146591178062,0.0961509924591,0.00494297876513,0.0714598464287,1,0.2,30,20,15,10,20,4.83654455356e-05,5.1932001708e-06,4.83654455356e-05,0.0885876640299,0.00257838355255,0.00178197396133,4.83654455356e-05,5.1932001708e-06,4.83654455356e-05,0.186297747178,0.534264033347,0.186286349749
43,0.172617188524,0.0473286064531,0.122966860559,0.0617548536325,0.011119290723,0.13540284135,0.355356437292,0.0142063250087,0.0277593539411,0.00708428987703,0.0354715382876,0.00893241435253,1,0.2,30,20,15,10,20,0.000220696786009,2.36971369561e-05,0.000220696786009,0.328622416419,0.00208994603965,0.00662860435789,0.000220696786009,2.36971369561e-05,0.000220696786009,0.135941829961,0.389853508569,0.135933513235
44,0.0759693745279,0.217972013564,0.0835517140047,0.280463621894,0.0185801413996,0.00930516432441,0.058158490324,0.0213879203007,0.112922296926,0.0844530882969,0.00646962317062,0.0307665512676,1,0.2,30,20,15,10,20,0.00014320675337,1.53767080573e-05,0.00014320675337,0.0626498814489,0.0127307396,0.00815963167213,0.00014320675337,1.53767080573e-05,0.00014320675337,0.188148307227,0.539571063039,0.188136796584
45,0.0251668069192,0.00756051381743,0.075927159535,0.0688538454533,0.108472869453,0.11030672537,0.226185453384,0.197508928383,0.102527393503,0.0218628412624,0.0338154679388,0.0218119949812,1,0.2,30,20,15,10,20,0.000126458948183,1.35784261684e-05,0.000126458948183,0.173456001462,0.00661920564316,0.00554467474717,0.000126458948183,1.35784261684e-05,0.000126458948183,0.167192147138,0.479473059803,0.167181918562
46,0.0241352849155,0.0237016996695,0.0553378947701,0.11006591529,0.0404645205272,0.0118975157974,0.213535846943,0.0978669166881,0.00493643451376,0.21357860837,0.16486701567,0.0396123468458,1,0.2,30,20,15,10,20,8.74185526901e-06,9.38649562169e-07,8.74185526901e-06,0.0180764057673,0.001208716069,0.00156409805033,8.74185526901e-06,9.38649562169e-07,8.74185526901e-06,0.201143625161,0.576838990749,0.201131319483
47,0.0490811085072,0.0415868349114,0.0684831642633,0.139189274937,0.000654185417494,0.0186072502329,0.0387757580606,0.280248863645,0.00718127607659,0.121271607419,0.216357775861,0.0185629006697,1,0.2,30,20,15,10,20,2.95313231322e-05,3.17090167651e-06,2.95313231322e-05,0.00339702969486,0.0024433194341,0.00140984765217,2.95313231322e-05,3.17090167651e-06,2.95313231322e-05,0.203919330854,0.584799149908,0.203906855362
48,0.0880958943386,0.0712532982945,0.0649045038114,0.0626136831955,0.110567805179,0.083659966996,0.0353661257321,0.0317293238217,0.249228575167,0.0488151411021,0.0781717895649,0.0755938927972,1,0.2,30,20,15,10,20,8.42511155566e-05,9.04639464917e-06,8.42511155566e-05,0.00293383775163,0.00285473587982,0.00392121970332,8.42511155566e-05,9.04639464917e-06,8.42511155566e-05,0.203366665905,0.583214219284,0.203354224224
49,0.172217299873,0.0616308211983,0.0666163420512,0.1727856092,0.0291050499767,0.0322723819659,0.0835843765437,0.0144454820782,0.00601883112435,0.145402680045,0.167426122493,0.0484950034497,1,0.2,30,20,15,10,20,8.54740794387e-06,9.17770939612e-07,8.54740794387e-06,0.00925600259606,0.00124895983924,0.00365565105179,8.54740794387e-06,9.17770939612e-07,8.54740794387e-06,0.202517862966,0.580780025159,0.202505473214
50,0.0224353953336,0.101987762666,0.254580032471,0.066776574502,0.107030706298,0.102584969104,0.00201191193154,0.0686056707543,0.184750426719,0.0181841056057,0.0634457106436,0.00760673397152,1,0.2,30,20,15,10,20,0.000169279198126,1.81762154961e-05,0.000169279198126,0.157235237891,0.00886888449388,0.00590732051829,0.000169279198126,1.81762154961e-05,0.000169279198126,0.169950711726,0.487384061763,0.169940314385
51,0.0140979063497,0.09017815187,0.115092774745,0.0629171974865,0.0297769336983,0.111653342434,0.173346553534,0.0178978914862,0.159423594778,0.0472447782868,0.0185357750475,0.159835100284,1,0.2,30,20,15,10,20,8.14698895204e-05,8.74776277747e-06,8.14698895204e-05,0.0563895745841,0.006261784366,0.00226034204703,8.14698895204e-05,8.74776277747e-06,8.14698895204e-05,0.19202870657,0.55069925882,0.192016958529
52,0.029677340279,0.151684430918,0.0594155457909,0.051663826742,0.215979722376,0.0821834041445,0.165419762512,0.0468690945852,0.0764540491573,0.0202047070518,0.0710792418646,0.0293688745796,1,0.2,30,20,15,10,20,7.43722329716e-05,7.98565770859e-06,7.43722329716e-05,0.111517167811,0.00830736003063,0.00301935331461,7.43722329716e-05,7.98565770859e-06,7.43722329716e-05,0.180133592906,0.5165864931,0.180122572591
53,0.328803180142,0.00750056156345,0.00842848336051,0.130856198341,0.0273284565967,0.0584850111775,0.00132472205631,0.118655514166,0.212751977439,0.0346675209729,0.0599357049513,0.0112626692339,1,0.2,30,20,15,10,20,2.74061850223e-05,2.94271670947e-06,2.74061850223e-05,0.112587095147,0.0142593372385,0.00428113186661,2.74061850223e-05,2.94271670947e-06,2.74061850223e-05,0.178472505678,0.51182283291,0.178461586987
54,0.237091615036,0.0340579205012,0.0609548036081,0.00144171680029,0.105173782537,0.0311026599884,0.0524558618161,0.11876047164,0.138021078298,0.182217148354,0.0169410884649,0.0217818529559,1,0.2,30,20,15,10,20,1.19497564868e-05,1.28309533265e-06,1.19497564868e-05,0.0552163991662,0.00108881167902,0.00051983955482,1.19497564868e-05,1.28309533265e-06,1.19497564868e-05,0.193750176587,0.555636084566,0.19373832323
55,0.0781589898404,0.176863269091,0.0157231687039,0.0186280271986,0.0476815593469,0.0167002061626,0.107601801139,0.110653192517,0.0983986232425,0.114536374231,0.0602969596805,0.154757828847,1,0.2,30,20,15,10,20,1.70858976956e-05,1.83458429564e-06,1.70858976956e-05,0.0111499643496,0.00155371855054,0.00102427009118,1.70858976956e-05,1.83458429564e-06,1.70858976956e-05,0.202599353203,0.58101372258,0.202586958466
56,0.0189678659582,0.0176368808932,0.0422937806319,0.0330403727836,0.0675943045812,0.0338837231108,0.0403290114067,0.333231352355,0.00130801822074,0.139931549502,0.0404570709199,0.231326069637,1,0.2,30,20,15,10,20,4.77219972611e-06,5.1241104384e-07,4.77219972611e-06,0.0214611895677,0.000293212429672,0.00237610136622,4.77219972611e-06,5.1241104384e-07,4.77219972611e-06,0.200472973998,0.574915699668,0.200460709349
57,0.145567012831,0.0077171364135,0.0211605195011,0.052022203316,0.0226666679425,0.171445744022,0.00975701295982,0.213398228328,0.00927094540222,0.0459154263381,0.107791456207,0.193287646739,1,0.2,30,20,15,10,20,1.72347490363e-05,1.85056708664e-06,1.72347490363e-05,0.0305191813737,0.000924127249982,0.000781438548933,1.72347490363e-05,1.85056708664e-06,1.72347490363e-05,0.198799347614,0.570116079728,0.198787185355
58,0.129194238331,0.120622176654,0.0368769885042,0.0178101406533,0.00116064717472,0.182523586806,0.2213230173,0.188650593048,0.0124225019837,0.0176289888347,0.00418068786635,0.0676064328445,1,0.2,30,20,15,10,20,0.000486394492122,5.22262109155e-05,0.000486394492122,0.159691901453,0.0217849272992,0.00384649938407,0.000486394492122,5.22262109155e-05,0.000486394492122,0.166941417806,0.478754019096,0.16693120457
59,0.236886315156,0.0278433651288,0.0507494417653,0.169877853199,0.0218122319573,0.130371003895,0.0778432474046,0.0614457838459,0.0818713987173,0.0720701283267,0.0587843642242,0.0104448663807,1,0.2,30,20,15,10,20,6.1513966363e-05,6.60501184441e-06,6.1513966363e-05,0.122269243539,0.00678945118238,0.00328675020841,6.1513966363e-05,6.60501184441e-06,6.1513966363e-05,0.178192778804,0.511020633151,0.178181877226
60,0.102796371702,0.168353808209,0.382093168716,0.0401769801251,0.0204075307654,0.00875338139815,0.0301397239303,0.00949588999408,0.0831882759664,0.0393231090572,0.0547318679088,0.0605398922267,1,0.2,30,20,15,10,20,4.20126204481e-05,4.5110707711e-06,4.20126204481e-05,0.105605081602,0.00634701388203,0.0023400422095,4.20126204481e-05,4.5110707711e-06,4.20126204481e-05,0.181918433382,0.521705052428,0.181907303873
61,0.0210176982973,0.176888306786,0.0574569498004,0.00667603587589,0.112700580566,0.0323634140459,0.0451157436217,0.0221011311679,0.0872425319961,0.15565365386,0.0796719976803,0.203111956303,1,0.2,30,20,15,10,20,1.28980332645e-05,1.38491577634e-06,1.28980332645e-05,0.0203634820022,0.000353320186003,0.000829106826604,1.28980332645e-05,1.38491577634e-06,1.28980332645e-05,0.200996902647,0.576418220429,0.200984605945
62,0.177701944862,0.144058345109,0.0424911769112,0.0571021295822,0.0675385161497,0.102606355839,0.0530899348467,0.04677380705,0.0893798127317,0.0129419337918,0.204060178691,0.00225586443564,1,0.2,30,20,15,10,20,5.29891457785e-05,5.68966620404e-06,5.29891457785e-05,0.0433166642234,0.00136816178128,0.000794898768779,5.29891457785e-05,5.68966620404e-06,5.29891457785e-05,0.196045361949,0.562218209187,0.196033368175
63,0.113033298553,0.0105047682364,0.204324412855,0.0373045448189,0.0968942676068,0.0902336766374,0.0220370205976,0.00369099642455,0.104880320057,0.068364583802,0.222777133622,0.0259549767897,1,0.2,30,20,15,10,20,2.0810240957e-05,2.2344826083e-06,2.0810240957e-05,0.0274821792491,0.00122869805794,9.63986901805e-05,2.0810240957e-05,2.2344826083e-06,2.0810240957e-05,0.199498317696,0.572120583703,0.199486112675
64,0.0189728561977,0.0453063937229,0.113183867895,0.0831240947496,0.0762364445195,0.200103831734,0.0882881634741,0.0289418968726,0.0597499429477,0.0550041861795,0.0181456350608,0.212942686647,1,0.2,30,20,15,10,20,7.41909152764e-07,7.96618886931e-08,7.41909152764e-07,1.42533590403e-05,4.04246978213e-05,9.20383413127e-05,7.41909152764e-07,7.96618886931e-08,7.41909152764e-07,0.205403557089,0.589055608759,0.205390990794
65,0.0124646394126,0.00680714169697,0.204504621098,0.167666438319,0.0173583228339,0.0968118074888,0.0312657169311,0.316329795642,0.00657709895075,0.0349887926492,0.0462975422289,0.0589280827497,1,0.2,30,20,15,10,20,0.000137849539733,1.4801481623e-05,0.000137849539733,0.103233927316,0.00353812238252,0.00681811523849,0.000137849539733,1.4801481623e-05,0.000137849539733,0.181979661907,0.521880643381,0.181968528653
66,0.0995369024288,0.0045498846051,0.0541682774908,0.0937537873631,0.00275097956982,0.234857348566,0.270313274393,0.0415072271994,0.0684958499277,0.070660200599,0.0580794918175,0.00132677603953,1,0.2,30,20,15,10,20,6.7991314747e-05,7.30051183126e-06,6.7991314747e-05,0.0680280883206,0.0149771953031,0.00399427734532,6.7991314747e-05,7.30051183126e-06,6.7991314747e-05,0.187502772112,0.537719799675,0.187491300962
67,0.032236281247,0.00820987688768,0.149172253009,0.159008964239,0.00936341829666,0.068763236345,0.166786143524,0.134033605743,0.0503158485232,0.0369205206229,0.125787009964,0.0594028415994,1,0.2,30,20,15,10,20,7.34105777038e-05,7.88240076046e-06,7.34105777038e-05,0.0400426750462,0.00872633577844,0.000353542522657,7.34105777038e-05,7.88240076046e-06,7.34105777038e-05,0.195279317885,0.560021350678,0.195267370977
68,0.128201745808,0.181560112964,0.236513035783,0.042580990861,0.153527159412,0.0301825019322,0.0975601036765,0.0187540315804,0.0449543864492,0.0207744771426,0.0116005013837,0.0337909530063,1,0.2,30,20,15,10,20,6.60457053996e-05,7.09160361831e-06,6.60457053996e-05,0.140144146735,0.0292245590687,0.0163485712606,6.60457053996e-05,7.09160361831e-06,6.60457053996e-05,0.167224447867,0.479565691724,0.167214217316
69,0.0962427759259,0.0670786621969,0.00197840288334,0.0333033550786,0.0200510809073,0.0851812732299,0.0171734167315,0.278037078084,0.112390795203,0.0574475563818,0.146511739517,0.0846038638606,1,0.2,30,20,15,10,20,5.9114094549e-05,6.34732757051e-06,5.9114094549e-05,0.0186868970859,0.00422499220434,0.000913738778741,5.9114094549e-05,6.34732757051e-06,5.9114094549e-05,0.200488553703,0.574960379093,0.200476288101
70,0.012275325645,0.0281398209288,0.0705814697915,0.201371586173,0.000488485227669,0.103008426772,0.0957674133764,0.0546258692828,0.0999244100951,0.0970173818729,0.129617439041,0.107182371793,1,0.2,30,20,15,10,20,5.1544542402e-05,5.5345530976e-06,5.1544542402e-05,0.0180992108422,0.00380938199742,0.00248161572664,5.1544542402e-05,5.5345530976e-06,5.1544542402e-05,0.200379123609,0.574646555847,0.200366864702
71,0.0451795700682,0.0377922497564,0.108762056598,0.0595848048618,0.00270541302846,0.0513773194592,0.307803259135,0.00323296001139,0.079449424918,0.164604259539,0.134841885817,0.00466679680767,1,0.2,30,20,15,10,20,1.07253913924e-05,1.15163013167e-06,1.07253913924e-05,0.0468142053211,0.000147349045254,0.00169752279648,1.07253913924e-05,1.15163013167e-06,1.07253913924e-05,0.195428808032,0.560450058002,0.195416851978
72,0.118700662648,0.133918614159,0.00238777183698,0.0334320310226,0.126906606403,0.0447229100859,0.013978597304,0.00484360109383,0.158004763973,0.0287303614941,0.131037766386,0.203336313594,1,0.2,30,20,15,10,20,2.20191398146e-05,2.36428713474e-06,2.20191398146e-05,0.0101007171938,0.00261992070004,0.0013838235366,2.20191398146e-05,2.36428713474e-06,2.20191398146e-05,0.202517733973,0.580779655234,0.202505344229
73,0.101923048818,0.167382177001,0.077415763406,0.0129533975134,0.0944747413761,0.224460908341,0.0131925475101,0.0429584139755,0.00271490290481,0.0865171458711,0.0906909471264,0.0853160061566,1,0.2,30,20,15,10,20,9.2771303412e-05,9.96124285405e-06,9.2771303412e-05,0.0377386228355,0.00418726589151,0.00183120031047,9.2771303412e-05,9.96124285405e-06,9.2771303412e-05,0.196364804942,0.563134306695,0.196352791625
74,0.346554939652,0.0087719489247,0.0683642700639,0.0278272861323,0.0316564587873,0.026074904347,0.104925405406,0.154297787115,0.0157097058718,0.173024129597,0.0409559641023,0.00183720000062,1,0.2,30,20,15,10,20,3.89309868266e-05,4.18018288053e-06,3.89309868266e-05,0.0272337976405,0.00734748758751,0.00337758988475,3.89309868266e-05,4.18018288053e-06,3.89309868266e-05,0.19760257505,0.566683979517,0.197590486008
75,0.0990471700816,0.0625565770061,0.00690024895986,0.197189722393,0.0355207668965,0.0643782598933,0.00202169863398,0.111229414486,0.0447290620616,0.115115995935,0.122700265874,0.138610817779,1,0.2,30,20,15,10,20,4.27116442596e-05,4.58612788133e-06,4.27116442596e-05,0.018012276251,0.00306493902201,0.00149328962871,4.27116442596e-05,4.58612788133e-06,4.27116442596e-05,0.200760601231,0.575740556049,0.200748318985
76,0.070958567824,0.139536848063,0.00691322762117,0.229426474344,0.00381980871171,0.0363297908747,0.0463261041154,0.105575939657,0.0468068314446,0.0390732260383,0.179503771218,0.0957294100885,1,0.2,30,20,15,10,20,3.79097038712e-05,4.07052345819e-06,3.79097038712e-05,0.00214148516333,0.00133716342622,0.00261542475432,3.79097038712e-05,4.07052345819e-06,3.79097038712e-05,0.204149583854,0.585459468664,0.204137094276
77,0.0299574406697,0.00329672628382,0.120673719882,0.00313480779729,0.0715734012055,0.054550135294,0.289961398865,0.05709640239,0.0926925629708,0.111178394471,0.128475160971,0.0374098492005,1,0.2,30,20,15,10,20,4.91029718003e-05,5.27239145047e-06,4.91029718003e-05,0.0453598062853,0.00230688994378,0.00149805592525,4.91029718003e-05,5.27239145047e-06,4.91029718003e-05,0.19529169564,0.560056847561,0.195279747975
78,0.0799083021105,0.0260032666311,0.0446218104408,0.0686057594129,0.246871232195,0.173350288071,0.0241226260682,0.0429996036028,0.133340587033,0.0998484351011,0.0436998966529,0.0166281926812,1,0.2,30,20,15,10,20,2.83038226411e-05,3.03909981488e-06,2.83038226411e-05,0.0831553827242,0.00301274061625,0.000169156892789,2.83038226411e-05,3.03909981488e-06,2.83038226411e-05,0.187673190894,0.538208526066,0.187661709317
79,0.103619725486,0.0243981229454,0.0891799283649,0.0905913628961,0.0873876055552,0.0714589395363,0.0114043432692,0.0919743318425,0.230531938973,0.143307360127,0.0484153512138,0.0077309897903,1,0.2,30,20,15,10,20,2.39726365748e-05,2.57404225219e-06,2.39726365748e-05,0.068999850845,0.00659735797574,0.0032433230293,2.39726365748e-05,2.57404225219e-06,2.39726365748e-05,0.189217030625,0.542635944295,0.189205454599
80,0.028871804804,0.0289677299868,0.0756517318611,0.00307933270192,0.0758828522659,0.106860524487,0.0707389320263,0.0363295509808,0.148075911354,0.0211718560477,0.39426015502,0.010109618464,1,0.2,30,20,15,10,20,6.60547689837e-06,7.09257681325e-07,6.60547689837e-06,0.003709744486,0.00104549032852,0.00146709895907,6.60547689837e-06,7.09257681325e-07,6.60547689837e-06,0.204150339649,0.58546163613,0.204137850024
81,0.223622130312,0.0687676857879,0.0444620973842,0.200021475031,0.0402456105283,0.0183409918808,0.0422937303738,0.0424364240368,0.0616878422827,0.0982434919815,0.0311435860107,0.128734934391,1,0.2,30,20,15,10,20,2.07815308648e-05,2.23139988563e-06,2.07815308648e-05,0.0665461807241,0.00378360808317,0.000762920770067,2.07815308648e-05,2.23139988563e-06,2.07815308648e-05,0.190811462413,0.547208450246,0.190799788841
82,0.0656061051506,0.118838457259,0.100746560706,0.0554442005886,0.082938184874,0.202493202538,0.107184480408,0.00332833285635,0.0160732989217,0.145282616468,0.0412368550662,0.0608277051646,1,0.2,30,20,15,10,20,0.000113179371729,1.21525425039e-05,0.000113179371729,0.0117862400168,0.00209502698569,0.006409397345,0.000113179371729,1.21525425039e-05,0.000113179371729,0.201167944003,0.57690873224,0.201155636837
83,0.0282201881785,0.214903496976,0.00150149316326,0.124846583195,0.00574428400698,0.0243955202844,0.0968136969225,0.106691084576,0.146796936787,0.0354005742049,0.15250468657,0.0621814551355,1,0.2,30,20,15,10,20,2.48559604597e-05,2.66888843212e-06,2.48559604597e-05,0.0712287461085,0.000839610533014,4.0161928243e-05,2.48559604597e-05,2.66888843212e-06,2.48559604597e-05,0.190599252501,0.546599875398,0.190587591913
84,0.0171112825252,0.0337943705316,0.0815437659104,0.220367107359,0.144061709792,0.0270323544464,0.0474673790619,0.0338080453273,0.0509415113181,0.208022784803,0.10127380184,0.0345758870847,1,0.2,30,20,15,10,20,2.68225614897e-05,2.88005060983e-06,2.68225614897e-05,0.0409734656559,0.000976468907033,0.00240681285169,2.68225614897e-05,2.88005060983e-06,2.68225614897e-05,0.196298716505,0.562944778503,0.196286707231
85,0.0155025567566,0.0787840068989,0.0100349295023,0.0508980029041,0.0108882055212,0.0169752815551,0.0220622066236,0.133115248702,0.47597246323,0.128903168024,0.0459845678679,0.0108793624135,1,0.2,30,20,15,10,20,8.17513192107e-05,8.77798106037e-06,8.17513192107e-05,0.064637991841,0.000529702761051,0.00756191051514,8.17513192107e-05,8.77798106037e-06,8.17513192107e-05,0.190422396919,0.546092689574,0.190410747151
86,0.00390227744662,0.0534267465353,0.135854849857,0.024234051013,0.111332731493,0.109629356709,0.0478792818022,0.115419786492,0.0801465614184,0.0395207742698,0.0947329415839,0.183920641379,1,0.2,30,20,15,10,20,8.03123443221e-06,8.62347230821e-07,8.03123443221e-06,0.0478355697864,0.000313025559272,0.00046334808476,8.03123443221e-06,8.62347230821e-07,8.03123443221e-06,0.195440823666,0.560484516395,0.195428866877
87,0.0128731585699,0.0423276721069,0.0198891322555,0.0182931706395,0.128639960846,0.0281450406501,0.0709312868876,0.0791095877582,0.00423134614613,0.510853110584,0.0288094415966,0.0558970919593,1,0.2,30,20,15,10,20,7.60025443964e-06,8.16071106489e-07,7.60025443964e-06,0.00813858022761,3.50285765e-05,0.000467450199257,7.60025443964e-06,8.16071106489e-07,7.60025443964e-06,0.203652589095,0.584034188819,0.203640129922
88,0.0559738461763,0.0128505414278,0.17988266557,0.0558207879204,0.116841565013,0.019911532041,0.119919065257,0.102982144806,0.268965998943,0.00549917588479,0.0223878731361,0.0389648038241,1,0.2,30,20,15,10,20,0.000594098560277,6.37908471748e-05,0.000594098560277,0.0991157270385,0.0536633143186,0.0039633426896,0.000594098560277,6.37908471748e-05,0.000594098560277,0.17271966919,0.495324868379,0.172709102449
89,0.013753190612,0.0618346445437,0.0550036659364,0.0113200441229,0.135745691599,0.0588522845347,0.0160627476704,0.124141661287,0.28713903423,0.00540334398826,0.159707528006,0.0710361634701,1,0.2,30,20,15,10,20,2.21626718427e-05,2.37969876891e-06,2.21626718427e-05,0.056423599748,0.000732119831396,0.00305195572517,2.21626718427e-05,2.37969876891e-06,2.21626718427e-05,0.193046426378,0.553617872157,0.193034616075
90,0.144194402405,0.253934339477,0.0240065961959,0.0148783288679,0.0964816951038,0.00569781775883,0.0717585666866,0.0320785950699,0.240865397415,0.0533870829419,0.00619464752834,0.05652253055,1,0.2,30,20,15,10,20,0.000406519289649,4.36496763559e-05,0.000406519289649,0.0295021743561,0.00466229107393,0.0202462786884,0.000406519289649,4.36496763559e-05,0.000406519289649,0.193904518377,0.556078705416,0.193892655577
91,0.0463371422378,0.0995952842595,0.15039093247,0.0898947873289,0.0316558116567,0.0279235117864,0.0475941053441,0.0803571648189,0.0469857130537,0.135001915673,0.0250117543407,0.21925187703,1,0.2,30,20,15,10,20,3.24168248923e-05,3.48073006881e-06,3.24168248923e-05,0.0189201233938,0.000346698923288,0.00245939483962,3.24168248923e-05,3.48073006881e-06,3.24168248923e-05,0.200942960738,0.57626352601,0.200930667336
92,0.129494920298,0.078220931565,0.0254726513939,0.0495659424049,0.198029639375,0.11552692692,0.0246005296904,0.00211058862604,0.17806887907,0.0300667857071,0.0886598639184,0.0801823410311,1,0.2,30,20,15,10,20,6.38236571883e-05,6.85301300837e-06,6.38236571883e-05,0.103400953602,0.00169677822158,0.00112474586614,6.38236571883e-05,6.85301300837e-06,6.38236571883e-05,0.183557333485,0.526405084461,0.18354610371
93,0.0586763061001,0.168821234578,0.0101401386759,0.09545673995,0.0315091455471,0.187391834859,0.0128094324442,0.0109152268191,0.0198602421126,0.0270710333657,0.282812595991,0.0945360695577,1,0.2,30,20,15,10,20,1.3587669342e-05,1.45896488632e-06,1.3587669342e-05,0.0272272639144,0.0019749808802,0.00111922949865,1.3587669342e-05,1.45896488632e-06,1.3587669342e-05,0.199193503061,0.571246437351,0.199181316688
94,0.038538368641,0.00779680927954,0.142724353717,0.282291975044,0.0238125780629,0.0113430321369,0.04389539151,0.0689624664185,0.111334641443,0.0524979924747,0.189270527026,0.0275318642467,1,0.2,30,20,15,10,20,1.04608302196e-09,1.12322309205e-10,1.04608302196e-09,4.47158129003e-08,9.41204322456e-09,8.71095602255e-09,1.04608302196e-09,1.12322309205e-10,1.04608302196e-09,0.205434326245,0.589143848439,0.205421758068
