run_ID,t1_initial,t2_initial,t3_initial,t4_initial,t5_initial,t6_initial,t7_initial,t8_initial,t9_initial,t10_initial,t11_initial,t12_initial,alpha,prior_cost_c,lambda,k,sample_amount,learning_parameter,generations,t1_final,t2_final,t3_final,t4_final,t5_final,t6_final,t7_final,t8_final,t9_final,t10_final,t11_final,t12_final
0,0.117402538085,0.0147022341151,0.143706804536,0.00564627117279,0.020609961968,0.0170711990224,0.0624322185003,0.122513049529,0.0157397803996,0.207831324708,0.13070063809,0.141643979874,1,0.5,30,20,5,2,20,4.56759023568e-05,1.14189755892e-05,4.56759023568e-05,0.00131198605462,0.000698176232425,0.000147870818902,4.56759023568e-05,1.14189755892e-05,4.56759023568e-05,0.264082606204,0.469474444243,0.264079374886
1,0.16160458527,0.0573380150132,0.0539124044152,0.0851083021788,0.0271825050589,0.0287213168936,0.0115178497189,0.284115810423,0.0881335495095,0.0574861929068,0.0600253718145,0.0848540967967,1,0.5,30,20,5,2,20,0.00033072177732,8.26804443299e-05,0.00033072177732,0.00255830466009,0.00091974186984,0.00235115578256,0.00033072177732,8.26804443299e-05,0.00033072177732,0.262771274383,0.467143216196,0.26276805911
2,0.0123979919718,0.0301184909966,0.0293622350402,0.079473283683,0.00902568904778,0.256226443061,0.0752493938722,0.127672783635,0.00900236294985,0.068100106235,0.033729890851,0.269641328657,1,0.5,30,20,5,2,20,9.94853655025e-05,2.48713413756e-05,9.94853655025e-05,0.00201292039274,0.000788862813245,0.00141569631946,9.94853655025e-05,2.48713413756e-05,9.94853655025e-05,0.263473356575,0.468391347043,0.263470132712
3,0.0179619454431,0.149123293158,0.00776044360805,0.298691059233,0.10700049516,0.00259947432644,0.0841610955029,0.0478851381973,0.110615343775,0.0944087623575,0.0340088344391,0.0457841148001,1,0.5,30,20,5,2,20,0.000926386593103,0.000231596648276,0.000926386593103,0.023081480403,0.00362685091349,0.00346781509822,0.000926386593103,0.000231596648276,0.000926386593103,0.25561688878,0.454424464087,0.255613761049
4,0.00314516055703,0.0119578719858,0.16170646725,0.0322458795828,0.33986906143,0.171543201778,0.00122013824054,0.0206370932687,0.00434114570629,0.0796088992571,0.0195727998772,0.154152281068,1,0.5,30,20,5,2,20,0.000212763964786,5.31909911965e-05,0.000212763964786,0.00270040075998,0.00107471433734,0.0010455124843,0.000212763964786,5.31909911965e-05,0.000212763964786,0.263178762284,0.467867630267,0.263175542025
5,0.0880628242195,0.0868934322964,0.0935069605672,0.0596973738921,0.00487568978504,0.0604218628747,0.307642022539,0.0180464898748,0.142441059899,0.00498998463707,0.0188965884287,0.114525710986,1,0.5,30,20,5,2,20,0.000536081617595,0.000134020404399,0.000536081617595,0.00249765514411,0.00176349327762,0.00337705465107,0.000536081617595,0.000134020404399,0.000536081617595,0.262047794922,0.465857046225,0.262044588502
6,0.166431454502,0.10692445245,0.234470571075,0.0455121863941,0.00528100309788,0.1738208364,0.00965875486628,0.0358772090774,0.0350479266849,0.0909542415199,0.060633130658,0.0353882332738,1,0.5,30,20,5,2,20,0.000207835161977,5.19587904942e-05,0.000207835161977,0.000430634568352,0.000426090410795,0.000687124767367,0.000207835161977,5.19587904942e-05,0.000207835161977,0.264052023583,0.469420075803,0.264048792639
7,0.174305998303,0.0508836241316,0.0176784710169,0.0976548541945,0.0453464719983,0.0129954165775,0.0937765981556,0.0553591727364,0.0863400157747,0.0482170440071,0.159684356387,0.157757976718,1,0.5,30,20,5,2,20,7.73975636297e-05,1.93493909074e-05,7.73975636297e-05,0.00570760759228,0.00114699575018,0.00109441256577,7.73975636297e-05,1.93493909074e-05,7.73975636297e-05,0.262511898764,0.466682109627,0.262508686665
8,0.0258288840798,0.335494015177,0.0238650996121,0.0436941139883,0.0588887437014,0.125088401247,0.0838894859841,0.124250420166,0.0381592304465,0.000829233395299,0.107668594617,0.0323437775857,1,0.5,30,20,5,2,20,0.000950870655728,0.000237717663932,0.000950870655728,0.0402465832921,0.0074812478781,0.00306867546108,0.000950870655728,0.000237717663932,0.000950870655728,0.250129343924,0.444668948156,0.250126283338
9,0.038814455344,0.0581251419948,0.215089417753,0.0187151025749,0.025853901117,0.0306626221474,0.00240296168072,0.00367838654863,0.0612817377715,0.208747782199,0.241353950089,0.0952745407788,1,0.5,30,20,5,2,20,1.95910725407e-05,4.89776813516e-06,1.95910725407e-05,0.000248583617114,0.000381935742271,5.50900986125e-05,1.95910725407e-05,4.89776813516e-06,1.95910725407e-05,0.264503440827,0.470222585529,0.26450020436
10,0.0382568726204,0.0161878155297,0.0463273232704,0.0757252361943,0.0230003682339,0.0142978698012,0.14786383311,0.0936160846877,0.391252262493,0.0576084456389,0.0725433805951,0.0233205078253,1,0.5,30,20,5,2,20,0.000333702392698,8.34255981744e-05,0.000333702392698,0.0260589117132,0.000832734132169,0.0120947749949,0.000333702392698,8.34255981744e-05,0.000333702392698,0.253990734158,0.45153355791,0.253987626324
11,0.0741471910631,0.129508723288,0.0382422863326,0.403001418976,0.0121759138831,0.0150368016931,0.0881298108905,0.117343938559,0.0345044239091,0.0277505966876,0.0581931464804,0.00196574823726,1,0.5,30,20,5,2,20,0.000620771879683,0.000155192969921,0.000620771879683,0.00220150154751,0.00753329131993,0.00833470118869,0.000620771879683,0.000155192969921,0.000620771879683,0.259185664039,0.460768875805,0.25918249264
12,0.000507627037515,0.133809914861,0.00724672792921,0.181069972361,0.177478883066,0.0476435049327,0.124642893814,0.0110252444456,0.0683252809433,0.0799899423058,0.155061161289,0.013198847015,1,0.5,30,20,5,2,20,0.000170223511,4.255587775e-05,0.000170223511,0.00624114287559,0.00551621412426,0.000723171380443,0.000170223511,4.255587775e-05,0.000170223511,0.261201796885,0.464353068118,0.261198600817
13,0.01893696132,0.0477069703693,0.0353680726115,0.0688780474454,0.188380275312,0.249001436417,0.209051917666,0.0742554795644,0.0177270813749,0.0728670070258,0.00240123722427,0.0154255136702,1,0.5,30,20,5,2,20,0.00181248347836,0.00045312086959,0.00181248347836,0.0833873212962,0.00592617051014,0.0102792058009,0.00181248347836,0.00045312086959,0.00181248347836,0.236186246768,0.419881523182,0.23618335679
14,0.0805670842951,0.0304088255485,0.0748773048782,0.264039076619,0.0661378866378,0.0362103088839,0.066909471644,0.0227307468326,0.0502245260872,0.0863336527543,0.162743070629,0.058818045191,1,0.5,30,20,5,2,20,0.000196988813947,4.92472034868e-05,0.000196988813947,0.0186770297193,0.00463609215763,0.00150236855799,0.000196988813947,4.92472034868e-05,0.000196988813947,0.257904748008,0.458491719613,0.257901592282
15,0.0470754663254,0.0551221426907,0.000721837706202,0.0542934401152,0.069022319719,0.157672662037,0.200965451579,0.0656017020147,0.0469687202776,0.00469185530136,0.260883131778,0.0369812704558,1,0.5,30,20,5,2,20,8.44246460674e-05,2.11061615169e-05,8.44246460674e-05,0.0184755499788,0.00113390108312,0.00279563395353,8.44246460674e-05,2.11061615169e-05,8.44246460674e-05,0.258676887236,0.459864394778,0.258673722063
16,0.0778747074363,0.0118367855045,0.107091095758,0.105747843918,0.00610047263123,0.159768821853,0.215801926743,0.0625242420434,0.0265661334123,0.0123955700652,0.155503225878,0.0587891747581,1,0.5,30,20,5,2,20,0.00038868068262,9.7170170655e-05,0.00038868068262,0.00756005457025,0.00259546479036,0.00236434553849,0.00038868068262,9.7170170655e-05,0.00038868068262,0.2609311608,0.463871943187,0.260927968043
17,0.0074891207679,0.0828389081798,0.0875544529989,0.042105801852,0.0851439674634,0.00126275694043,0.0178694688628,0.489060812422,0.0527245479955,0.063028538102,0.0508613686594,0.0200602557554,1,0.5,30,20,5,2,20,0.000653023125878,0.00016325578147,0.000653023125878,0.0425440740087,0.0134218978539,0.00250715335661,0.000653023125878,0.00016325578147,0.000653023125878,0.248452071706,0.441687167366,0.248449031643
18,0.0983042694984,0.0167590268051,0.0171975464724,0.0379231543293,0.0014824816964,0.163627514511,0.129155643049,0.0667082967363,0.0574303900865,0.108633498407,0.0905027200511,0.212275458357,1,0.5,30,20,5,2,20,3.32547689393e-05,8.31369223482e-06,3.32547689393e-05,0.000204370368019,0.000636655341236,7.47381720066e-05,3.32547689393e-05,8.31369223482e-06,3.32547689393e-05,0.264426241029,0.470085343123,0.264423005507
19,0.0230746974114,0.240280473017,0.0234686998439,0.0184953504185,0.00659014705072,0.023874919334,0.0167561737742,0.0441007160604,0.455064972256,0.110804555242,0.0373211068765,0.000168188715328,1,0.5,30,20,5,2,20,0.000754724514742,0.000188681128685,0.000754724514742,0.00633542687277,0.00550439168758,0.00105958586,0.000754724514742,0.000188681128685,0.000754724514742,0.260394666829,0.462918187798,0.260391480636
20,0.073939565937,0.0175712807304,0.0278853410144,0.0537880427899,0.0564623070971,0.0248242823145,0.116950225304,0.233356651163,0.134573849625,0.0504663743439,0.0709377505572,0.139244329123,1,0.5,30,20,5,2,20,0.000156450019676,3.91125049189e-05,0.000156450019676,0.0144114355767,0.000734669082551,0.000565243092297,0.000156450019676,3.91125049189e-05,0.000156450019676,0.260362979105,0.462861854755,0.2603597933
21,0.0252484505268,0.117175113921,0.178428656391,0.03925241311,0.353069073631,0.0319196924943,0.0769009736292,0.0517793192376,0.0219634278074,0.0441648290476,0.0526449621036,0.00745308810045,1,0.5,30,20,5,2,20,0.000812994324873,0.000203248581218,0.000812994324873,0.0237227841688,0.0154178747514,0.0054258963449,0.000812994324873,0.000203248581218,0.000812994324873,0.251942700053,0.447892652941,0.251939617279
22,0.0844095302253,0.148483462688,0.0269493262874,0.241212524548,0.0816569340444,0.218362877628,0.0214057964888,0.0393266667525,0.0137195390238,0.0773718254029,0.0121245093635,0.0349770075476,1,0.5,30,20,5,2,20,0.00135388113279,0.000338470283197,0.00135388113279,0.0205865958435,0.00268477306074,0.00768502714895,0.00135388113279,0.000338470283197,0.00135388113279,0.254901124235,0.453152009353,0.254898005261
23,0.030843055589,0.129875923419,0.207619847034,0.0059908016042,0.0324717398106,0.0927091787758,0.134364576883,0.00858470851403,0.089712931559,0.181270888952,0.0451073780562,0.0414489698029,1,0.5,30,20,5,2,20,0.00016523400977,4.13085024425e-05,0.00016523400977,0.0015029738316,0.00129427832655,0.000762215230361,0.00016523400977,4.13085024425e-05,0.00016523400977,0.263569218883,0.468561766838,0.263565993847
24,0.0194304043826,0.00897487855076,0.319340056542,0.117594856143,0.0696450995608,0.0138636071373,0.194046606166,0.0269259512732,0.0723224575988,0.0401960949098,0.0321925136985,0.0854674740366,1,0.5,30,20,5,2,20,0.000397999573364,9.9499893341e-05,0.000397999573364,0.00896523278191,0.00654476129114,0.00104635501241,0.000397999573364,9.9499893341e-05,0.000397999573364,0.259851569535,0.461952693312,0.259848389988
25,0.00627363048093,0.0425049435877,0.115291177308,0.10052132114,0.168164446118,0.01982366652,0.0980864407082,0.0313194746571,0.00703350449673,0.0843735643977,0.137480783999,0.189127046586,1,0.5,30,20,5,2,20,0.000109205271369,2.73013178421e-05,0.000109205271369,0.00284883044102,0.00116492377512,0.000839742734115,0.000109205271369,2.73013178421e-05,0.000109205271369,0.263293419279,0.468071462432,0.263290197618
26,0.0283733161054,0.114651948471,0.00128569675077,0.0322778541291,0.0283402344619,0.0380463378746,0.227477745789,0.0606708898984,0.0539638939973,0.0239220891665,0.364423727618,0.0265662657378,1,0.5,30,20,5,2,20,0.000115647268072,2.89118170181e-05,0.000115647268072,0.00691290218594,0.0011587293344,0.000644298019899,0.000115647268072,2.89118170181e-05,0.000115647268072,0.26226332783,0.466240211151,0.262260118773
27,0.0317103863173,0.0809338532744,0.089624599722,0.111375796025,0.0131099784504,0.237570969517,0.112216510233,0.0872388969461,0.0282019999563,0.152742807814,0.0281965170465,0.0270776846988,1,0.5,30,20,5,2,20,0.000142715282673,3.56788206684e-05,0.000142715282673,0.000532295103652,0.00164050750256,0.000598005011669,0.000142715282673,3.56788206684e-05,0.000142715282673,0.263804807661,0.468980586208,0.263801579742
28,0.128261622934,0.00939486525364,0.0280902030976,0.0775286794332,0.0977839224312,0.0819116302728,0.00671831362485,0.0651118577324,0.123332972861,0.0875827041367,0.197021579511,0.0972616487123,1,0.5,30,20,5,2,20,0.000126639385561,3.16598463904e-05,0.000126639385561,0.00358135489384,0.0012214372773,0.00110195808324,0.000126639385561,3.16598463904e-05,0.000126639385561,0.262994376549,0.467539837416,0.262991158546
29,0.013203267991,0.0652028730517,0.102979929641,0.0470872328192,0.0131569776286,0.0944520378083,0.0678476605546,0.062360619954,0.125721479982,0.127920868059,0.248339156136,0.0317278963748,1,0.5,30,20,5,2,20,5.76729186792e-05,1.44182296698e-05,5.76729186792e-05,0.00236802782293,0.00113722534611,0.000549926137528,5.76729186792e-05,1.44182296698e-05,5.76729186792e-05,0.263566125235,0.468556267088,0.263562900237
30,0.248055375545,0.107187960403,0.0822285841424,0.00353051811107,0.0833736478033,0.0642412093861,0.0260618371915,0.00513584650007,0.0588727255616,0.00446446400605,0.0526203530826,0.264227478267,1,0.5,30,20,5,2,20,4.17319005426e-05,1.04329751356e-05,4.17319005426e-05,0.00240647461446,0.000456859930319,0.00265030244948,4.17319005426e-05,1.04329751356e-05,4.17319005426e-05,0.263199048169,0.467903693622,0.263195827662
31,0.00815540862233,0.00611072081948,0.0250971641314,0.302030485962,0.0541738408274,0.05199817932,0.0446939922569,0.0483910590259,0.016540929288,0.137446114696,0.286731785759,0.018630319291,1,0.5,30,20,5,2,20,0.000103346887791,2.58367219478e-05,0.000103346887791,0.0328238086206,0.000896445771637,0.000485650220416,0.000103346887791,2.58367219478e-05,0.000103346887791,0.255530568824,0.454271017964,0.255527447605
32,0.033279316845,0.130202800583,0.0654269149752,0.0324306501083,0.060158460345,0.196512451979,0.137523279293,0.0865820123815,0.0382845461613,0.0878713337654,0.0143427005571,0.117385533006,1,0.5,30,20,5,2,20,0.000264064776286,6.60161940715e-05,0.000264064776286,0.0140802239262,0.00242592468759,0.00289355135825,0.000264064776286,6.60161940715e-05,0.000264064776286,0.259258452472,0.46089827588,0.259255280183
33,0.217317445277,0.0254082894064,0.108940960625,0.0388014347406,0.00823114019557,0.037924072328,0.175387371167,0.0976406269684,0.0274166971461,0.114564959646,0.0384997992106,0.109867203289,1,0.5,30,20,5,2,20,0.000185838209505,4.64595523763e-05,0.000185838209505,0.00194933588667,0.00161776778108,0.000570081456433,0.000185838209505,4.64595523763e-05,0.000185838209505,0.263391748765,0.468246268267,0.2633885259
34,0.00491164954911,0.0103097960163,0.217116128728,0.0667561416216,0.0530377609845,0.0851790548551,0.0292544016258,0.137930078938,0.0672441108469,0.0227672581658,0.129443414574,0.176050204094,1,0.5,30,20,5,2,20,0.000119442677124,2.9860669281e-05,0.000119442677124,0.0101670356677,0.000670875711479,0.000899723952117,0.000119442677124,2.9860669281e-05,0.000119442677124,0.261458936293,0.46481019925,0.261455737078
35,0.124796667056,0.143455247464,0.0141260453727,0.169862929947,0.0161286214133,0.117679347758,0.059194336324,0.000501460522258,0.0116847944936,0.186488773765,0.0218237680339,0.13425800785,1,0.5,30,20,5,2,20,0.000200447333818,5.01118334546e-05,0.000200447333818,0.00298017581763,0.00132457690637,0.000603075649592,0.000200447333818,5.01118334546e-05,0.000200447333818,0.263170350927,0.467852676926,0.263167130771
36,0.0105253922138,0.0685389857006,0.0539539817134,0.0438391483019,0.134657130016,0.0333725164748,0.087689425124,0.297988836819,0.0320083711758,0.0824417329086,0.0725539811383,0.0824304984137,1,0.5,30,20,5,2,20,0.000252888773155,6.32221932888e-05,0.000252888773155,0.0352578336093,0.00186633557516,0.0017508721849,0.000252888773155,6.32221932888e-05,0.000252888773155,0.254116481373,0.451757105778,0.254113372
37,0.0484447707756,0.0673587612706,0.0819244156957,0.0107224325216,0.104849746043,0.118054606336,0.0226953199048,0.08706827712,0.0596058281613,0.295947301334,0.075404258561,0.0279242822765,1,0.5,30,20,5,2,20,2.27261366307e-05,5.68153415768e-06,2.27261366307e-05,3.57834525283e-05,0.000439512781072,3.31634317585e-05,2.27261366307e-05,5.68153415768e-06,2.27261366307e-05,0.264546599393,0.470299310929,0.264543362398
38,0.136524813576,0.0444450141423,0.0065743108597,0.173111320571,0.0114627055426,0.155287268908,0.0319409490446,0.0792271554592,0.194759297213,0.0721958137947,0.00959043354726,0.0848809173426,1,0.5,30,20,5,2,20,0.000355484306564,8.88710766411e-05,0.000355484306564,0.0221750758529,0.00108337538422,0.00947070153277,0.000355484306564,8.88710766411e-05,0.000355484306564,0.255621138389,0.454432018855,0.255618010606
39,0.0893433787448,0.0129584489853,0.051287442008,0.0205106645851,0.324053368004,0.0679632767864,0.0683329915911,0.123254945614,0.146227624783,0.0637226309412,0.0180646269105,0.0142806010475,1,0.5,30,20,5,2,20,0.00116862135798,0.000292155339496,0.00116862135798,0.0485594860189,0.0233648523462,0.00132157309876,0.00116862135798,0.000292155339496,0.00116862135798,0.243927419097,0.43364343893,0.243924434398
40,0.0105844868911,0.0221021958589,0.12081458434,0.0699984064254,0.0105898941362,0.00452058661669,0.0997442511696,0.059809577817,0.0188255417779,0.034269180259,0.445752522341,0.102988772367,1,0.5,30,20,5,2,20,3.23386022253e-05,8.08465055633e-06,3.23386022253e-05,0.00651058078881,0.000492057050565,0.000221759033539,3.23386022253e-05,8.08465055633e-06,3.23386022253e-05,0.262757385068,0.467118524383,0.262754169966
41,0.0864541623281,0.0432427820566,0.0668888257691,0.0824580793247,0.211818163817,0.00323263233382,0.0755772185439,0.139505875054,0.0152483801081,0.097631802632,0.0936680988907,0.0842739791416,1,0.5,30,20,5,2,20,7.5535469608e-05,1.8883867402e-05,7.5535469608e-05,0.00021252081359,0.000889975787667,0.000138963042826,7.5535469608e-05,1.8883867402e-05,7.5535469608e-05,0.26428966244,0.469842539713,0.264286428589
42,0.0233470989131,0.0051278262658,0.0677847017675,0.0171307895061,0.0383393312847,0.0324452639166,0.0444115901702,0.195837723889,0.201638978114,0.0237295425878,0.258934715065,0.0912724385204,1,0.5,30,20,5,2,20,4.9777172354e-05,1.24442930885e-05,4.9777172354e-05,0.00295948121662,0.00112458312074,0.000273517196919,4.9777172354e-05,1.24442930885e-05,4.9777172354e-05,0.263495482178,0.468430680968,0.263492258044
43,0.110900744674,0.0687134092119,0.278308233572,0.101274184486,0.00639458717589,0.000617001780166,0.0197256755841,0.0996646677599,0.115590039087,0.0700297362057,0.0718112734152,0.0569704470478,1,0.5,30,20,5,2,20,0.000339575600847,8.48939002118e-05,0.000339575600847,0.00321016458537,0.00236446636919,0.000616730425965,0.000339575600847,8.48939002118e-05,0.000339575600847,0.262664861324,0.466954039739,0.262661647353
44,0.015554688268,0.173287688238,0.0524419075272,0.0327046982634,0.160480993852,0.0225940169695,0.140085909699,0.060865866159,0.0393133057986,0.0673915872334,0.193058733385,0.0422206046063,1,0.5,30,20,5,2,20,0.000280495842476,7.01239606191e-05,0.000280495842476,0.0183450348179,0.00253633408322,0.00084721963281,0.000280495842476,7.01239606191e-05,0.000280495842476,0.258622403948,0.459767536785,0.258619239442
45,0.0451390728726,0.0947208051107,0.124207232322,0.0211937507261,0.00899502979624,0.132655269096,0.0765568656695,0.0408899493871,0.159620906921,0.0685085698985,0.0692130580614,0.158299490139,1,0.5,30,20,5,2,20,5.67551511164e-05,1.41887877791e-05,5.67551511164e-05,0.000108057010597,0.000189237822945,0.000252115799417,5.67551511164e-05,1.41887877791e-05,5.67551511164e-05,0.264495224407,0.470207978739,0.264491988041
46,0.194726163835,0.181001946723,0.0210055559387,0.0326248273364,0.0286592478627,0.331224664967,0.00185899674682,0.00855579506782,0.13238679056,0.000794263206415,0.0430804966892,0.0240812510665,1,0.5,30,20,5,2,20,0.00170879402338,0.000427198505846,0.00170879402338,0.0792568000137,0.0101868267267,0.0208415979486,0.00170879402338,0.000427198505846,0.00170879402338,0.233479360037,0.415069338988,0.233476503181
47,0.19176581983,0.0380884306021,0.0254724809656,0.0984811915671,0.138734592118,0.0318142934738,0.15237465544,0.0458309410533,0.143580521579,0.0123776081665,0.108921098834,0.0125583663709,1,0.5,30,20,5,2,20,0.000496196103939,0.000124049025985,0.000496196103939,0.0226716670084,0.00336049626423,0.00980299755295,0.000496196103939,0.000124049025985,0.000496196103939,0.254631338299,0.452672395781,0.254628222627
48,0.0330932976362,0.0738744072973,0.0579816989919,0.146702010108,0.0142817491054,0.0443426372217,0.0900615691761,0.128775531829,0.0631563165534,0.128115647765,0.0794457982168,0.140169336099,1,0.5,30,20,5,2,20,6.85056338033e-05,1.71264084508e-05,6.85056338033e-05,0.00179574204736,0.00153034176455,0.000814545994681,6.85056338033e-05,1.71264084508e-05,6.85056338033e-05,0.26353060199,0.468493115425,0.263527377426
49,0.0265863009304,0.0538980270432,0.0696903405271,0.180897197998,0.052701009187,0.00422603104929,0.440385968891,0.0388743996872,0.0346855627632,0.011640440766,0.0258641567778,0.0605505643793,1,0.5,30,20,5,2,20,0.000879827016422,0.000219956754106,0.000879827016422,0.00283633345015,0.00819463424663,0.000891724252354,0.000879827016422,0.000219956754106,0.000879827016422,0.260504190194,0.463112893621,0.260501002662
50,0.0365980456393,0.016394448299,0.0564692151965,0.0251279968057,0.0645271546203,0.0018046857985,0.311130143035,0.174676329189,0.0271349441553,0.124780900497,0.0495816604619,0.111774476302,1,0.5,30,20,5,2,20,0.000251166521106,6.27916302766e-05,0.000251166521106,0.00982762948261,0.00104896621383,0.00287786524735,0.000251166521106,6.27916302766e-05,0.000251166521106,0.260768158131,0.463582164211,0.260764967369
51,0.0926722704935,0.107869442741,0.247966138214,0.0305695990464,0.0516763472278,0.00805793863659,0.108617869106,0.021207720549,0.0645919946816,0.0249466395858,0.0690382147953,0.172785824923,1,0.5,30,20,5,2,20,0.00018272598141,4.56814953525e-05,0.00018272598141,0.00215282000356,0.000335743087389,0.00186186180385,0.00018272598141,4.56814953525e-05,0.00018272598141,0.263339009682,0.468152511044,0.263335787463
52,0.21648731302,0.0503639896641,0.0139398545142,0.100475893764,0.189649293315,0.0358936658181,0.0690793827695,0.0144403129197,0.104509045689,0.0208132071239,0.00553992462078,0.178808116782,1,0.5,30,20,5,2,20,0.000124235221333,3.10588053331e-05,0.000124235221333,0.000411527296883,0.00218406565074,0.000421793001652,0.000124235221333,3.10588053331e-05,0.000124235221333,0.263761549551,0.468903683842,0.263758322161
53,0.0537440143778,0.052133040811,0.0215061613645,0.366626591714,0.210968724373,0.0933645182353,0.0220487107801,0.0128924779096,0.00866452480381,0.047765036442,0.0332495432042,0.0770366559849,1,0.5,30,20,5,2,20,0.000874656185348,0.000218664046337,0.000874656185348,0.0255970540645,0.0102216335017,0.00189459843513,0.000874656185348,0.000218664046337,0.000874656185348,0.253683366244,0.450987132749,0.253680262171
54,0.0258853429834,0.0774167482831,0.108184563399,0.0221263338709,0.0367937680175,0.0151539716072,0.030697970012,0.245412692294,0.157867198007,0.0650642116748,0.0613167834035,0.154080416447,1,0.5,30,20,5,2,20,0.000170913313758,4.27283284395e-05,0.000170913313758,0.00517531093169,0.00320767135032,0.000542613707274,0.000170913313758,4.27283284395e-05,0.000170913313758,0.262141995183,0.466024511306,0.26213878761
55,0.13383143476,0.147574649849,0.2776521897,0.121022549096,0.0247992629009,0.0722583135519,0.0659323964163,0.0261559863163,0.052911006812,0.0166152754532,0.0423804163123,0.0188665188321,1,0.5,30,20,5,2,20,0.00113909552506,0.000284773881266,0.00113909552506,0.00924157934981,0.0161471705447,0.0102863421436,0.00113909552506,0.000284773881266,0.00113909552506,0.253907896276,0.451386292367,0.253904789456
56,0.0262377612906,0.111210585251,0.160391466227,0.023751940092,0.0806320190688,0.00942645263005,0.270358405941,0.131043161292,0.0402709803071,0.121312767542,0.0111613287552,0.0142031316043,1,0.5,30,20,5,2,20,0.000366216368049,9.15540920121e-05,0.000366216368049,0.0176820514145,0.0153527819082,0.00165406320921,0.000366216368049,9.15540920121e-05,0.000366216368049,0.255089594126,0.453487062839,0.255086472847
57,0.00633622708818,0.206692422594,0.0506744767767,0.0226016185797,0.0927066109608,0.423829739025,0.11955951542,0.00630247186586,0.0433676420414,0.016104784188,0.0098421613631,0.0019823300971,1,0.5,30,20,5,2,20,0.0048191000283,0.00120477500707,0.0048191000283,0.321289836622,0.0304678701019,0.0210811996135,0.0048191000283,0.00120477500707,0.0048191000283,0.160274274111,0.284928556432,0.160272312993
58,0.0552214478422,0.08238943071,0.0326528716945,0.0453256222998,0.0197790101767,0.102969504072,0.026429637268,0.133605807829,0.0379473777886,0.0332799111794,0.196667235911,0.233732143229,1,0.5,30,20,5,2,20,1.64617299647e-05,4.11543249118e-06,1.64617299647e-05,2.05005749404e-05,0.000232572447298,3.51210022804e-05,1.64617299647e-05,4.11543249118e-06,1.64617299647e-05,0.264612367609,0.470416230772,0.264609129809
59,0.0595242900663,0.12726972795,0.0678016022393,0.0530989684466,0.00413260295971,0.282937102633,0.0732342074202,0.100317496406,0.00484180753978,0.120935000521,0.0950293661874,0.0108778276304,1,0.5,30,20,5,2,20,0.000373681288294,9.34203220735e-05,0.000373681288294,0.0258272117233,0.0022045492283,0.00431818517715,0.000373681288294,9.34203220735e-05,0.000373681288294,0.25569984151,0.454571933801,0.255696712763
60,0.0338201958043,0.112010484746,0.0200372020924,0.156108772882,0.136217681676,0.0592861707552,0.0241643254157,0.175068892764,0.0198018710368,0.131110132739,0.0844728483932,0.0479014216961,1,0.5,30,20,5,2,20,0.000240532468055,6.01331170137e-05,0.000240532468055,0.0406869006663,0.00221033301883,0.00200454852484,0.000240532468055,6.01331170137e-05,0.000240532468055,0.25253587194,0.448947167836,0.252532781908
61,0.0925475230141,0.0432961809639,0.219656719374,0.0442367943246,0.00115454959974,0.21012241387,0.0311613900841,0.00285860761964,0.0638093944847,0.178500374249,0.0202859521591,0.092370100257,1,0.5,30,20,5,2,20,0.000184755642712,4.61889106781e-05,0.000184755642712,0.0179671597762,0.00397460401164,0.000419775325803,0.000184755642712,4.61889106781e-05,0.000184755642712,0.258568901199,0.459672421949,0.258565737346
62,0.0421666817977,0.0169545233198,0.088088136953,0.0127553296106,0.169385391638,0.159521824199,0.105451713252,0.16336615602,0.189011755749,0.0154414193858,0.029318586292,0.00853848178217,1,0.5,30,20,5,2,20,0.00232505443461,0.000581263608652,0.00232505443461,0.0069989034292,0.0431448592202,0.00185193079823,0.00232505443461,0.000581263608652,0.00232505443461,0.248174999152,0.441194599964,0.24817196248
63,0.228935284977,0.032153042149,0.0995358762367,0.0537281993712,0.00804477219543,0.122132527129,0.00644198911344,0.0242346104683,0.137660086353,0.0969490330433,0.18045225232,0.00973232664303,1,0.5,30,20,5,2,20,0.000101241304038,2.53103260094e-05,0.000101241304038,0.0377770297711,0.000724784232711,0.000660943216277,0.000101241304038,2.53103260094e-05,0.000101241304038,0.254220956087,0.451942848528,0.254217852297
64,0.121813074351,0.0454672467519,0.247270254066,0.0310193714568,0.0903214159755,0.072486063013,0.0584410003219,0.0399809915507,0.182100355765,0.0398542434217,0.0406057638182,0.0306402195087,1,0.5,30,20,5,2,20,0.00123077321663,0.000307693304157,0.00123077321663,0.0937072166762,0.00733786394019,0.00432551562222,0.00123077321663,0.000307693304157,0.00123077321663,0.235349715063,0.418394373903,0.235346835321
65,0.00749383580972,0.156742264036,0.0375001186389,0.227448802782,0.0271045632824,0.00803299157557,0.0890847224659,0.0634788874314,0.0503918660061,0.138477595966,0.0609186657038,0.133325686302,1,0.5,30,20,5,2,20,0.000313708089938,7.84270224846e-05,0.000313708089938,0.0091274081943,0.00186822408031,0.00110595052723,0.000313708089938,7.84270224846e-05,0.000313708089938,0.261131189919,0.46422754616,0.261127994715
66,0.0383681710936,0.0259370003513,0.00661746805137,0.0217138585462,0.128185647799,0.217396919108,0.113997506507,0.077480395654,0.0625113992539,0.205001949817,0.0141259186836,0.0886637651348,1,0.5,30,20,5,2,20,8.69142175639e-05,2.1728554391e-05,8.69142175639e-05,0.000672751092468,0.000942611171497,0.000558318711397,8.69142175639e-05,2.1728554391e-05,8.69142175639e-05,0.264029341531,0.469379752649,0.264026110865
67,0.0237888442596,0.0041459385713,0.033915779308,0.219560698082,0.0275909199942,0.0140529471099,0.133760781003,0.223466351934,0.00854600832555,0.0771853560475,0.0180831245974,0.215903250768,1,0.5,30,20,5,2,20,0.000241532066186,6.03830165465e-05,0.000241532066186,0.0136344718912,0.000910366920978,0.00309031966369,0.000241532066186,6.03830165465e-05,0.000241532066186,0.259752381864,0.461776361832,0.25974920353
68,0.0637858193622,0.00473470330006,0.00414309668798,0.306897395298,0.041697195854,0.263070314674,0.138991649292,0.00165674306485,0.0171343321044,0.0237861393111,0.130193782389,0.0039088286616,1,0.5,30,20,5,2,20,0.000774697135421,0.000193674283855,0.000774697135421,0.0816370783069,0.00261201136082,0.00470053142695,0.000774697135421,0.000193674283855,0.000774697135421,0.24023975487,0.427087671633,0.240236815293
69,0.0516559742949,0.0465063592348,0.175106117926,0.102892232574,0.00991232206553,0.0907058323059,0.0848134689326,0.187236501939,0.0531904385289,0.0409037115892,0.048470427671,0.108606612937,1,0.5,30,20,5,2,20,1.34740746819e-06,3.36851867048e-07,1.34740746819e-06,1.3705303679e-05,9.55131694223e-05,7.83740405955e-07,1.34740746819e-06,3.36851867048e-07,1.34740746819e-06,0.264677540441,0.470532092168,0.264674301844
70,0.0076628502178,0.00853574844217,0.14215444936,0.017296951636,0.112479836898,0.16559903685,0.0848514762406,0.133987343383,0.148296151626,0.0274214035735,0.10087259009,0.050842161682,1,0.5,30,20,5,2,20,0.000479042316769,0.000119760579192,0.000479042316769,0.0238775421446,0.00685467219173,0.000768467445017,0.000479042316769,0.000119760579192,0.000479042316769,0.255799144093,0.454748469568,0.255796014132
71,0.0448802055795,0.234790718637,0.0265100284283,0.0986067959586,0.0620183759758,0.0187599318766,0.242096862116,0.00481390947607,0.075576207755,0.04829088755,0.029874803307,0.11378127334,1,0.5,30,20,5,2,20,0.000432586281873,0.000108146570468,0.000432586281873,0.0155223779347,0.000852787191641,0.00804360439943,0.000432586281873,0.000108146570468,0.000432586281873,0.257729122626,0.458179500531,0.257725969049
72,0.134566929523,0.130548120277,0.0324081679351,0.0366313228072,0.0125957143093,0.16160611266,0.320307466259,0.0350046185663,0.0437036626316,0.00398206767512,0.0178807518579,0.0707650654974,1,0.5,30,20,5,2,20,0.000983487082695,0.000245871770674,0.000983487082695,0.068553680417,0.0178807906783,0.00728098759663,0.000983487082695,0.000245871770674,0.000983487082695,0.238729490363,0.424402789807,0.238726569266
73,0.0287011331089,0.0555162534778,0.245533926714,0.00316756390098,0.0644742352099,0.171155571938,0.223095305396,0.00352897646581,0.0182227580956,0.0230964436788,0.150667419105,0.0128404129087,1,0.5,30,20,5,2,20,0.000370764025571,9.26910063928e-05,0.000370764025571,0.0137558428234,0.00538322657401,0.00214563066948,0.000370764025571,9.26910063928e-05,0.000370764025571,0.258632378591,0.459785269265,0.258629213962
74,0.101968885962,0.068193680653,0.0541876197737,0.079112908299,0.138099881667,0.0709538909286,0.0116010339536,0.178192010874,0.0927540088848,0.119131498598,0.00463641430237,0.0811681661031,1,0.5,30,20,5,2,20,0.000230383166135,5.75957915337e-05,0.000230383166135,0.0653903470723,0.00489034745031,0.00168937950448,0.000230383166135,5.75957915337e-05,0.000230383166135,0.245382761123,0.436230681985,0.245379758617
75,0.0503740422478,0.0186798326655,0.0329161221718,0.0190872447504,0.0325441277089,0.0879925666797,0.211968746039,0.00689435573739,0.0479746661648,0.32362170388,0.0584999853292,0.109446606626,1,0.5,30,20,5,2,20,7.4063511821e-05,1.85158779553e-05,7.4063511821e-05,0.00105510678757,0.000319271824868,0.000187200590994,7.4063511821e-05,1.85158779553e-05,7.4063511821e-05,0.264206677525,0.46969501278,0.264203444689
76,0.0436592301529,0.275989906262,0.129556459936,0.0389631719237,0.0145297484217,0.0544105368951,0.00912574336007,0.171703407055,0.112574618037,0.0179345100354,0.0451670220368,0.0863856458857,1,0.5,30,20,5,2,20,0.000607865414514,0.000151966353629,0.000607865414514,0.0366117833541,0.0122890419138,0.0042177490158,0.000607865414514,0.000151966353629,0.000607865414514,0.249923256875,0.444302575664,0.249920198811
77,0.0868556877552,0.0249731068365,0.0340195884179,0.0102401372912,0.0742905502076,0.153669426506,0.0154914001609,0.0977913577677,0.0981650538794,0.349290991779,0.0301785029466,0.0250341964526,1,0.5,30,20,5,2,20,2.26441908938e-05,5.66104772345e-06,2.26441908938e-05,3.12684857731e-05,7.49243399859e-05,2.06090863294e-05,2.26441908938e-05,5.66104772345e-06,2.26441908938e-05,0.264647724967,0.470479087528,0.264644486734
78,0.120647563428,0.0164439917638,0.0462316348502,0.107392089459,0.198740024271,0.106249251898,0.036159132817,0.0543396329033,0.0671947269183,0.129187244066,0.0650000757922,0.0524146318334,1,0.5,30,20,5,2,20,0.000217667664926,5.44169162316e-05,0.000217667664926,0.0269663753671,0.00584575807891,0.000723058340539,0.000217667664926,5.44169162316e-05,0.000217667664926,0.255571938618,0.454344553666,0.255568811437
79,0.0516862145617,0.0142875030828,0.133586636782,0.0581401450836,0.00465652101795,0.277460668388,0.0823128464791,0.116356808963,0.00909764219532,0.113948713308,0.134570061746,0.00389623839255,1,0.5,30,20,5,2,20,0.000195386575949,4.88466439873e-05,0.000195386575949,0.00438612590424,0.00280399395362,0.000782934677198,0.000195386575949,4.88466439873e-05,0.000195386575949,0.262364988541,0.466420939093,0.26236177824
80,0.0795433410656,0.00330480111668,0.0456525361443,0.139048579137,0.12318297859,0.00900473527934,0.0712407214923,0.020143500524,0.146863821779,0.186811158704,0.0890401118485,0.0861637143199,1,0.5,30,20,5,2,20,0.000130338324261,3.25845810652e-05,0.000130338324261,0.0100949943804,0.00389566571164,0.000210450427074,0.000130338324261,3.25845810652e-05,0.000130338324261,0.260793855298,0.463627847503,0.260790664221
81,0.0274378935566,0.0180841352621,0.103499266231,0.0457028939001,0.303575155885,0.107386434964,0.101664905899,0.146363150275,0.00446809023302,0.0832034527242,0.0245192097658,0.0340954113056,1,0.5,30,20,5,2,20,0.000462613886929,0.000115653471732,0.000462613886929,0.0147872764717,0.00452070434473,0.00830936324871,0.000462613886929,0.000115653471732,0.000462613886929,0.256846665014,0.456610706195,0.256843522235
82,0.0153519175805,0.0580989143051,0.0396699939671,0.114485678195,0.20331205344,0.00734941888114,0.00384780424465,0.02183307825,0.203950325839,0.0583756441372,0.0178644783525,0.255860692808,1,0.5,30,20,5,2,20,0.00021337971403,5.33449285074e-05,0.00021337971403,0.00526755949764,0.00102879144891,0.00208449932496,0.00021337971403,5.33449285074e-05,0.00021337971403,0.262235608444,0.466190932846,0.262232399726
83,0.205799903916,0.132422311856,0.0803201269337,0.052015879582,0.0276497347708,0.164897403356,0.0600949890963,0.0156391176967,0.0725779560139,0.134685452283,0.0469638760544,0.00693324844081,1,0.5,30,20,5,2,20,0.000250161150769,6.25402876923e-05,0.000250161150769,0.0451957337901,0.00217219563062,0.00160084687069,0.000250161150769,6.25402876923e-05,0.000250161150769,0.251447831603,0.447012906833,0.251444760094
84,0.0467516924728,0.00869305172676,0.051575770491,0.126439138974,0.0554432059913,0.0857638595368,0.0498248897891,0.244578438168,0.0550112297494,0.0140146295464,0.137269242657,0.124634850897,1,0.5,30,20,5,2,20,0.000329423413977,8.23558534942e-05,0.000329423413977,0.0283687484622,0.00205492322981,0.00173489776289,0.000329423413977,8.23558534942e-05,0.000329423413977,0.25580321991,0.454755715374,0.255800089898
85,0.00240294425403,0.0147836934622,0.13643494706,0.047704776886,0.034804462968,0.117160695878,0.011830348354,0.126516095791,0.0734473168387,0.0701668513257,0.173492809582,0.1912550576,1,0.5,30,20,5,2,20,1.44616681952e-05,3.61541704879e-06,1.44616681952e-05,0.000123920376442,0.000896505184706,4.64576912749e-05,1.44616681952e-05,3.61541704879e-06,1.44616681952e-05,0.264408624584,0.47005402538,0.264405389277
86,0.0775960168211,0.0193884594833,0.0607166899717,0.0372089186505,0.230364731433,0.0145180236773,0.0178253993473,0.243214067653,0.101610368766,0.0988265350897,0.0806687284001,0.0180620607072,1,0.5,30,20,5,2,20,0.000190891165861,4.77227914654e-05,0.000190891165861,0.000700490765749,0.000307536603564,0.00155979472991,0.000190891165861,4.77227914654e-05,0.000190891165861,0.26380115311,0.468974089308,0.263797925236
87,0.0938351880013,0.278701417964,0.0106099596693,0.0962880569066,0.0151921098032,0.01397602586,0.00639340858719,0.0030517471751,0.113364957937,0.0164421048734,0.345427872384,0.00671715083855,1,0.5,30,20,5,2,20,4.41069288418e-05,1.10267322104e-05,4.41069288418e-05,0.000335067756528,0.000552681311578,0.000120103113823,4.41069288418e-05,1.10267322104e-05,4.41069288418e-05,0.264388937541,0.470019026622,0.264385702475
88,0.0177169411166,0.0132109298563,0.0213961100649,0.0776359458376,0.0702340019112,0.113270015783,0.0893338657845,0.0531243750996,0.431283652637,0.00355851769612,0.0244648351742,0.0847708090392,1,0.5,30,20,5,2,20,0.00082695398057,0.000206738495143,0.00082695398057,0.0259644018955,0.00611873615741,0.012547066939,0.00082695398057,0.000206738495143,0.00082695398057,0.251909222881,0.447833138697,0.251906140517
89,0.159659604509,0.0405428836451,0.0826598182763,0.0379690226956,0.0537457511615,0.111925760369,0.0504806363838,0.321020576825,0.0269580008868,0.0243774191997,0.0754166531292,0.0152438729183,1,0.5,30,20,5,2,20,0.00123823813301,0.000309559533252,0.00123823813301,0.0587466858233,0.0112547059672,0.00331354973271,0.00123823813301,0.000309559533252,0.00123823813301,0.243826219659,0.43346353102,0.243823236199
90,0.0400536752149,0.139685810414,0.0342646640849,0.0338211753519,0.371487272078,0.0575401835477,0.0411262950747,0.117762820984,0.0925018934386,0.0119556642464,0.0529254423555,0.00687510320875,1,0.5,30,20,5,2,20,0.000978197958035,0.000244549489509,0.000978197958035,0.151184256663,0.0268110794373,0.00214223525334,0.000978197958035,0.000244549489509,0.000978197958035,0.215859143291,0.383744892508,0.215856502036
91,0.107798954036,0.142902359329,0.100613884361,0.0206069803212,0.00825735309707,0.000771334525645,0.0255653212143,0.142242636131,0.233101855231,0.041742592228,0.121229263703,0.0551674658226,1,0.5,30,20,5,2,20,8.76710533044e-05,2.19177633261e-05,8.76710533044e-05,0.00786672084044,0.00196525774779,0.00372758519222,8.76710533044e-05,2.19177633261e-05,8.76710533044e-05,0.261014502727,0.464020104801,0.261011308951
92,0.0191275278764,0.0467110583361,0.0601802752271,2.21788675998e-06,0.0389910777575,0.0112707402299,0.226570497686,0.0635263372096,0.141322362855,0.117915271295,0.106440606878,0.167942026763,1,0.5,30,20,5,2,20,6.36006257422e-05,1.59001564356e-05,6.36006257422e-05,0.00142716642928,0.000283052221217,0.0011305084816,6.36006257422e-05,1.59001564356e-05,6.36006257422e-05,0.263880539753,0.469115219391,0.263877310908
93,0.00909561609657,0.0376726418418,0.109155902146,0.173476037125,0.253410363389,0.130778961981,0.00449907192503,0.150679048207,0.000659037514245,0.0868020550811,0.0248397868885,0.0189314778032,1,0.5,30,20,5,2,20,0.000297832684628,7.44581711571e-05,0.000297832684628,0.121140689378,0.00216951313425,0.00459372932848,0.000297832684628,7.44581711571e-05,0.000297832684628,0.230496244914,0.409766128745,0.230493447419
94,0.0531698948998,0.083614589494,0.0947540175968,0.0777429734847,0.107350036818,0.123332436891,0.0241244169609,0.0496982179188,0.0144940786386,0.116803547253,0.145248853816,0.109666936228,1,0.5,30,20,5,2,20,0.000105988871193,2.64972177983e-05,0.000105988871193,0.00344520793034,0.000618822414164,0.00175008662204,0.000105988871193,2.64972177983e-05,0.000105988871193,0.263042966557,0.467626218596,0.26303974796
95,0.247326955867,0.0998715434246,0.134341907534,0.0139133205878,0.196113094656,0.130302208766,0.0241034401785,0.0366838191788,0.0504992833315,0.00950903334179,0.00510233234069,0.0522330607939,1,0.5,30,20,5,2,20,0.00194229180145,0.000485572950363,0.00194229180145,0.0191843530017,0.0226493692485,0.0102920790677,0.00194229180145,0.000485572950363,0.00194229180145,0.248596500468,0.441943926469,0.248593458639
96,0.0638770941119,0.00645413824972,0.00941034987122,0.00623545482353,0.0553289371723,0.261024448084,0.150373834502,0.310974581962,0.0444036421947,0.0284500084883,0.0633365122224,0.000130998317829,1,0.5,30,20,5,2,20,0.00109981841114,0.000274954602785,0.00109981841114,0.0682820272158,0.0181002701671,0.00884308827707,0.00109981841114,0.000274954602785,0.00109981841114,0.238191227829,0.423445890343,0.238188313318
97,0.0239263294859,0.198291391228,0.078087860969,0.0114799946459,0.0417958787966,0.0441096262725,0.100468558695,0.0122111031021,0.0499790010313,0.220837334629,0.135759265974,0.0830536551709,1,0.5,30,20,5,2,20,3.86386708909e-05,9.65966772274e-06,3.86386708909e-05,0.00297095207278,0.00147254041082,0.000314914576512,3.86386708909e-05,9.65966772274e-06,3.86386708909e-05,0.263402648389,0.46826564514,0.263399425391
98,0.119271198996,0.134713608642,0.0803112261064,0.110068090991,0.0119891282752,0.0953539582491,0.0890331373477,0.172558788711,0.0928682163718,0.00817378636322,0.0380165933142,0.0476422666324,1,0.5,30,20,5,2,20,0.00141115658714,0.000352789146784,0.00141115658714,0.0684354040276,0.0133907002806,0.0103811644959,0.00141115658714,0.000352789146784,0.00141115658714,0.238619286256,0.424206873791,0.238616366507
99,0.0520494594004,0.135109499771,0.00134293764344,0.166916802997,0.0404345151543,0.145102120044,0.0349915617064,0.0234904315619,0.0327528576468,0.169313929702,0.0162376021086,0.182258282264,1,0.5,30,20,5,2,20,0.000121077748983,3.02694372458e-05,0.000121077748983,0.0219434791747,0.00109165575308,0.00129051005459,0.000121077748983,3.02694372458e-05,0.000121077748983,0.258124838435,0.458882986696,0.258121680016
100,0.147406548301,0.0022789661571,0.0949458588412,0.0435223768561,0.147833762134,0.00142713510643,0.195394438476,0.1847655469,0.0779673677734,0.0436691245814,0.0087299310158,0.0520589438574,1,0.5,30,20,5,2,20,0.000816481994197,0.000204120498549,0.000816481994197,0.00688904534875,0.00736981106122,0.00333911457035,0.000816481994197,0.000204120498549,0.000816481994197,0.259077352713,0.460576324693,0.25907418264
101,0.0304250471845,0.0395846875455,0.137608647713,0.216383892975,0.00341863717735,0.0942679769994,0.0632730671164,0.000790435860442,0.308445464443,0.00982540197857,0.0276782534635,0.0682984875434,1,0.5,30,20,5,2,20,0.00147466107159,0.000368665267897,0.00147466107159,0.077172484961,0.00679978215957,0.00988799095932,0.00147466107159,0.000368665267897,0.00147466107159,0.238106080606,0.423294519355,0.238103167137
102,0.036076017892,0.104320772494,0.175349159104,0.150772132352,0.0336478780194,0.0187083421413,0.00654356367484,0.0196783251999,0.0868980440487,0.0111809186234,0.120949556307,0.235875290143,1,0.5,30,20,5,2,20,0.00021547257267,5.38681431674e-05,0.00021547257267,0.00762389408423,0.000566096276309,0.00203049550602,0.00021547257267,5.38681431674e-05,0.00021547257267,0.261746148713,0.46532079286,0.261742945984
103,0.0135449419721,0.00875064984008,0.00714602768941,0.0230922123019,0.000468496950633,0.000277641157492,0.136826504279,0.0380542617736,0.214667219816,0.0126901628377,0.0128848677766,0.531597013605,1,0.5,30,20,5,2,20,1.48489274451e-05,3.71223186127e-06,1.48489274451e-05,5.10492055053e-05,6.37531336967e-05,4.12319078538e-05,1.48489274451e-05,3.71223186127e-06,1.48489274451e-05,0.264649272544,0.470481838742,0.264646034293
104,0.0628413886253,0.0731961318869,0.0166735427138,0.353798480987,0.0751693301705,0.128567381556,0.0652886394739,0.0224530615817,0.0275599211885,0.0165874747089,0.0278009915969,0.130063655511,1,0.5,30,20,5,2,20,0.000374717054973,9.36792637433e-05,0.000374717054973,0.034249272323,0.0130305728453,0.00192110779321,0.000374717054973,9.36792637433e-05,0.000374717054973,0.251238006953,0.446639880536,0.251234932802
105,0.104714517505,0.177426109617,0.0246416364703,0.0207528939346,0.149782556055,0.0935509772603,0.117600516728,0.00353339614152,0.10805968338,0.154435968834,0.0253207161485,0.0201810279261,1,0.5,30,20,5,2,20,0.000403938324343,0.000100984581086,0.000403938324343,0.00670843959491,0.00244170372944,0.00102656155758,0.000403938324343,0.000100984581086,0.000403938324343,0.261533239913,0.464942292957,0.261530039789
106,0.0174974723448,0.0200471554879,0.0390006932982,0.0573521711527,0.0592987426768,0.00219797574632,0.0466853915971,0.0571504827903,0.212140622653,0.234246282577,0.201635898972,0.0527471107032,1,0.5,30,20,5,2,20,3.11209104025e-05,7.78022760063e-06,3.11209104025e-05,0.000348971186561,0.000346809130339,0.000267236760024,3.11209104025e-05,7.78022760063e-06,3.11209104025e-05,0.264416274543,0.470067625141,0.264413039142
107,0.123157914625,0.125584119878,0.186157845503,0.0819372782947,0.0397901108398,0.0933750701219,0.0301466948623,0.0185639805814,0.045661835719,0.00497855934259,0.230996109108,0.0196504811241,1,0.5,30,20,5,2,20,0.000100346010056,2.5086502514e-05,0.000100346010056,0.00181809222885,0.00336393159439,0.000228741161919,0.000100346010056,2.5086502514e-05,0.000100346010056,0.263156458864,0.467827980228,0.263153238878
108,0.107936838878,0.057816846793,0.0188364054615,0.0463410976843,0.0426592554869,0.0319771896308,0.104194077795,0.00429902750288,0.0342850348908,0.382074702042,0.125237268934,0.0443422549007,1,0.5,30,20,5,2,20,5.20388326562e-05,1.30097081641e-05,5.20388326562e-05,0.00222376837907,0.00041973937374,0.000537152244343,5.20388326562e-05,1.30097081641e-05,5.20388326562e-05,0.263804328974,0.46897973522,0.263801101061
109,0.0311796675178,0.0205584586047,0.00516733318515,0.133318173447,0.0877560024846,0.0383599546335,0.0120008266862,0.108155800514,0.0892345176028,0.325518216862,0.01812867056,0.130622377901,1,0.5,30,20,5,2,20,7.26098320542e-05,1.81524580135e-05,7.26098320542e-05,0.0100219360719,0.00149012580441,0.000444588935223,7.26098320542e-05,1.81524580135e-05,7.26098320542e-05,0.261456747771,0.464806308591,0.261453548583
110,0.0264938829395,0.0296424271118,0.167516505116,0.0953659929143,0.0154055113123,0.0282387626054,0.0126719849121,0.0993827116607,0.191569587044,0.18665488291,0.0206055003494,0.126452251125,1,0.5,30,20,5,2,20,0.00020435932921,5.10898323024e-05,0.00020435932921,0.0122517945987,0.000753440276534,0.000682356273434,0.00020435932921,5.10898323024e-05,0.00020435932921,0.260841615246,0.463712753039,0.260838423585
111,0.00461947784438,0.00724604605953,0.120052122179,0.114449164948,0.0489136252402,0.238718472924,0.278311377989,0.0176518848326,0.0673174951556,0.0588234573994,0.0303109686385,0.0135859067896,1,0.5,30,20,5,2,20,0.00051369220978,0.000128423052445,0.00051369220978,0.142562857859,0.00304418874527,0.00553979972441,0.00051369220978,0.000128423052445,0.00051369220978,0.224086523919,0.398371209477,0.224083805331
112,0.0233920705288,0.162666940198,0.108773082966,0.0842310211339,0.149519853103,0.0336036564638,0.0507868175022,0.093468634417,0.0124142903665,0.135381410398,0.0670742100694,0.0786880128534,1,0.5,30,20,5,2,20,0.000110233168653,2.75582921632e-05,0.000110233168653,0.00924158870755,0.00405945233006,0.000413195174988,0.000110233168653,2.75582921632e-05,0.000110233168653,0.260946683954,0.463899539568,0.260943491007
113,0.004004243146,0.123659588001,0.252356404842,0.0852254140516,0.0498386565452,0.142342734576,0.0464080069366,0.106898074095,0.0834816054181,0.0662778975917,0.0300696728885,0.00943770190897,1,0.5,30,20,5,2,20,0.000663647428513,0.000165911857128,0.000663647428513,0.00231103521682,0.00684606658132,0.00174451132477,0.000663647428513,0.000165911857128,0.000663647428513,0.261031988553,0.464051190333,0.261028794562
114,0.00247984052212,0.129734634846,0.118193940646,0.012338960469,0.139921168172,0.0918641184973,0.0415327695134,0.0451714334439,0.128694305646,0.0241768004671,0.0200917787108,0.245800249066,1,0.5,30,20,5,2,20,0.000114777516654,2.86943791635e-05,0.000114777516654,0.0185547631921,0.00149366857733,0.000543553104374,0.000114777516654,2.86943791635e-05,0.000114777516654,0.259120671512,0.460653340665,0.259117504124
115,0.017220214472,0.0162725316479,0.123607064316,0.00183895377361,0.0295958959323,0.0122269098415,0.0315139957787,0.276774647092,0.10545614152,0.262161377059,0.0465916507664,0.0767406178004,1,0.5,30,20,5,2,20,0.000147532480379,3.68831200948e-05,0.000147532480379,0.0139715610276,0.000890918981011,0.000548999133747,0.000147532480379,3.68831200948e-05,0.000147532480379,0.260452979262,0.463021853078,0.260449792356
116,0.00628978048121,0.168953359662,0.211860645723,0.351701437905,0.0336276019284,0.0124683491974,0.0198943489299,0.0736377028387,0.0339021729185,0.00955221072839,0.0419988863333,0.036113503355,1,0.5,30,20,5,2,20,0.00171202725007,0.000428006812516,0.00171202725007,0.0618050459478,0.0198560502306,0.0029440862548,0.00171202725007,0.000428006812516,0.00171202725007,0.240273228063,0.427147178802,0.240270288076
117,0.0245916852122,0.0756430894077,0.177787559681,0.0929756869694,0.0974626421804,0.0657242045317,0.0871637120042,0.00257555328371,0.0123004152437,0.00288888538902,0.0299920789548,0.330894487142,1,0.5,30,20,5,2,20,8.33631667435e-05,2.08407916859e-05,8.33631667435e-05,0.00107792742066,0.000750427081827,0.000728069190171,8.33631667435e-05,2.08407916859e-05,8.33631667435e-05,0.263932256337,0.469207158861,0.263929026859
118,0.0152642123178,0.0512969182597,0.00974278020255,0.13532581477,0.00460137337048,0.0571400023565,0.177169875221,0.168846008856,0.0365264743003,0.0676077062204,0.269458277143,0.00702055698159,1,0.5,30,20,5,2,20,0.000130598047105,3.26495117763e-05,0.000130598047105,0.00859119228859,0.00187520076918,0.00124994917251,0.000130598047105,3.26495117763e-05,0.000130598047105,0.261451284619,0.464796596441,0.261448085498
119,0.0723074904126,0.199104171306,0.0668660663179,0.0464676665671,0.015435695188,0.159083002503,0.0263166245807,0.0105286842952,0.35440839341,0.0305263339843,0.00756773630201,0.0113881351328,1,0.5,30,20,5,2,20,0.00465965854575,0.00116491463644,0.00465965854575,0.0624145449807,0.00729090367478,0.0276784746602,0.00465965854575,0.00116491463644,0.00465965854575,0.233379409114,0.414891650633,0.233376553481
120,0.00525161207511,0.151751098153,0.163790908114,0.147853906047,0.0147123057029,0.0615854805516,0.104183974803,0.0721314345748,0.0521106789088,0.104353578592,0.051537135724,0.070737886753,1,0.5,30,20,5,2,20,0.000365505801973,9.13764504932e-05,0.000365505801973,0.0277740807205,0.00206227339674,0.0070382988544,0.000365505801973,9.13764504932e-05,0.000365505801973,0.254511852751,0.452459979628,0.254508738541
121,0.15423155613,0.0614617261237,0.115352471594,0.00551343142964,0.0477225471678,0.000302406193665,0.00636722164918,0.10366167965,0.000807541600531,0.360446402898,0.093789038176,0.0503439773877,1,0.5,30,20,5,2,20,5.57311266948e-05,1.39327816737e-05,5.57311266948e-05,0.0014942904962,0.000251331036131,0.000407170568238,5.57311266948e-05,1.39327816737e-05,5.57311266948e-05,0.264072015887,0.469455617243,0.264068784699
122,0.0181310175718,0.0225428036823,0.0690369654657,0.131979678585,0.0561293354197,0.068037981263,0.289935613339,0.0125189282613,0.0311453004431,0.082679278428,0.195635617246,0.0222274802956,1,0.5,30,20,5,2,20,0.000223877322397,5.59693305993e-05,0.000223877322397,0.00341239542773,0.00073143038511,0.00125403519358,0.000223877322397,5.59693305993e-05,0.000223877322397,0.263012725737,0.467572457796,0.26300950751
123,0.0903877670191,0.171892397169,0.0683268524107,0.0365493644899,0.0675694271579,0.0399670006474,0.249475339782,0.102319954266,0.053852153481,0.0122331336015,0.0635629482478,0.0438636617281,1,0.5,30,20,5,2,20,0.000676678256628,0.000169169564157,0.000676678256628,0.0148812678086,0.00959861608789,0.00755393657791,0.000676678256628,0.000169169564157,0.000676678256628,0.255422596476,0.454079059773,0.255419471122
124,0.0659246267088,0.177387106488,0.0562206670103,0.121363168303,0.0391344071787,0.0558741408342,0.0253312338291,0.169961943925,0.0152904777605,0.0592965740438,0.129962450326,0.0842532035926,1,0.5,30,20,5,2,20,0.00024578378081,6.14459452025e-05,0.00024578378081,0.0113761876231,0.0021049633083,0.00220281207182,0.00024578378081,6.14459452025e-05,0.00024578378081,0.260263814842,0.46268556489,0.260260630251
125,0.185053374142,0.0352794814023,0.00626330011223,0.00129492266807,0.521723162146,0.0082485911133,0.0246711007435,0.110769779581,0.0342737766146,0.0024530736232,0.038921912093,0.031047525761,1,0.5,30,20,5,2,20,0.00236659446437,0.000591648616093,0.00236659446437,0.0874744791988,0.0251847640874,0.0066579250528,0.00236659446437,0.000591648616093,0.00236659446437,0.230304966456,0.409426041674,0.230302148442
126,0.206389239137,0.188416926607,0.0465773556087,0.0124339983197,0.133469069007,0.0278039535826,0.00645298693904,0.0419961948543,0.0972538305561,0.081097721095,0.0739554945564,0.0841532297374,1,0.5,30,20,5,2,20,0.000105492765502,2.63731913754e-05,0.000105492765502,0.035614691793,0.00526902666624,0.000600251988027,0.000105492765502,2.63731913754e-05,0.000105492765502,0.253601452522,0.450841510135,0.253598349451
127,0.00139395118935,0.0271569344256,0.0280346216652,0.000588276701127,0.0360511943487,0.120277843738,0.090333840554,0.310226897276,0.137635490811,0.127690164604,0.0815196168123,0.0390911678754,1,0.5,30,20,5,2,20,0.000287969336911,7.19923342277e-05,0.000287969336911,0.0199090009969,0.00462845143612,0.00060698215277,0.000287969336911,7.19923342277e-05,0.000287969336911,0.257709298939,0.458144258854,0.257706145605
128,0.0660315037977,0.120104027934,0.0470545695032,0.0378835013314,0.0702224791922,0.00659856019652,0.251603317084,0.0932979410345,0.0131553284174,0.115254964068,0.135887174988,0.0429066324535,1,0.5,30,20,5,2,20,9.19807959791e-05,2.29951989948e-05,9.19807959791e-05,0.0127201268645,0.00363311324711,0.000189198954151,9.19807959791e-05,2.29951989948e-05,9.19807959791e-05,0.260219777279,0.462607276847,0.260216593226
129,0.0278836821934,0.0114813311327,0.057201734977,0.0551382308056,0.160438083174,0.138120967538,0.0162368027471,0.102992630994,0.123684529031,0.0454819442441,0.19036634686,0.0709737163036,1,0.5,30,20,5,2,20,0.000139039187707,3.47597969267e-05,0.000139039187707,0.0232017496704,0.00183624204258,0.00118706918127,0.000139039187707,3.47597969267e-05,0.000139039187707,0.257600651911,0.457951110944,0.257597499906
130,0.0635090006437,0.115069774756,0.0269581322243,0.0164922958708,0.0584233464272,0.0593514924333,0.0717707596212,0.222653774965,0.0204674251035,0.0776215524404,0.139645855338,0.128036590177,1,0.5,30,20,5,2,20,0.000101203196934,2.53007992336e-05,0.000101203196934,0.00127538452501,0.00091935068363,0.000337363339001,0.000101203196934,2.53007992336e-05,0.000101203196934,0.263917444589,0.469180827185,0.263914215292
131,0.0498003136289,0.0594042833173,0.0719208761579,0.431126171203,0.0122293233529,0.00862404378607,0.0491567856606,0.191850622112,0.0281809312985,0.0295703531995,0.0124791865314,0.0556571097516,1,0.5,30,20,5,2,20,0.000973835334816,0.000243458833704,0.000973835334816,0.135710719424,0.00471752196076,0.01031008035,0.000973835334816,0.000243458833704,0.000973835334816,0.22364656432,0.397589027161,0.223643827778
132,0.00512784565935,0.280285361617,0.0182207362234,0.00472192267881,0.0148044367032,0.257013810175,0.181008144374,0.0111130256878,0.0213617823943,0.00448718295675,0.0639978243858,0.137857927144,1,0.5,30,20,5,2,20,0.000211356776233,5.28391940583e-05,0.000211356776233,0.0173769139145,0.00182315464307,0.00176398082854,0.000211356776233,5.28391940583e-05,0.000211356776233,0.258907141349,0.460273730414,0.258903973358
133,0.180652051613,0.0730419558354,0.0580439455265,0.0741248953276,0.00854916207038,0.0573930377283,0.0860229064799,0.0758173141184,0.0347744756662,0.212240239739,0.137553340193,0.00178667570135,1,0.5,30,20,5,2,20,0.000168028985179,4.20072462948e-05,0.000168028985179,0.0198313263028,0.0016110194083,0.00123477172315,0.000168028985179,4.20072462948e-05,0.000168028985179,0.258505289589,0.459559336028,0.258502126515
134,0.00977093883364,0.000872445274932,0.0865296566602,0.126497938867,0.043974489869,0.0277775017321,0.281691824999,0.0248731269513,0.00188169998313,0.127990837554,0.151293496018,0.116846043258,1,0.5,30,20,5,2,20,0.000106895562585,2.67238906463e-05,0.000106895562585,0.0011047696253,0.000181935319926,0.000368911516911,0.000106895562585,2.67238906463e-05,0.000106895562585,0.264142675967,0.469581233625,0.264139443914
135,0.0612471560088,0.0273511324477,0.148264619312,0.0921608495321,0.0044619499238,0.0451972828115,0.00588143828642,0.234217699437,0.000401831127387,0.127821842973,0.086997085613,0.165997112528,1,0.5,30,20,5,2,20,8.73229914031e-05,2.18307478508e-05,8.73229914031e-05,0.0110991136065,0.00155641336279,0.000709573170248,8.73229914031e-05,2.18307478508e-05,8.73229914031e-05,0.261066393467,0.464112353876,0.261063199056
136,0.014231591324,0.279231214252,0.126677682607,0.249867622258,0.0910735407263,0.0157914073782,0.0382494962233,0.0800387616588,0.00597741019997,0.0240760141093,0.0456363995426,0.0291488597198,1,0.5,30,20,5,2,20,0.00118736009636,0.00029684002409,0.00118736009636,0.0259856110257,0.0152052807054,0.00322016031261,0.00118736009636,0.00029684002409,0.00118736009636,0.25153792333,0.447173058683,0.251534845509
137,0.0426764556669,0.134079189202,0.22446419154,0.0239251291319,0.0885040179218,0.0159122712918,0.2316897367,0.0035625319258,0.00457810674645,0.0460425191803,0.00997026230985,0.174595588383,1,0.5,30,20,5,2,20,0.00021066216065,5.26655401625e-05,0.00021066216065,0.00106824425084,0.000970214468055,0.000315428719661,0.00021066216065,5.26655401625e-05,0.00021066216065,0.263834232427,0.469032896263,0.263831004148
138,0.0508077752032,0.0460245950274,0.0454308785454,0.00623837768309,0.0770340635972,0.0219500043231,0.0416770723805,0.205898286703,0.196512882912,0.00641413071507,0.215796601456,0.0862153314545,1,0.5,30,20,5,2,20,8.59283791951e-05,2.14820947988e-05,8.59283791951e-05,0.00214648234184,0.00093058766698,0.000320938679756,8.59283791951e-05,2.14820947988e-05,8.59283791951e-05,0.263706426186,0.468805687948,0.263703199471
139,0.316620810067,0.00120544964856,0.0235002324575,0.00180443226273,0.0916141251265,0.103807494577,0.115530305335,0.179173955262,0.0280149961719,0.0269347792741,0.0732170236306,0.0385763961872,1,0.5,30,20,5,2,20,0.00103105194606,0.000257762986516,0.00103105194606,0.0207198219047,0.00477353242545,0.00338110197512,0.00103105194606,0.000257762986516,0.00103105194606,0.255836780882,0.454815378596,0.25583365046
140,0.0258545484936,0.0810785736947,0.0187496520179,0.0315522400139,0.266604785013,0.00652046004966,0.0354919474255,0.0762090726618,0.158092835221,0.0597572565661,0.0073465774393,0.232742051404,1,0.5,30,20,5,2,20,0.000183059674957,4.57649187392e-05,0.000183059674957,0.0189078382554,0.00394026532246,0.00104118504725,0.000183059674957,4.57649187392e-05,0.000183059674957,0.258166513493,0.458957074781,0.258163354564
141,0.0877781183406,0.0933735412713,0.0868706554089,0.113354872669,0.261827525573,0.0431870092761,0.027190816645,0.0463248407569,0.0545405732204,0.146375744578,0.0295126911964,0.00966361106384,1,0.5,30,20,5,2,20,0.000206996546606,5.17491366516e-05,0.000206996546606,0.000498580544453,0.000508160856181,0.00105571572968,0.000206996546606,5.17491366516e-05,0.000206996546606,0.26391574287,0.469177801945,0.263912513594
142,0.0728656704827,0.0943778085337,0.0702413191896,0.144995133076,0.0144159752051,0.11342232547,0.202352069438,0.163636332548,0.0405184659666,0.0165344266019,0.0629862158499,0.00365425763858,1,0.5,30,20,5,2,20,0.000802587690495,0.000200646922624,0.000802587690495,0.00322545589593,0.00666861215745,0.0126143346811,0.000802587690495,0.000200646922624,0.000802587690495,0.257794071565,0.4582949639,0.257790917194
143,0.21704772217,0.0713693154541,0.0195182673073,0.141719576938,0.108481690788,0.015669182018,0.0987907279342,0.000746976560435,0.0308666719725,0.1182858766,0.174388421066,0.00311557119082,1,0.5,30,20,5,2,20,0.000267414228038,6.68535570095e-05,0.000267414228038,0.00573156668522,0.00103247336783,0.00179079946716,0.000267414228038,6.68535570095e-05,0.000267414228038,0.262125186831,0.465994630158,0.262121979464
144,0.00128182052179,0.0142493694722,0.00603645170492,0.0407244519525,0.0388653168009,0.121283514269,0.125864891032,0.106792039412,0.2494809429,0.135740894865,0.0698635327151,0.0898167743543,1,0.5,30,20,5,2,20,0.000216038211929,5.40095529823e-05,0.000216038211929,0.0270148882578,0.00162681787347,0.00365835391484,0.000216038211929,5.40095529823e-05,0.000216038211929,0.255900829181,0.454929240844,0.255897697975
145,0.0649996367443,0.0421110471968,0.0749045053868,0.0121417827906,0.0297421148547,0.177508401057,0.0544744096153,0.0270811981558,0.0330418867096,0.212509655944,0.251417567694,0.0200677938514,1,0.5,30,20,5,2,20,0.000115889029134,2.89722572836e-05,0.000115889029134,0.0062088722394,0.000580359336196,0.00105551744764,0.000115889029134,2.89722572836e-05,0.000115889029134,0.262493648529,0.466649665162,0.262490436654
146,0.0205785669665,0.100101407993,0.0792790027502,0.0903959620746,0.131461774786,0.0591343744445,0.0173077421606,0.193485185743,0.120358515811,0.0930055596147,0.0108539834943,0.0840379241624,1,0.5,30,20,5,2,20,0.000405294089688,0.000101323522422,0.000405294089688,0.0164451296635,0.00171062865869,0.00864257115316,0.000405294089688,0.000101323522422,0.000405294089688,0.257131743552,0.457117506284,0.257128597285
147,0.120477555051,0.0310846757196,0.0223448610709,0.0394333218546,0.0427467513989,0.0105290806451,0.0705675790498,0.0981623996355,0.103189954473,0.281518219192,0.0550067005117,0.124938901399,1,0.5,30,20,5,2,20,2.29554558503e-05,5.73886396257e-06,2.29554558503e-05,0.000245985712789,0.000715700220907,6.66407149938e-05,2.29554558503e-05,5.73886396257e-06,2.29554558503e-05,0.264408713144,0.47005418282,0.264405477836
148,0.0842452942639,0.00926525055758,0.285338729755,0.0107224211978,0.0942885523554,0.0711522232308,0.130725965819,0.0604017259532,0.089252762431,0.10109704393,0.0325816157739,0.0309284147317,1,0.5,30,20,5,2,20,0.000434803360912,0.000108700840228,0.000434803360912,0.0353369722096,0.00397154686628,0.00357644002892,0.000434803360912,0.000108700840228,0.000434803360912,0.252838328684,0.449484862136,0.252835234951
149,0.317099250893,0.051190190536,0.0246910207456,0.00300307550454,0.0290072164197,0.072284085478,0.0708258993574,0.0560153845391,0.0250913146922,0.0762081494737,0.120730846956,0.153853565404,1,0.5,30,20,5,2,20,4.33056665255e-05,1.08264166314e-05,4.33056665255e-05,0.00155132409537,0.00191494397262,0.000355067034184,4.33056665255e-05,1.08264166314e-05,4.33056665255e-05,0.263645139815,0.468696735733,0.26364191385
150,0.00969414485791,0.153562570507,0.0232986126534,0.159588018449,0.304518442151,0.0500274391444,0.0327451959225,0.0293150122954,0.00954709022842,0.0459770769878,0.0775517003213,0.104174696483,1,0.5,30,20,5,2,20,0.000439613237629,0.000109903309407,0.000439613237629,0.0198918759171,0.0020256664314,0.00411426420477,0.000439613237629,0.000109903309407,0.000439613237629,0.257293767975,0.457405546178,0.257290619725
151,0.0898468464713,0.0167111743117,0.0980326762424,0.116358329926,0.128614912903,0.106494007999,0.193672909074,0.0861575497644,0.00125931324728,0.0960365926705,0.0138768968535,0.0529387905364,1,0.5,30,20,5,2,20,0.000572576169625,0.000143144042406,0.000572576169625,0.0307432357051,0.00630743882341,0.0028790394357,0.000572576169625,0.000143144042406,0.000572576169625,0.25345649329,0.450583807989,0.253453391994
152,0.0022255017099,0.125629194897,0.235160873552,0.160120606944,0.109659545632,0.000917184346901,0.130594850519,0.0516153267916,0.0611735936661,0.020162585593,0.0422168752517,0.0605238610979,1,0.5,30,20,5,2,20,0.000822841021671,0.000205710255418,0.000822841021671,0.00627199076778,0.00525565728126,0.00161080896109,0.000822841021671,0.000205710255418,0.000822841021671,0.260250248122,0.462661446573,0.260247063697
153,0.209841824107,0.130404485844,0.054358373238,0.0912390361631,0.0480933261496,0.212395746997,0.0215294525902,0.0897134410602,0.0120046659376,0.00765976898692,0.122193909383,0.000565969543127,1,0.5,30,20,5,2,20,0.00078645441316,0.00019661360329,0.00078645441316,0.0780343500267,0.00387210833814,0.00306166291575,0.00078645441316,0.00019661360329,0.00078645441316,0.241279685655,0.428936414851,0.241276733354
154,0.0896930779605,0.173949248366,0.0192915918388,0.151561099071,0.0539716584191,0.173856675378,0.164865633198,0.0931694335808,0.0189494326691,0.0011551253332,0.00861311405459,0.0509239101294,1,0.5,30,20,5,2,20,0.00296999488092,0.000742498720231,0.00296999488092,0.0719424208882,0.0207783520631,0.0129530779628,0.00296999488092,0.000742498720231,0.00296999488092,0.233197702481,0.41456862057,0.233194849071
155,0.0557419957724,0.0210831143284,0.0164999319131,0.0270145279819,0.035913418034,0.381939127403,0.0551610288314,0.092228136896,0.212074287222,0.0041702183567,0.0494953637199,0.0486788495414,1,0.5,30,20,5,2,20,0.00102903817903,0.000257259544757,0.00102903817903,0.0234930740251,0.000652120749918,0.00900885566565,0.00102903817903,0.000257259544757,0.00102903817903,0.254706335721,0.452805722901,0.254703219132
156,0.0567649931172,0.266951643321,0.275522053704,0.0273355680987,0.205447694957,0.054744130648,0.0329055436414,0.0271257419257,0.000891363284301,0.0108568569439,0.023742930357,0.0177114800019,1,0.5,30,20,5,2,20,0.00137681762133,0.000344204405333,0.00137681762133,0.162465868903,0.0280102874604,0.00290507629349,0.00137681762133,0.000344204405333,0.00137681762133,0.211878606063,0.37666846847,0.211876013514
157,0.0192036145307,0.0126214802066,0.0196195104022,0.0554276986887,0.0606708826498,0.158568530503,0.0225222282804,0.156200166799,0.044566166799,0.0360322964461,0.355246783169,0.0593206415255,1,0.5,30,20,5,2,20,9.7886670609e-05,2.44716676522e-05,9.7886670609e-05,0.00746663492341,0.00236649325176,0.000346762196493,9.7886670609e-05,2.44716676522e-05,9.7886670609e-05,0.261896961496,0.465588901193,0.261893756921
158,0.084254057038,0.0245143170573,0.169536690608,0.0108081664126,0.126675691436,0.126410373314,0.0139935598757,0.0272847430499,0.0754307214742,0.0847636858678,0.210639893289,0.0456881005767,1,0.5,30,20,5,2,20,0.000234076598448,5.85191496121e-05,0.000234076598448,0.00870105736019,0.000877071402952,0.00193152084256,0.000234076598448,5.85191496121e-05,0.000234076598448,0.26138273554,0.464674732903,0.261379537258
159,0.1685571808,0.0405489767564,0.0819241880537,0.0554534132064,0.106789158528,0.0527517355352,0.0190125370835,0.0507097733744,0.0970943012471,0.101149277526,0.210100768788,0.015908689101,1,0.5,30,20,5,2,20,0.000153761434101,3.84403585253e-05,0.000153761434101,0.0200764593279,0.00130075690957,0.00167671552374,0.000153761434101,3.84403585253e-05,0.000153761434101,0.258422539047,0.459412225752,0.258419376986
160,0.158252193033,0.0992312346871,0.0422188259899,0.0390586872779,0.0459816874698,0.173252599044,0.00784651990833,0.18696008019,0.0155966537974,0.101844692703,0.11334327608,0.0164135498199,1,0.5,30,20,5,2,20,0.000238354936593,5.95887341483e-05,0.000238354936593,0.00249384738975,0.00125248136347,0.00175240978392,0.000238354936593,5.95887341483e-05,0.000238354936593,0.262968777072,0.467494327792,0.262965559383
161,0.0100169625343,0.00543070781873,0.0225334886917,0.000142441235923,0.0348594336211,0.156095986904,0.220421674851,0.0284765981994,0.0743355540133,0.00453347878637,0.248076118218,0.195077555126,1,0.5,30,20,5,2,20,4.33689286231e-05,1.08422321558e-05,4.33689286231e-05,0.000347373093767,0.000235833588023,5.10700710466e-05,4.33689286231e-05,1.08422321558e-05,4.33689286231e-05,0.264488705141,0.470196389074,0.264485468854
162,0.0232972865132,0.0104666038422,0.0923755166577,0.083162335507,0.14796497923,0.0725741301216,0.170739307364,0.0983068298239,0.0371297623637,0.0179763237274,0.0731916809793,0.17281524387,1,0.5,30,20,5,2,20,0.000206668233067,5.16670582668e-05,0.000206668233067,0.00299982461864,0.00186379828961,0.000670951539271,0.000206668233067,5.16670582668e-05,0.000206668233067,0.262997035806,0.467544564926,0.262993817771
163,0.021177425287,0.00231349746277,0.172713002951,0.0194837805372,0.118924886362,0.0641649871372,0.131565828208,0.0602495051334,0.291468124185,0.0409431588311,0.0466772433876,0.0303185605176,1,0.5,30,20,5,2,20,0.000560602533337,0.000140150633334,0.000560602533337,0.0507419807003,0.0175778254537,0.00239769526265,0.000560602533337,0.000140150633334,0.000560602533337,0.245320974365,0.436120840204,0.245317972615
164,0.107790771075,0.0592428913404,0.114609575918,0.0525472937412,0.0306569466378,0.145909404305,0.00258527681535,0.322951751487,0.00568407817721,0.0702913958911,0.0800229928677,0.00770762174453,1,0.5,30,20,5,2,20,0.000421089855831,0.000105272463958,0.000421089855831,0.00325813819521,0.00530293234049,0.000749387601685,0.000421089855831,0.000105272463958,0.000421089855831,0.2617421119,0.465313616391,0.26173890922
165,0.0468118743394,0.0203626255029,0.0942320806822,0.193238057028,0.0315971536983,0.177332450312,0.076393399116,0.197782590684,0.0233568831939,0.0708646612524,0.030943157609,0.0370850665814,1,0.5,30,20,5,2,20,0.000379707516842,9.49268792105e-05,0.000379707516842,0.0025258732813,0.00191601600968,0.00590830210287,0.000379707516842,9.49268792105e-05,0.000379707516842,0.261516180027,0.464911964642,0.261512980111
166,0.11862811365,0.0926309526629,0.0302679958929,0.00162840876023,0.0825477860556,0.0368273294888,0.0874810259771,0.166681388656,0.00977669964905,0.173287124397,0.0817557573276,0.118487417482,1,0.5,30,20,5,2,20,0.000114696871275,2.86742178186e-05,0.000114696871275,0.00543627111838,0.000697317489685,0.0024816545712,0.000114696871275,2.86742178186e-05,0.000114696871275,0.262291112442,0.466289605413,0.262287903045
167,0.0437901767867,0.00118323267688,0.248914947611,0.071536842733,0.033556822612,0.0562169751807,0.0691332947013,0.0518224212637,0.266561383916,0.0192250803455,0.124201234875,0.0138575872985,1,0.5,30,20,5,2,20,0.000576489208485,0.000144122302121,0.000576489208485,0.00656221637442,0.00196024211567,0.00513274160129,0.000576489208485,0.000144122302121,0.000576489208485,0.260406913082,0.462939958649,0.26040372674
168,0.0840144184845,0.0435198523601,0.172935240494,0.0137016755214,0.225638503756,0.0670286750175,0.0803615648688,0.100787086386,0.0209045520783,0.0584499980556,0.122416294056,0.0102421389219,1,0.5,30,20,5,2,20,0.000362378772608,9.0594693152e-05,0.000362378772608,0.00589867826169,0.00330861578941,0.00316088971992,0.000362378772608,9.0594693152e-05,0.000362378772608,0.261002642546,0.463999020292,0.260999448914
169,0.0873848926064,0.0542455842879,0.00366550041603,0.0548542238034,0.109153335109,0.0638751883159,0.170501130964,0.0810438656649,0.209868344947,0.0577780277183,0.0067952712045,0.100834634963,1,0.5,30,20,5,2,20,0.000274219959371,6.85549898428e-05,0.000274219959371,0.06823841184,0.00481986107327,0.00260661145733,0.000274219959371,6.85549898428e-05,0.000274219959371,0.244352496465,0.434399122782,0.244349506565
170,0.00922799912598,0.019770813839,0.290814430076,0.0124855754692,0.000186358233177,0.137759993414,0.199928260549,0.139923488757,0.00511115764865,0.00599260577505,0.176970945332,0.00182837178123,1,0.5,30,20,5,2,20,0.000373305184438,9.33262961094e-05,0.000373305184438,0.00455553434068,0.00462752603622,0.000961349173038,0.000373305184438,9.33262961094e-05,0.000373305184438,0.261578278558,0.46502236068,0.261575077883
171,0.000836903830262,0.0150857545641,0.0888373148606,0.0351678886519,0.0982202288555,0.144480557057,0.086758505873,0.183160734148,0.00141448019158,0.0182571174935,0.141280455281,0.186500059193,1,0.5,30,20,5,2,20,0.000124315274112,3.1078818528e-05,0.000124315274112,0.0246108250247,0.00127148355487,0.00157708376417,0.000124315274112,3.1078818528e-05,0.000124315274112,0.257291453113,0.457401430918,0.257288304892
172,0.0148287418348,0.058253775141,0.0070153771858,0.201771171403,0.127710267825,0.0616339761004,0.0374858083972,0.126866144865,0.122158608795,0.0515720543137,0.101773348526,0.088930725614,1,0.5,30,20,5,2,20,8.38625824505e-05,2.09656456126e-05,8.38625824505e-05,0.000725114358064,0.00274900327468,0.000629330951495,8.38625824505e-05,2.09656456126e-05,8.38625824505e-05,0.263522151166,0.468478091922,0.263518926706
173,0.198546976842,0.0945828029067,0.060215539182,0.0209426025646,0.109367252639,0.0445042023059,0.066076081704,0.053207150587,0.0933109484536,0.108013127416,0.0656463939397,0.0855869214601,1,0.5,30,20,5,2,20,0.000153215696878,3.83039242196e-05,0.000153215696878,0.00178411434507,0.000622937704142,0.00212125849611,0.000153215696878,3.83039242196e-05,0.000153215696878,0.263327074153,0.468131292586,0.26332385208
174,0.0241945178519,0.2494992172,0.0396429830971,0.0358910938856,0.105746937578,0.0472295205495,0.123108669427,0.00914111984121,0.0396281966425,0.287427145793,0.032485351793,0.0060052463405,1,0.5,30,20,5,2,20,9.92362496917e-05,2.48090624229e-05,9.92362496917e-05,0.0148809376651,0.00354073047434,0.000249174083886,9.92362496917e-05,2.48090624229e-05,9.92362496917e-05,0.259647728771,0.461590314165,0.259644551718
175,0.0123547998909,0.0357181065432,0.0147368198412,0.0396431155584,0.0256301619786,0.144462351123,0.108798598208,0.0309723617447,0.227233328171,0.18551647285,0.100665466731,0.07426841736,1,0.5,30,20,5,2,20,0.000167513464656,4.18783661641e-05,0.000167513464656,0.00861063666584,0.00132479759446,0.000468093771913,0.000167513464656,4.18783661641e-05,0.000167513464656,0.261754824214,0.465336215784,0.261751621379
176,0.018020004071,0.0675380899309,0.186853769144,0.0171101618441,0.105116990156,0.0689224619551,0.200442002467,0.00211184307636,0.115282295241,0.196375378962,0.00775978910451,0.0144672140478,1,0.5,30,20,5,2,20,0.000142203069283,3.55507673208e-05,0.000142203069283,0.0148852563683,0.00303456884802,0.000243458436269,0.000142203069283,3.55507673208e-05,0.000142203069283,0.259730902194,0.461738176219,0.259727724123
177,0.0274690825984,0.346864121707,0.0269545153005,0.129670849889,0.0103544360572,0.0176353034475,0.117323138599,0.232371661321,0.0353874437523,0.0180026049697,0.0265709744217,0.0113958679379,1,0.5,30,20,5,2,20,0.00191183462542,0.000477958656355,0.00191183462542,0.0836090001627,0.0428660383711,0.00571945422721,0.00191183462542,0.000477958656355,0.00191183462542,0.227437936358,0.404329161643,0.227435153424
178,0.148030267492,0.0188237243172,0.0724685975742,0.00200885975567,0.0649872745856,0.142798792244,0.113980550947,0.051493036602,0.0609456086894,0.0010547480147,0.154200321658,0.16920821812,1,0.5,30,20,5,2,20,0.0001411841056,3.52960264e-05,0.0001411841056,0.00160073063368,0.00042878104255,0.000207519306679,0.0001411841056,3.52960264e-05,0.0001411841056,0.263947926666,0.469235016881,0.263944696995
179,0.116978597316,0.10154190576,0.0345105332244,0.0977691027412,0.0382721239416,0.117803277895,0.0525931916633,0.029712251784,0.104705511982,0.241355334298,0.035878903208,0.0288792661864,1,0.5,30,20,5,2,20,0.000136147553579,3.40368883948e-05,0.000136147553579,0.0139661917469,0.00203606616561,0.000358025741722,0.000136147553579,3.40368883948e-05,0.000136147553579,0.260215384446,0.462599467462,0.260212200447
180,0.01881425775,0.0273046530992,0.42370845839,0.131898886864,0.0630849993128,0.0517227252605,0.114188040561,0.00203896262487,0.00373084504406,0.0650498015266,0.0300698553484,0.0683885142181,1,0.5,30,20,5,2,20,0.000390505829621,9.76264574053e-05,0.000390505829621,0.0869802519544,0.00302642727663,0.00245464917992,0.000390505829621,9.76264574053e-05,0.000390505829621,0.239767820684,0.42624868779,0.239764886882
181,0.116019818465,0.128325067514,0.201573265202,0.00393265550312,0.150844033287,0.104630849158,0.0499095293219,0.146056059335,0.0219644663428,0.0568620055287,0.0179694170739,0.00191283326871,1,0.5,30,20,5,2,20,0.00182966083042,0.000457415207606,0.00182966083042,0.094569550084,0.0156804180456,0.00469641609276,0.00182966083042,0.000457415207606,0.00182966083042,0.232101537597,0.412619906844,0.2320986976
182,0.150845592761,0.0133731136065,0.206999513575,0.403197928488,0.0358420575972,0.0144085978727,0.0472596413073,0.039979046621,0.0669067190313,0.00238555455373,0.00874124563489,0.010060988951,1,0.5,30,20,5,2,20,0.00312632822449,0.000781582056122,0.00312632822449,0.18158557833,0.112514344065,0.0430840035197,0.00312632822449,0.000781582056122,0.00312632822449,0.171728850164,0.305291998023,0.171726748888
183,0.0357695662685,0.0233753971434,0.0240934977821,0.0827876076472,0.0474514558927,0.0615821070591,0.0434335801421,0.229819278001,0.167888596261,0.132514107026,0.0385843139382,0.112700492839,1,0.5,30,20,5,2,20,0.000252465815741,6.31164539352e-05,0.000252465815741,0.025988187151,0.000669100963976,0.00360609844672,0.000252465815741,6.31164539352e-05,0.000252465815741,0.256396561388,0.455810531763,0.256393424117
184,0.17465743529,0.0211062362027,0.017858917582,0.204566758992,0.000578906920153,0.0563505898006,0.297838545429,0.125015182727,0.0342070212651,0.00375887612385,0.0096174999119,0.0544440297565,1,0.5,30,20,5,2,20,0.00216919908105,0.000542299770261,0.00216919908105,0.117387485716,0.00742995195554,0.0270641119389,0.00216919908105,0.000542299770261,0.00216919908105,0.221920040474,0.394519688992,0.221917325058
185,0.0960003637766,0.0644037351029,0.0157247396723,0.108566306409,0.148224887237,0.0802177050126,0.142167242786,0.010586127382,0.168005610539,0.0703074524393,0.0424943141321,0.0533015155123,1,0.5,30,20,5,2,20,0.000241231835593,6.03079588982e-05,0.000241231835593,0.00271653614288,0.00572164215302,0.000715683571374,0.000241231835593,6.03079588982e-05,0.000241231835593,0.261997808796,0.465768183089,0.261994602988
186,0.0039202466983,0.0174195547108,0.161110032021,0.0722452597041,0.0690639590976,0.0755737182323,0.180523065518,0.0251749442661,0.0797751278631,0.0889549654943,0.0650665572604,0.161172569134,1,0.5,30,20,5,2,20,0.000191726282983,4.79315707457e-05,0.000191726282983,0.0223026527768,0.00259454549741,0.000481603095107,0.000191726282983,4.79315707457e-05,0.000191726282983,0.257761903608,0.45823777712,0.25775874963
187,0.0392404776587,0.171953119563,0.146695297444,0.068865914123,0.0045628072217,0.0523397569322,0.0831818163379,0.121289085306,0.0676841703181,0.101209211528,0.107812858851,0.0351654847157,1,0.5,30,20,5,2,20,0.000154398131537,3.85995328842e-05,0.000154398131537,0.00274728692498,0.00371186138775,0.000267913931416,0.000154398131537,3.85995328842e-05,0.000154398131537,0.262743637907,0.467094085284,0.262740422973
188,0.0057556293202,0.0443619609306,0.0465183822296,0.0426325886583,0.15304489783,0.0272001997087,0.0652130261356,0.00285585446986,0.248672130133,0.0341253830814,0.0898690467598,0.239750900743,1,0.5,30,20,5,2,20,8.1804759057e-05,2.04511897642e-05,8.1804759057e-05,0.00241804415401,0.00169011886175,0.000370573225425,8.1804759057e-05,2.04511897642e-05,8.1804759057e-05,0.263425260675,0.468305844267,0.2634220374
189,0.022199878531,0.0161508102648,0.0245885039166,0.0521379943679,0.318260491093,0.143607809079,0.0127160326582,0.0339221511886,0.0380013697655,0.102919113,0.131508999,0.103986847136,1,0.5,30,20,5,2,20,0.000191662597147,4.79156492867e-05,0.000191662597147,0.0192244899355,0.00176485855124,0.00214029295019,0.000191662597147,4.79156492867e-05,0.000191662597147,0.25835735069,0.459296336759,0.258354189427
190,0.0498940906969,0.19978299885,0.162435918614,0.0426273886733,0.00123603117667,0.0577193360822,0.182042435876,0.10229802989,0.0064916816159,0.0506123750209,0.0545096621744,0.0903500513291,1,0.5,30,20,5,2,20,0.000264140877706,6.60352194266e-05,0.000264140877706,0.00161550410474,0.00105115761018,0.00218379889503,0.000264140877706,6.60352194266e-05,0.000264140877706,0.263109665714,0.467744793425,0.263106446301
191,0.0796514155948,0.0367295702024,0.0186402106756,0.00249960454508,0.00612769864049,0.117281173291,0.0207897738177,0.0607016908134,0.0171743016394,0.35835158098,0.143426575026,0.138626404775,1,0.5,30,20,5,2,20,1.72462821529e-05,4.31157053823e-06,1.72462821529e-05,0.000933625289533,0.000349129847755,0.000209211195336,1.72462821529e-05,4.31157053823e-06,1.72462821529e-05,0.264292784583,0.469848090121,0.264289550693
192,0.0980716258482,0.0245591538598,0.00608540061302,0.228069333399,0.0471970620937,0.0832296413082,0.0327366709102,0.0194937231908,0.147292160387,0.139366736159,0.0551030818034,0.118795410427,1,0.5,30,20,5,2,20,0.000284979231232,7.12448078081e-05,0.000284979231232,0.00610917215126,0.0011468974814,0.00183051586819,0.000284979231232,7.12448078081e-05,0.000284979231232,0.261963506069,0.465707201209,0.26196030068
193,0.0364066849044,0.0240765088473,0.0224706255579,0.0346415315531,0.00702876832522,0.150281780051,0.018200056456,0.374029509456,0.0790527991149,0.201739183989,0.0510315670095,0.00104098473514,1,0.5,30,20,5,2,20,0.000490984887458,0.000122746221864,0.000490984887458,0.0190730153661,0.00188493894627,0.00110560873069,0.000490984887458,0.000122746221864,0.000490984887458,0.258283001574,0.459164162169,0.25827984122
194,0.000157532884175,0.0567308120569,0.0606404300401,0.0452458797811,0.397741201194,0.102542990704,0.111180855216,0.115124743842,0.0355501598368,0.061705102583,0.0120042520237,0.00137603983905,1,0.5,30,20,5,2,20,0.000842124156605,0.000210531039151,0.000842124156605,0.00226704261975,0.0197999261409,0.00148180560303,0.000842124156605,0.000210531039151,0.000842124156605,0.257471581265,0.457721654826,0.25746843084
195,0.000121853587183,0.101432884662,0.0316780249168,0.0115767086771,0.04805656734,0.131810913478,0.0197455812487,0.025994456149,0.17721814718,0.127456456107,0.0875808189704,0.237327587683,1,0.5,30,20,5,2,20,8.40727193374e-05,2.10181798344e-05,8.40727193374e-05,0.00941960304537,0.000234150701276,0.00204138422944,8.40727193374e-05,2.10181798344e-05,8.40727193374e-05,0.261512317935,0.464905098785,0.261509118067
196,0.107457838923,0.0580406291475,0.0700220370601,0.0175708962606,0.0677169893198,0.00372026014096,0.0289079612615,0.132612208267,0.0604189563591,0.337452299353,0.01607856884,0.100001355067,1,0.5,30,20,5,2,20,5.42918977807e-05,1.35729744452e-05,5.42918977807e-05,0.0152685545147,0.000190212327522,0.000321528631481,5.42918977807e-05,1.35729744452e-05,5.42918977807e-05,0.2604664155,0.463045744311,0.260463231175
197,0.24746838088,0.0388264733983,0.00925825924969,0.00726808947203,0.00431562392372,0.353565276099,0.0657054650393,0.0215425953329,0.0425394123814,0.0585943219977,0.0250854755445,0.125830626681,1,0.5,30,20,5,2,20,0.000300574839324,7.51437098311e-05,0.000300574839324,0.0178708391263,0.00172777330359,0.00779907900118,0.000300574839324,7.51437098311e-05,0.000300574839324,0.257097827719,0.457057212207,0.257094681866
198,0.0732770221369,0.126873641002,0.185428827441,0.224469642001,0.13336860727,0.0622331691725,0.125861025327,0.0295732733822,0.00759126936321,0.0155859782405,0.00997244095081,0.00576510371303,1,0.5,30,20,5,2,20,0.00718735902835,0.00179683975709,0.00718735902835,0.0931845177929,0.0533451471158,0.0184795878204,0.00718735902835,0.00179683975709,0.00718735902835,0.212467461137,0.377715309124,0.212464861382
199,0.0643640743836,0.278820844557,0.00433420306175,0.0388851765003,0.0175080127242,0.0467426306104,0.0401536703313,0.267450226717,0.115344390573,0.0952034655278,0.000801561848234,0.030391743165,1,0.5,30,20,5,2,20,0.000736065465486,0.000184016366371,0.000736065465486,0.0127633088902,0.00964477344751,0.00444847629974,0.000736065465486,0.000184016366371,0.000736065465486,0.256722319187,0.456389649652,0.256719177929
200,0.0387980129586,0.0647632723089,0.0774947328248,0.101612422756,0.231267527973,0.0540974337814,0.0369418835553,0.12779920714,0.139063707753,0.0673721728563,0.0536509776109,0.00713864848257,1,0.5,30,20,5,2,20,0.000712441279585,0.000178110319896,0.000712441279585,0.00581638625771,0.00332219004234,0.00235280494737,0.000712441279585,0.000178110319896,0.000712441279585,0.260817749446,0.463670325471,0.260814558077
201,0.257408800336,0.0132796797632,0.100171420456,0.277536406095,0.036965436717,0.0510677256129,0.0466580737226,0.0150580491413,0.0703324299259,0.0970581130414,0.0342042531391,0.000259612048872,1,0.5,30,20,5,2,20,0.00104552343903,0.000261380859757,0.00104552343903,0.059213054727,0.00720924424471,0.00629072889254,0.00104552343903,0.000261380859757,0.00104552343903,0.244215110453,0.434154883972,0.244212122234
202,0.00243324918945,0.0577261148791,0.165203599671,0.115771360181,0.0507937595526,0.00803887272239,0.0880614451581,0.0563292563712,0.18881247893,0.0801492924789,0.00107272939549,0.185607841471,1,0.5,30,20,5,2,20,0.000205309502897,5.13273757243e-05,0.000205309502897,0.0202596702534,0.00469388585156,0.00174884873463,0.000205309502897,5.13273757243e-05,0.000205309502897,0.257395354673,0.457586142543,0.257392205181
203,0.268974190429,0.102089113324,0.00623595764049,0.0431406872214,0.0561132213746,0.169522733146,0.0326125371381,0.223300538083,0.00778504153379,0.0645927110863,0.00508583380838,0.0205474352148,1,0.5,30,20,5,2,20,0.0013752824502,0.000343820612551,0.0013752824502,0.0487348399345,0.0152732017434,0.0135789282128,0.0013752824502,0.000343820612551,0.0013752824502,0.242532133012,0.431162960686,0.242529165386
204,0.0235937532249,0.223775762495,0.0336385589577,0.0275684223683,0.369122547787,0.0736774009233,0.0177879516423,0.0101974717619,0.0495861052837,0.0689540694532,0.0287701812344,0.0733277748687,1,0.5,30,20,5,2,20,0.000185759609248,4.64399023121e-05,0.000185759609248,0.000290081306475,0.001343604769,0.00085955785763,0.000185759609248,4.64399023121e-05,0.000185759609248,0.263827007211,0.469020051593,0.263823779021
205,0.0963637939686,0.121802033431,0.0578319460553,0.04970157531,0.0990051726574,0.00977621293069,0.0157241835012,0.0113697731165,0.0419212745719,0.417695141206,0.0715447697581,0.00726412349237,1,0.5,30,20,5,2,20,5.7377949472e-05,1.4344487368e-05,5.7377949472e-05,0.00097868221257,0.000447754353684,0.00021115301636,5.7377949472e-05,1.4344487368e-05,5.7377949472e-05,0.264206432577,0.469694577323,0.264203199744
206,0.0465639188406,0.0783353106076,0.0426292917756,0.0240762311478,0.0823815506589,0.00224419262558,0.127702508795,0.145987451292,0.0890552679492,0.075155784023,0.283596560512,0.00227193177265,1,0.5,30,20,5,2,20,0.000105271507672,2.6317876918e-05,0.000105271507672,0.00511583931715,0.00220649209219,0.000888135648935,0.000105271507672,2.6317876918e-05,0.000105271507672,0.262409487399,0.466500047205,0.262406276553
207,0.0249993763295,0.00268273896191,0.0125448124294,0.0194274547745,0.00340085559324,0.301466277651,0.11117743887,0.0581966861952,0.100406415786,0.278989070495,0.0116756323344,0.0750332405802,1,0.5,30,20,5,2,20,8.35033385105e-05,2.08758346276e-05,8.35033385105e-05,0.000374951658969,0.00052619405761,0.000126788360281,8.35033385105e-05,2.08758346276e-05,8.35033385105e-05,0.264336693199,0.469926148928,0.264333458772
208,0.0647885710347,0.00154791899975,0.0766326447532,0.111311550457,0.0579377906584,0.177050188387,0.172610421119,0.0943674982379,0.0311436179411,0.0104565470825,0.0773330764093,0.12482017492,1,0.5,30,20,5,2,20,0.000327216810027,8.18042025066e-05,0.000327216810027,0.0430852127497,0.00157044733763,0.000924333689458,0.000327216810027,8.18042025066e-05,0.000327216810027,0.252253080596,0.448444447989,0.252250001994
209,0.0858098183997,0.0622267748544,0.226742686604,0.087955601704,0.0568002061224,0.0438228119253,0.011904702773,0.0640308286515,0.14601321896,0.104686152645,0.0979260576747,0.0120811396854,1,0.5,30,20,5,2,20,0.000162785651413,4.06964128532e-05,0.000162785651413,0.000981785238412,0.00178968565897,0.000890037749333,0.000162785651413,4.06964128532e-05,0.000162785651413,0.263545124172,0.46851893232,0.26354189943
210,0.0758414015143,0.0581175664143,0.0293448798263,0.00199869856203,0.311350161887,0.126476109682,0.126523699787,0.119864549155,0.0253388888028,0.0480322465951,0.00475869850842,0.0723530992658,1,0.5,30,20,5,2,20,0.000631384555547,0.000157846138887,0.000631384555547,0.00342527166558,0.00437682865014,0.00296996207394,0.000631384555547,0.000157846138887,0.000631384555547,0.261104712824,0.464180476343,0.261101517943
211,0.0176987913,0.127259008752,0.194934433805,0.0102245214146,0.0697899396809,0.111130753214,0.0541776644419,0.0606530416125,0.0979528532799,0.0172182311797,0.0145026051381,0.224458156182,1,0.5,30,20,5,2,20,0.000144322874136,3.60807185341e-05,0.000144322874136,0.00105313147374,0.00198604267609,0.000369047715898,0.000144322874136,3.60807185341e-05,0.000144322874136,0.263634163899,0.468677223233,0.263630938068
212,0.181934107182,0.316695407125,0.0715497855387,0.0943957097058,0.146324148405,0.02762521654,0.0135009822167,0.0215087774272,0.0279040202092,0.0569265234254,0.00844591889694,0.0331894033275,1,0.5,30,20,5,2,20,5.81182721264e-07,1.45295680316e-07,5.81182721264e-07,1.41102502178e-06,4.29321421705e-07,1.14852736022e-07,5.81182721264e-07,1.45295680316e-07,5.81182721264e-07,0.264707054096,0.470584560245,0.264703815138
213,0.113197317321,0.0259738825235,0.00478491843186,0.0532296065479,0.232223138137,0.0205823724251,0.178069757557,0.0526913641965,0.100307593108,0.0292290667119,0.189062023412,0.000648959627314,1,0.5,30,20,5,2,20,0.000371994793009,9.29986982523e-05,0.000371994793009,0.00524154400069,0.00144544641689,0.00152930807398,0.000371994793009,9.29986982523e-05,0.000371994793009,0.26209022641,0.465932479059,0.262087019471
214,0.0136928745547,0.0273372425798,0.0818207329088,0.0627760731086,0.100849458889,0.0879807790854,0.208407864613,0.0586127979137,0.00887527950473,0.0155012240641,0.167662955575,0.166482717204,1,0.5,30,20,5,2,20,0.000117049418914,2.92623547285e-05,0.000117049418914,0.00114370900902,0.000790819256765,0.000490458525235,0.000117049418914,2.92623547285e-05,0.000117049418914,0.263926922139,0.469197675958,0.263923692726
215,0.117720644367,0.0128329225182,0.026405206141,0.0289660146059,0.0933235435549,0.152646341264,0.226162304947,0.15332779594,0.0746253465808,0.0438256615159,0.0109939816514,0.0591702369147,1,0.5,30,20,5,2,20,0.000163109781192,4.0777445298e-05,0.000163109781192,0.161569305062,0.00178625519362,0.0029967383076,0.000163109781192,4.0777445298e-05,0.000163109781192,0.220479125033,0.391958132729,0.22047644966
216,0.0409681107099,0.0415710528352,0.226527040145,0.093055960799,0.0126629912218,0.167199823469,0.0148604136368,0.0101501795721,0.074192057698,0.138027266096,0.00725132393041,0.173533779887,1,0.5,30,20,5,2,20,0.000106543629134,2.66359072835e-05,0.000106543629134,0.00107501516429,0.000718319223055,0.000234867612332,0.000106543629134,2.66359072835e-05,0.000106543629134,0.264044468715,0.469406645091,0.264041237864
217,0.0579696807115,0.254745665107,0.0282026349301,0.00986647599129,0.0767166614568,0.0237668892714,0.0988694253791,0.0170124732375,0.135348437979,0.00625885759296,0.15909259791,0.132150200434,1,0.5,30,20,5,2,20,0.000129953048504,3.24882621259e-05,0.000129953048504,0.00602991631379,0.00162276633222,0.000775153825866,0.000129953048504,3.24882621259e-05,0.000129953048504,0.262322547583,0.466345489425,0.262319337802
218,0.142767258907,0.182084337321,0.000561610199793,0.0120313687292,0.0278194298154,0.191774052463,0.0227326690386,0.0921430228122,0.12808291941,0.0423112609662,0.144556803741,0.0131352665968,1,0.5,30,20,5,2,20,0.000243508949324,6.0877237331e-05,0.000243508949324,0.031088411908,0.00193777205088,0.000669463918178,0.000243508949324,6.0877237331e-05,0.000243508949324,0.255498679067,0.454214324982,0.255495557802
219,0.00106155684583,0.305079196449,0.124706626219,0.0196779650356,0.113123295493,0.184621028389,0.034705048791,0.0626496726736,0.0204388292153,0.037161359273,0.0705758586747,0.026199562941,1,0.5,30,20,5,2,20,0.000480265537462,0.000120066384366,0.000480265537462,0.00338395080127,0.00684052422663,0.000959531907355,0.000480265537462,0.000120066384366,0.000480265537462,0.261175678736,0.464306636422,0.261172482988
220,0.0139420437515,0.10222205275,0.0220697568551,0.0051322430468,0.00991215177949,0.0544057458137,0.143468980613,0.0859034122752,0.0734495979103,0.172688227763,0.0972435254434,0.219562261998,1,0.5,30,20,5,2,20,5.06618150659e-05,1.26654537665e-05,5.06618150659e-05,0.000579627363586,0.000438162015322,0.000224868903613,5.06618150659e-05,1.26654537665e-05,5.06618150659e-05,0.264318974329,0.469894649101,0.264315740119
221,0.112293549851,0.150415830249,0.0200484312991,0.00272857940315,0.00551834764213,0.118038946998,0.0794739800549,0.173671777393,0.0197240739364,0.0842514960266,0.0267965061673,0.20703848098,1,0.5,30,20,5,2,20,0.000109907654402,2.74769136004e-05,0.000109907654402,0.00234078721321,0.000815721403233,0.00120701142811,0.000109907654402,2.74769136004e-05,0.000109907654402,0.263422283546,0.468300551658,0.263419060307
222,0.120445115804,0.0635504297922,0.273677544403,0.0741645337642,0.0290340108532,0.0655247210406,0.0516926842902,0.136722702789,0.132724252216,0.0350014228961,0.00273359745506,0.0147289846971,1,0.5,30,20,5,2,20,0.00513090913017,0.00128272728254,0.00513090913017,0.0233371509519,0.0130258871808,0.0140559681183,0.00513090913017,0.00128272728254,0.00513090913017,0.245250063119,0.435994777308,0.245247062236
223,0.136059152559,0.0389212787086,0.0461637928694,0.185025011416,0.0108686265245,0.0853018882772,0.000698482885391,0.0752894693827,0.0916128680809,0.0261460294213,0.213076012165,0.0908373877094,1,0.5,30,20,5,2,20,0.000262188769546,6.55471923866e-05,0.000262188769546,0.0189737142741,0.00217415042197,0.000806769553278,0.000262188769546,6.55471923866e-05,0.000262188769546,0.25858437493,0.459699930469,0.258581210889
224,0.00406320466603,0.0894929191494,0.290723759832,0.174244174603,0.10235352678,0.0492510248117,0.0407901161994,0.0439564302271,0.058319956609,0.0444593091824,0.0820454770339,0.0203001009062,1,0.5,30,20,5,2,20,0.000514808187353,0.000128702046838,0.000514808187353,0.0634116985466,0.0149959314702,0.00270854126078,0.000514808187353,0.000128702046838,0.000514808187353,0.242622910157,0.431324340302,0.24261994142
225,0.143672523783,0.0965076078776,0.0670629894465,0.00515082505154,0.1430742877,0.137982179346,0.0178815562917,0.00124823020509,0.281520496052,0.0203870545163,0.0736808118286,0.0118314379011,1,0.5,30,20,5,2,20,0.000504768763807,0.000126192190952,0.000504768763807,0.0186466801922,0.0184888407496,0.00378838393632,0.000504768763807,0.000126192190952,0.000504768763807,0.253274094053,0.450259546645,0.253270994988
226,0.0620623172572,0.0813950755992,0.0071174366889,0.0385662671547,0.0209727461371,0.058369218876,0.285521438903,0.00345717730759,0.358046399178,0.0414727303307,0.0392686343593,0.0037505582086,1,0.5,30,20,5,2,20,0.00146475411318,0.000366188528294,0.00146475411318,0.021897601508,0.00485124002239,0.0232206459939,0.00146475411318,0.000366188528294,0.00146475411318,0.249736131325,0.44396991209,0.249733075551
227,0.0790992972349,0.0204587132857,0.0257520916959,0.0712856412686,0.0458390297429,0.0358782324932,0.0167652747279,0.174565131796,0.12426551148,0.0761553339277,0.294603266749,0.0353324755981,1,0.5,30,20,5,2,20,0.000117384849496,2.9346212374e-05,0.000117384849496,0.0148101095577,0.000901236127712,0.000318589503107,0.000117384849496,2.9346212374e-05,0.000117384849496,0.260325180307,0.462794657716,0.260321994965
228,0.102050164835,0.0257675499783,0.142216860619,0.00581564294932,0.0723809514644,0.107070224832,0.0747738180499,0.105723490481,0.123026891896,0.0575152684469,0.126815070344,0.0568440661052,1,0.5,30,20,5,2,20,8.33704305842e-05,2.08426076461e-05,8.33704305842e-05,0.0451338736649,0.00289350968625,0.000960538366453,8.33704305842e-05,2.08426076461e-05,8.33704305842e-05,0.25164144645,0.447357097533,0.251638367362
229,0.151960498597,0.139762661953,0.0910016836302,0.164041197925,0.0235601742659,0.110419919556,0.0192800093103,0.0262728795037,0.112292790617,0.0402515203341,0.102228216387,0.0189284479201,1,0.5,30,20,5,2,20,0.000356455760423,8.91139401058e-05,0.000356455760423,0.00139093148093,0.00275420421402,0.000237093997214,0.000356455760423,8.91139401058e-05,0.000356455760423,0.263123646002,0.467769646966,0.263120426418
230,0.0196971155445,0.156274003573,0.00686912706426,0.130154948247,0.00280806836685,0.0667842556029,0.0580244147786,0.220107216662,0.0200116475221,0.0426803138479,0.0937827440667,0.182806144724,1,0.5,30,20,5,2,20,0.000111917721494,2.79794303734e-05,0.000111917721494,0.000862158654695,0.00051889352854,0.000370040769529,0.000111917721494,2.79794303734e-05,0.000111917721494,0.26411142022,0.469525668532,0.264108188549
231,0.093641146018,0.0440138977158,0.121128753533,0.11211994334,0.0203258420268,0.015823484183,0.0278019003579,0.135928873848,0.0732888110828,0.262925899312,0.0766146369694,0.0163868116131,1,0.5,30,20,5,2,20,7.18533758679e-05,1.7963343967e-05,7.18533758679e-05,0.000399834708175,0.000318715685385,0.000122561314733,7.18533758679e-05,1.7963343967e-05,7.18533758679e-05,0.26440002391,0.470038735482,0.264396788708
232,0.017510245211,0.130047003943,0.0435450701311,0.062811394484,0.0514755999406,0.29306451167,0.150160858822,0.107672902307,0.0324911799893,0.0963885964365,0.0131221767763,0.00171046028911,1,0.5,30,20,5,2,20,0.000839924107562,0.000209981026891,0.000839924107562,0.00320214231241,0.00151903156165,0.00273631986169,0.000839924107562,0.000209981026891,0.000839924107562,0.261733696895,0.465298656566,0.261730494319
233,0.0123181636328,0.0139013221407,0.154110594975,0.0469271734964,0.0875919274634,0.109191186187,0.0117465940487,0.129837119729,0.0367024712049,0.049666328353,0.0979670550754,0.250040063694,1,0.5,30,20,5,2,20,0.00012352830351,3.08820758774e-05,0.00012352830351,0.00909905690918,0.00247574097211,0.000605099966937,0.00012352830351,3.08820758774e-05,0.00012352830351,0.261336999004,0.4645934245,0.261333801281
234,0.176455708776,0.0396892548742,0.0311270678625,0.414837794231,0.0357982759821,0.062978663107,0.00808666796925,0.000213302405605,0.0655007427467,0.0016246413546,0.0214000605119,0.142287820179,1,0.5,30,20,5,2,20,0.00046595949225,0.000116489873063,0.00046595949225,0.00273157452923,0.00240218866078,0.00109252272669,0.00046595949225,0.000116489873063,0.00046595949225,0.262505069638,0.466669969107,0.262501857623
235,0.201152169684,0.0440315954036,0.136806418424,0.136723220272,0.0907309860258,0.104788776043,0.0226569514307,0.0249385439003,0.069600337368,0.0938819067659,0.0703185688328,0.0043705258499,1,0.5,30,20,5,2,20,0.000302911704325,7.57279260812e-05,0.000302911704325,0.00320272208948,0.0062121632888,0.000452824421276,0.000302911704325,7.57279260812e-05,0.000302911704325,0.26173537508,0.465301639969,0.261732172482
236,0.0180482455358,0.118383540608,0.0669139717777,0.0274279824657,0.0500475687824,0.216184528765,0.0494713325659,0.0839793703749,0.0488909435531,0.146522198174,0.137284400791,0.036845916606,1,0.5,30,20,5,2,20,0.000178124862862,4.45312157156e-05,0.000178124862862,0.00593905650907,0.0023288664725,0.000505887786394,0.000178124862862,4.45312157156e-05,0.000178124862862,0.26217358368,0.466080667948,0.262170375721
237,0.00219852590764,0.0193067402509,0.0303852187886,0.131730819179,0.100440374181,0.233829244844,0.0555358232476,0.130360848708,0.0171540532947,0.00102130503961,0.241551583621,0.0364854629387,1,0.5,30,20,5,2,20,8.98677460983e-05,2.24669365246e-05,8.98677460983e-05,0.000287665679345,0.000789055966427,0.000281406616345,8.98677460983e-05,2.24669365246e-05,8.98677460983e-05,0.264241706869,0.469757286407,0.264238473604
238,0.0441725368598,0.125891996347,0.0840991548277,0.07981664781,0.0224442893139,0.143362900263,0.200119112963,0.0203417036034,0.0529124119478,0.0386450973932,0.135676476449,0.0525176722217,1,0.5,30,20,5,2,20,0.00015696012871,3.92400321774e-05,0.00015696012871,0.012330799877,0.00428656002779,0.00146843146615,0.00015696012871,3.92400321774e-05,0.00015696012871,0.259733836621,0.461743392915,0.259730658514
239,0.0299930435591,0.0599867615331,0.0940283859678,0.232069742139,0.0247817819572,0.0152689368207,0.0079487623372,0.0431086717876,0.188565873353,0.0113799312033,0.0492875191064,0.243580590236,1,0.5,30,20,5,2,20,7.3651983761e-05,1.84129959403e-05,7.3651983761e-05,0.000186174261121,0.000347089530335,0.000105929066794,7.3651983761e-05,1.84129959403e-05,7.3651983761e-05,0.26445133102,0.470129947005,0.26444809519
240,0.0884223251917,0.274980551706,0.0326526987146,0.121303791841,0.036805928918,0.00868789139235,0.0866070566702,0.0094071051114,0.0180494056657,0.145485880177,0.121362846468,0.056234518144,1,0.5,30,20,5,2,20,0.000146560214183,3.66400535458e-05,0.000146560214183,0.0147842073515,0.000326665409868,0.00166981896899,0.000146560214183,3.66400535458e-05,0.000146560214183,0.260091695526,0.462379578739,0.260088513041
241,0.123018653523,0.0600196788019,0.00555404914451,0.067647991493,0.167656483512,0.174505496734,0.189681077703,0.0348420959446,0.00760085672206,0.100714821874,0.0572751959884,0.0114835985585,1,0.5,30,20,5,2,20,0.000315313416103,7.88283540257e-05,0.000315313416103,0.00190159231001,0.00316970555546,0.000771911550175,0.000315313416103,7.88283540257e-05,0.000315313416103,0.262785920829,0.467169254005,0.262782705378
242,0.0779599340306,0.0179201219712,0.00855579457184,0.0770368638683,0.0526187265144,0.0517846771471,0.000114928307807,0.136287808525,0.0869887963031,0.199389844509,0.15144783773,0.139894666522,1,0.5,30,20,5,2,20,6.85519530565e-05,1.71379882641e-05,6.85519530565e-05,0.00080272297933,0.000352111855159,0.000268274748235,6.85519530565e-05,1.71379882641e-05,6.85519530565e-05,0.264249896876,0.469771846242,0.264246663511
243,0.138453378552,0.0205913791265,0.0687377078665,0.0136503091912,0.0331263261691,0.195364811442,0.120957711281,0.0348737684607,0.0479179191598,0.106319222515,0.12161489863,0.0983925676059,1,0.5,30,20,5,2,20,0.000149508199682,3.73770499204e-05,0.000149508199682,0.0272536666669,0.00229168040298,0.000309153181497,0.000149508199682,3.73770499204e-05,0.000149508199682,0.256627438767,0.456220975413,0.25662429867
244,0.177668437291,0.0369618488519,0.110535087482,0.0330160030121,0.0297254627856,0.0834593123972,0.00259132666979,0.0149494837344,0.00803012803528,0.31928276819,0.137659384372,0.0461207571778,1,0.5,30,20,5,2,20,8.05036766416e-05,2.01259191604e-05,8.05036766416e-05,0.00209087941506,0.000953827162466,0.00023232646329,8.05036766416e-05,2.01259191604e-05,8.05036766416e-05,0.263744911276,0.468874105049,0.26374168409
245,0.14762810974,0.0294969175248,0.0871106585137,0.166712590115,0.119782641254,0.0207071891742,0.185785914283,0.197905310428,0.00654676424958,0.000894302084181,0.00185149424862,0.0355781083848,1,0.5,30,20,5,2,20,0.00623183601665,0.00155795900416,0.00623183601665,0.0334866308482,0.0314232344058,0.0237721400693,0.00623183601665,0.00155795900416,0.00623183601665,0.233810121059,0.415657351387,0.233807260155
246,0.151484355269,0.170371292922,0.148750517616,0.0477470279585,0.00888833984448,0.000800211439477,0.044015960605,0.0220392505513,0.0479708479254,0.206935113804,0.0580572877746,0.0929397942893,1,0.5,30,20,5,2,20,0.000153516967216,3.83792418039e-05,0.000153516967216,0.00218312635331,0.000330836044037,0.000550505638645,0.000153516967216,3.83792418039e-05,0.000153516967216,0.263714206493,0.468819519436,0.263710979683
247,0.00405885660712,0.0278438475188,0.0858325808593,0.102258017786,0.272707008907,0.0878601987748,0.0423825073688,0.0651689602553,0.0749588471465,0.134829332648,0.0275621770026,0.0745376651258,1,0.5,30,20,5,2,20,0.000276593173615,6.91482934038e-05,0.000276593173615,0.0131652798383,0.00114023368307,0.00645436544589,0.000276593173615,6.91482934038e-05,0.000276593173615,0.258883478185,0.460231663082,0.258880310484
248,0.118912637181,0.170694382554,0.143022271958,0.0107795276026,0.0765983167329,0.0735562473821,0.0395629755075,0.0629649117727,0.08385811242,0.0735289111539,0.0120652324204,0.134456473315,1,0.5,30,20,5,2,20,0.000443306321429,0.000110826580357,0.000443306321429,0.0250135109156,0.00382882820607,0.00214532516811,0.000443306321429,0.000110826580357,0.000443306321429,0.255977512323,0.455065564762,0.255974380179
249,0.17706595407,0.0139972065689,0.024549517025,0.197091816499,0.119558098188,0.28310722823,0.0016496372886,0.0116785590675,0.00232449660389,0.0612846383756,0.0958329564799,0.011859891603,1,0.5,30,20,5,2,20,0.000386309937947,9.65774844868e-05,0.000386309937947,0.0192968388868,0.00896687541038,0.00350019199492,0.000386309937947,9.65774844868e-05,0.000386309937947,0.255839928012,0.454820973424,0.255836797551
250,0.000172409075954,0.143626400829,0.0697939915897,0.0608879452447,0.085978080797,0.203200511812,0.197388150452,0.111062654538,0.0104789025082,0.0459390496314,0.039289794711,0.0321821088118,1,0.5,30,20,5,2,20,0.000273029427038,6.82573567594e-05,0.000273029427038,0.0595197017284,0.00121926333158,0.0188462300218,0.000273029427038,6.82573567594e-05,0.000273029427038,0.243316175969,0.432556797777,0.24331319875
251,0.196656035759,0.0150807908298,0.210250465274,0.019184792969,0.082455804501,0.0671626373026,0.222689099503,0.0715895589535,0.00268824334783,0.0737882429979,0.0229136340117,0.0155406945514,1,0.5,30,20,5,2,20,0.000536032489529,0.000134008122382,0.000536032489529,0.0598494206427,0.0128220392147,0.00284993567282,0.000536032489529,0.000134008122382,0.000536032489529,0.244078603559,0.433912227013,0.244075627695
252,0.0448944837058,0.0148539464348,0.0451843879321,0.388568050979,0.047504485095,0.0543555011984,0.00332139355111,0.00692337078854,0.212738232697,0.153418981961,0.00603911145013,0.0221980542071,1,0.5,30,20,5,2,20,0.000263798538626,6.59496346565e-05,0.000263798538626,0.00132732756315,0.00351811679268,0.000569562075181,0.000263798538626,6.59496346565e-05,0.000263798538626,0.26296063356,0.467479850614,0.262957415971
253,0.0673584211108,0.126119969671,0.0276137210584,0.166400641407,0.0599299680303,0.235095340666,0.0103130022515,0.122621439144,0.0623370989311,0.0453162974677,0.0218974916257,0.0549966086367,1,0.5,30,20,5,2,20,0.000776971498045,0.000194242874511,0.000776971498045,0.0743221323412,0.00927328625976,0.0114669673277,0.000776971498045,0.000194242874511,0.000776971498045,0.238618946311,0.424206269452,0.238616026567
254,0.185562009081,0.0510155899661,0.414960910522,0.0122187209374,0.0560221646861,0.0237907313987,0.0315562587759,0.00439393728819,0.0517151124114,0.0966379772447,0.0374948996992,0.0346316879896,1,0.5,30,20,5,2,20,0.000352534066356,8.8133516589e-05,0.000352534066356,0.030146585337,0.000778561553253,0.00812981778677,0.000352534066356,8.8133516589e-05,0.000352534066356,0.25395015799,0.451461423382,0.253947050652
255,0.0758838345192,0.000481763636435,0.0928816437931,0.0234691521765,0.0939225552074,0.0165988781518,0.137056562891,0.192754842717,0.0354585266469,0.0957402394626,0.151943576153,0.0838084246441,1,0.5,30,20,5,2,20,7.22471418407e-05,1.80617854602e-05,7.22471418407e-05,0.0242525356279,0.000934481791574,0.000842238680664,7.22471418407e-05,1.80617854602e-05,7.22471418407e-05,0.257732041924,0.458184697496,0.257728892341
256,0.0453739530343,0.205846087297,0.0552606706308,0.0145266365428,0.0624849807408,0.0924648594636,0.12086475381,0.0236256150686,0.108181387129,0.0664989258315,0.0386511829787,0.166220947472,1,0.5,30,20,5,2,20,0.000161680598292,4.04201495729e-05,0.000161680598292,0.0170825964808,0.0040774423104,0.000947232910102,0.000161680598292,4.04201495729e-05,0.000161680598292,0.258663694581,0.459840941456,0.258660529569
257,0.0685736732242,0.00118935399843,0.062151803493,0.00755291651974,0.0475778993635,0.332478641839,0.0212814912737,0.295032625149,0.0423650662052,0.0334670393217,0.0760330949689,0.0122963946435,1,0.5,30,20,5,2,20,0.000989214965879,0.00024730374147,0.000989214965879,0.0208319520597,0.0118673149022,0.00375675419893,0.000989214965879,0.00024730374147,0.000989214965879,0.253879713686,0.451336190596,0.25387660721
258,0.0658724219635,0.144095970194,0.110020267081,0.0774610052929,0.198937204846,0.0413894479387,0.0494585094911,0.181103704571,0.0293301582121,0.0369275350539,0.0635119343485,0.00189184100692,1,0.5,30,20,5,2,20,0.000501104351686,0.000125276087921,0.000501104351686,0.00135078465605,0.00701591823953,0.00419388670232,0.000501104351686,0.000125276087921,0.000501104351686,0.260786463001,0.463614705804,0.260783272015
259,0.0742620413593,0.0797261931494,0.0117378239001,0.0938441878841,0.0635651860357,0.257761028848,0.170936328684,0.0206806235739,0.0326115494236,0.00527358887249,0.0926660411376,0.0969354071318,1,0.5,30,20,5,2,20,0.000175425239975,4.38563099936e-05,0.000175425239975,0.000792858548756,0.00336456052362,0.000334050957248,0.000175425239975,4.38563099936e-05,0.000175425239975,0.263310370419,0.468101597422,0.26330714855
260,0.0152983487722,0.0504029315631,0.0042947693427,0.261779929731,0.0647668922857,0.15425140773,0.147544507906,0.00918075983347,0.0677573783751,0.0812659009413,0.0461175705705,0.0973396029479,1,0.5,30,20,5,2,20,0.00011923892105,2.98097302626e-05,0.00011923892105,0.000342324249069,0.00111886427461,0.000208587624688,0.00011923892105,2.98097302626e-05,0.00011923892105,0.264124224531,0.469548431473,0.264120992703
261,0.0301301492774,0.0561809420955,0.0208409729828,0.0769715615199,0.213813467621,0.0404250308561,0.0181695105548,0.128806401209,0.069186038432,0.0200641136281,0.2006303846,0.124781427223,1,0.5,30,20,5,2,20,0.000103569093457,2.58922733643e-05,0.000103569093457,0.0114698426347,0.0010174584211,0.0020223246716,0.000103569093457,2.58922733643e-05,0.000103569093457,0.260744075937,0.463539351946,0.260740885469
262,0.0530053346882,0.0626359413162,0.00634660363602,0.00772021995448,0.0834856878657,0.00504266519787,0.0708674841109,0.089319884663,0.0645257019024,0.12140043542,0.126195691028,0.309454350217,1,0.5,30,20,5,2,20,1.94817762344e-05,4.87044405861e-06,1.94817762344e-05,0.000242315671011,0.000373479890132,8.93527770027e-05,1.94817762344e-05,4.87044405861e-06,1.94817762344e-05,0.264498398917,0.470213622241,0.264495162511
263,0.00426436510664,0.0370506333853,0.279162593242,0.0794876074736,0.12219795942,0.00160268630603,0.0532502501406,0.072974963426,0.247003073541,0.0162902503789,0.0122987038769,0.0744169137025,1,0.5,30,20,5,2,20,0.000610035971116,0.000152508992779,0.000610035971116,0.00177836674667,0.00543598870609,0.00506592208973,0.000610035971116,0.000152508992779,0.000610035971116,0.260730905969,0.463515938956,0.260727715663
264,0.0210857148033,0.00580290891431,0.0137708378922,0.0204515329226,0.0695785670911,0.135703967332,0.0710929122338,0.36965950101,0.0450506468477,0.221562962994,0.0195246176324,0.00671583032678,1,0.5,30,20,5,2,20,7.17451345673e-05,1.79362836418e-05,7.17451345673e-05,8.36761243093e-05,0.000130276200292,0.00016773999909,7.17451345673e-05,1.79362836418e-05,7.17451345673e-05,0.264521764954,0.470255161355,0.264518528262
265,0.0454927679795,0.140411684259,0.013930262109,0.095743772719,0.318105374151,0.103064740152,0.0662116265784,0.00902226013759,0.122121057756,0.0512635448192,0.0232524621498,0.0113804471897,1,0.5,30,20,5,2,20,0.00154508955295,0.000386272388238,0.00154508955295,0.0414535407284,0.00295077695269,0.0239847807867,0.00154508955295,0.000386272388238,0.00154508955295,0.244764613543,0.435131766401,0.2447616186
266,0.012118109728,0.0571269791181,0.185857983175,0.157925737306,0.0297525732947,0.0399877678958,0.0941502354697,0.010529771425,0.0255462966121,0.160036015945,0.00122173726126,0.225746792769,1,0.5,30,20,5,2,20,0.000241934940231,6.04837350577e-05,0.000241934940231,0.0120056895704,0.000651559990671,0.00151289815773,0.000241934940231,6.04837350577e-05,0.000241934940231,0.260669118948,0.463406096706,0.260665929397
267,0.0271603330057,0.056952248842,0.00795688053535,0.100636405732,0.236521779589,0.0461549170518,0.0120318684914,0.0248743749356,0.145065508684,0.100313633667,0.0733562728524,0.168975776614,1,0.5,30,20,5,2,20,0.000225646980934,5.64117452334e-05,0.000225646980934,0.0270830345779,0.00209340277798,0.000714611456458,0.000225646980934,5.64117452334e-05,0.000225646980934,0.25652706852,0.456042541602,0.256523929651
268,0.0558267636501,0.107053685879,0.0981399806551,0.00749392491925,0.240593815569,0.135460345283,0.15030650498,0.101648482211,0.0438128949848,0.0193423785569,0.021526328733,0.0187948945806,1,0.5,30,20,5,2,20,0.0011192812904,0.0002798203226,0.0011192812904,0.03902803734,0.024694733332,0.0341018550061,0.0011192812904,0.0002798203226,0.0011192812904,0.237480003584,0.422181507156,0.237477097775
269,0.00677963611499,0.11872532201,0.0495214350976,0.00539218441556,0.0529886779815,0.24765693422,0.0195324623629,0.266460250992,0.0910230912758,0.0489097993642,0.0682258446848,0.0247843614799,1,0.5,30,20,5,2,20,0.000451933652827,0.000112983413207,0.000451933652827,0.0286232760383,0.00137336785143,0.0100139285483,0.000451933652827,0.000112983413207,0.000451933652827,0.253578797204,0.450801234509,0.253575694411
270,0.159538428241,0.0493011174094,0.0122528916407,0.188144864963,0.133020663,0.0264400235162,0.0255180917008,0.0360024313217,0.331635996061,0.0215669591499,0.00435432162551,0.0122242113706,1,0.5,30,20,5,2,20,0.000525223032367,0.000131305758092,0.000525223032367,0.414830124501,0.00380713961097,0.00259170067101,0.000525223032367,0.000131305758092,0.000525223032367,0.152579786012,0.271249757158,0.152577988401
271,0.0350780132098,0.180401125729,0.058325180573,0.0501034085302,0.0166159772807,0.0798264758921,0.0530576445005,0.0218797932062,0.40261872338,0.0503982602413,0.0169919374628,0.0347034599943,1,0.5,30,20,5,2,20,0.000647661303252,0.000161915325813,0.000647661303252,0.120664540134,0.00845159641021,0.00339023622613,0.000647661303252,0.000161915325813,0.000647661303252,0.228861246206,0.406859459301,0.228858445857
272,0.108905360777,0.101318629219,0.186226328288,0.103521297935,0.119294074972,0.00318921053683,0.0939896884423,0.0549992012233,0.0102100887165,0.0251181842141,0.117664035929,0.0755638997466,1,0.5,30,20,5,2,20,0.00017836407501,4.45910187526e-05,0.00017836407501,0.000693320032675,0.000780025936201,0.00055240231317,0.00017836407501,4.45910187526e-05,0.00017836407501,0.263959566639,0.469255709914,0.263956336827
273,0.0327522102906,0.0565580414582,0.0335750632734,0.0709507813102,0.191344398681,0.0206212323546,0.177334989392,0.0791125410699,0.151464436709,0.117360366116,0.0286685785797,0.0402573607655,1,0.5,30,20,5,2,20,0.000320749107554,8.01872768885e-05,0.000320749107554,0.0672968944076,0.00337625293875,0.00184661694615,0.000320749107554,8.01872768885e-05,0.000320749107554,0.24512960157,0.435780648418,0.245126614735
274,0.317152306126,0.0558863330443,0.0601302884022,0.250792820843,0.0286997878803,0.0438819524746,0.0318667182221,0.0143989012674,0.00565476648698,0.012752392472,0.0540256720492,0.124758060732,1,0.5,30,20,5,2,20,0.000314942358136,7.87355895339e-05,0.000314942358136,0.0417423736111,0.00688635715593,0.00128693858045,0.000314942358136,7.87355895339e-05,0.000314942358136,0.251120018472,0.446430125804,0.251116945765
275,0.207138241169,0.0377610304332,0.00241937089656,0.0278941040366,0.0467271353083,0.0601136094576,0.0990492734599,0.152701811072,0.0347164104041,0.0484657220866,0.110019755728,0.172993535948,1,0.5,30,20,5,2,20,0.000250916775094,6.27291937735e-05,0.000250916775094,0.0161620014377,0.00170831331646,0.000934063224422,0.000250916775094,6.27291937735e-05,0.000250916775094,0.259431700854,0.461206269235,0.259428526445
276,0.0272706421444,0.0151804894756,0.0956637779073,0.122367647662,0.0353351818918,0.0345232531301,0.101870770174,0.0359980019381,0.116569111231,0.0338962595735,0.256747599295,0.124577265577,1,0.5,30,20,5,2,20,4.87748720899e-05,1.21937180225e-05,4.87748720899e-05,0.000535082846842,0.000688538217134,0.000337771223009,4.87748720899e-05,1.21937180225e-05,4.87748720899e-05,0.264236850507,0.46974865298,0.264233617301
277,0.00551913782151,0.0040057317602,0.23365733315,0.0029413014927,0.0705752254918,0.0305826799883,0.147659073193,0.0261907133657,0.175375459281,0.0494026424528,0.105070466762,0.149020235241,1,0.5,30,20,5,2,20,8.74499327309e-05,2.18624831827e-05,8.74499327309e-05,0.00687834201673,0.000919792316742,0.000684521980562,8.74499327309e-05,2.18624831827e-05,8.74499327309e-05,0.262358665485,0.466409698242,0.262355455261
278,0.0985501249488,0.264637037162,0.216404767617,0.0559805399406,0.0368158699703,0.100821973286,0.0722831722034,0.0509902560804,0.00530298245532,0.0382532866795,0.00188286058596,0.0580771290717,1,0.5,30,20,5,2,20,0.00159506541325,0.000398766353313,0.00159506541325,0.0921506902054,0.0155973650498,0.00390332104622,0.00159506541325,0.000398766353313,0.00159506541325,0.233253200479,0.414667282471,0.23325034639
279,0.070707476134,0.0283878967448,0.0375299041284,0.146594912924,0.113057518467,0.0314009297733,0.0628537039153,0.381998323479,0.0647713192098,0.0207839871976,0.0272076424433,0.0147063855839,1,0.5,30,20,5,2,20,0.00286251733516,0.000715629333789,0.00286251733516,0.145060561241,0.0172990360623,0.0108601473186,0.00286251733516,0.000715629333789,0.00286251733516,0.215445772096,0.383010019375,0.215443135899
280,0.0743234336162,0.0786229902814,0.178038641417,0.000326508222196,0.126177794621,0.165391472798,0.0686196264713,0.046811601174,0.00820206415436,0.100579745724,0.0133091955597,0.139596925961,1,0.5,30,20,5,2,20,0.000185555326628,4.63888316569e-05,0.000185555326628,0.00536029006072,0.00361135648207,0.000600357682707,0.000185555326628,4.63888316569e-05,0.000185555326628,0.261953444202,0.465689313665,0.261950238937
281,0.0351639805097,0.110710344832,0.0658554291131,0.122429316389,0.0217964435117,0.0925412541831,0.305840702484,0.0124775925314,0.0512408781832,0.0912684453983,0.0284583533707,0.0622172594937,1,0.5,30,20,5,2,20,0.000201714188867,5.04285472169e-05,0.000201714188867,0.0502973196884,0.00318930700266,0.00138581415819,0.000201714188867,5.04285472169e-05,0.000201714188867,0.249942796038,0.444337311528,0.249939737735
282,0.108460053589,0.224991653966,0.00316008375003,0.0239921567822,0.0349986487156,0.114155103579,0.114085911314,0.0272380605369,0.0927127370368,0.185655495774,0.0291151330192,0.0414349619379,1,0.5,30,20,5,2,20,0.000215157569394,5.37893923486e-05,0.000215157569394,0.0136777618446,0.000680772393352,0.00611353194244,0.000215157569394,5.37893923486e-05,0.000215157569394,0.259032845913,0.46049720246,0.259029676384
283,0.0378558263869,0.032915098062,0.143042996421,0.0144936903166,0.13690175245,0.0681253422675,0.0491991108988,0.173746329277,0.0117908582012,0.0369964380059,0.276504259645,0.0184282980683,1,0.5,30,20,5,2,20,5.02879952306e-05,1.25719988077e-05,5.02879952306e-05,0.0124168007896,0.000693123540128,0.00035763530381,5.02879952306e-05,1.25719988077e-05,5.02879952306e-05,0.261083385584,0.464142565635,0.261080193169
284,0.0140453416091,0.00363075872051,0.0197909012812,0.161920624712,0.023092709849,0.0685220578895,0.179540943863,0.0300273692961,0.269012697993,0.0774240238758,0.0963646819522,0.0566278889584,1,0.5,30,20,5,2,20,0.000237247018621,5.93117546552e-05,0.000237247018621,0.0166200713682,0.00491693756927,0.0016179038288,0.000237247018621,5.93117546552e-05,0.000237247018621,0.258296361582,0.459187913004,0.258293201064
285,0.0436183551387,0.00689124321184,0.118156552988,0.0505580501606,0.275120981572,0.0427265178473,0.0620842456735,0.0635095757203,0.0896298084054,0.105484485081,0.112084084246,0.0301360999565,1,0.5,30,20,5,2,20,0.000166847448247,4.17118620617e-05,0.000166847448247,0.0013231064431,0.00169170499298,0.000229469826818,0.000166847448247,4.17118620617e-05,0.000166847448247,0.263650729348,0.468706672558,0.263647503314
286,0.00912109877664,0.28622435876,0.0350629712393,0.039386907905,0.218416918069,0.123055112254,0.0280910143187,0.0901842859574,0.0236260721631,0.0488260515249,0.070437783368,0.0275674256641,1,0.5,30,20,5,2,20,0.000363919334552,9.09798336379e-05,0.000363919334552,0.00128833363401,0.00380326808299,0.000583789607565,0.000363919334552,9.09798336379e-05,0.000363919334552,0.262772444918,0.467145297121,0.262769229631
287,0.242354583379,0.0594869836921,0.0280794516556,0.0715268963281,0.00631276451286,0.218489627865,0.00666912525243,0.198244488721,0.0236178413678,0.0171817902111,0.108319209529,0.0197172374862,1,0.5,30,20,5,2,20,0.000687594084976,0.000171898521244,0.000687594084976,0.0429935801501,0.0108805221799,0.00525199570303,0.000687594084976,0.000171898521244,0.000687594084976,0.248238043922,0.441306678184,0.248235006478
288,0.140692591693,0.0723154406376,0.102940928042,0.138750516548,0.106455865487,0.0522898669926,0.0645678823741,0.0533168680047,0.15244195955,0.087559075732,0.0282290115414,0.000439993397462,1,0.5,30,20,5,2,20,0.000615801292358,0.00015395032309,0.000615801292358,0.00466244727978,0.00898176736815,0.000304987619162,0.000615801292358,0.00015395032309,0.000615801292358,0.260282260226,0.462718356283,0.260279075409
289,0.117407435206,0.0516921598726,0.0428618055421,0.0470112562485,0.0561971761448,0.066192665647,0.0102882146041,0.114659701758,0.014842228664,0.260187660877,0.199326234403,0.0193334610323,1,0.5,30,20,5,2,20,2.8913621849e-05,7.22840546225e-06,2.8913621849e-05,0.0108082690742,0.000538423553194,0.000369534587598,2.8913621849e-05,7.22840546225e-06,2.8913621849e-05,0.261572438967,0.465011982413,0.261569240107
290,0.0562423054818,0.0717782547555,0.208439584628,0.044723568747,0.0776440092864,0.0458463362716,0.0223704757733,0.251267843323,0.0911022457198,0.0834752195804,0.0065337450879,0.0405764113453,1,0.5,30,20,5,2,20,0.000956826560613,0.000239206640153,0.000956826560613,0.0654210488913,0.00563680494691,0.00918407245452,0.000956826560613,0.000239206640153,0.000956826560613,0.242327803406,0.430799712498,0.24232483828
291,0.114216390958,0.0900887232355,0.0378352878492,0.0506712345039,0.0129790981528,0.0365922593202,0.0365050192683,0.0301941295552,0.0794917667096,0.00209616244022,0.0605062807359,0.448823647271,1,0.5,30,20,5,2,20,4.82835296294e-05,1.20708824074e-05,4.82835296294e-05,0.0110841057139,0.000539612500794,0.000189995808479,4.82835296294e-05,1.20708824074e-05,4.82835296294e-05,0.261523561499,0.4649250871,0.261520361494
292,0.0417431348807,0.0607172467784,0.0360768604011,0.101275475064,0.00562124900722,0.0196628788178,0.32576742348,0.103662067113,0.122038311698,0.153787627831,0.0050204458653,0.0246272790631,1,0.5,30,20,5,2,20,0.000233283770445,5.83209426114e-05,0.000233283770445,0.0013278430207,0.00125062099819,0.00243845480691,0.000233283770445,5.83209426114e-05,0.000233283770445,0.26310235944,0.467731804651,0.263099140116
293,0.093760186274,0.159041507746,0.254811142762,0.0472153526813,0.0134749016848,0.0990845588055,0.15292943737,0.0480627824804,0.0109992207556,0.0136059397257,0.00837724678511,0.0986377229296,1,0.5,30,20,5,2,20,0.000540901076482,0.000135225269121,0.000540901076482,0.0258197364303,0.00195862752303,0.0206511224824,0.000540901076482,0.000135225269121,0.000540901076482,0.251244264241,0.446651004467,0.251241190013
294,0.131908130643,0.0916886414399,0.000284770692757,0.171453663973,0.05520968309,0.017561013073,0.034630266386,0.0907395404865,0.0102247473275,0.000905142307288,0.178123880006,0.217270520575,1,0.5,30,20,5,2,20,3.64058364654e-05,9.10145911635e-06,3.64058364654e-05,0.000111241323394,0.000347111133183,3.21283058514e-05,3.64058364654e-05,9.10145911635e-06,3.64058364654e-05,0.264535063474,0.47027880288,0.26453182662
295,0.178597558297,0.104031130412,0.0823200395794,0.0391383794723,0.0344204112703,0.117944168096,0.121628850485,0.0222235942739,0.160087924743,0.0640218143696,0.0223095265871,0.0532766024151,1,0.5,30,20,5,2,20,0.000414244272447,0.000103561068112,0.000414244272447,0.0451246482305,0.00831308630137,0.00117188573141,0.000414244272447,0.000103561068112,0.000414244272447,0.249759203706,0.444010929155,0.24975614765
296,0.167762316061,0.0791760040137,0.126362676727,0.0158002088103,0.0383937114455,0.0633635269838,0.108959569362,0.0464837680436,0.0700470077664,0.067883637149,0.176697548721,0.0390700249177,1,0.5,30,20,5,2,20,0.000265187908002,6.62969770006e-05,0.000265187908002,0.0122154093261,0.00156304937545,0.00219406630447,0.000265187908002,6.62969770006e-05,0.000265187908002,0.260164316148,0.462508680487,0.260161132774
297,0.0548205395101,0.130031917286,0.343908269755,0.000294508890068,0.0447941607679,0.0864952206668,0.0168270887056,0.0209768373229,0.081030520432,0.0278616730486,0.142655666421,0.0503035971938,1,0.5,30,20,5,2,20,0.000171713322239,4.29283305598e-05,0.000171713322239,0.00567655057957,0.00110991131044,0.0009920525714,0.000171713322239,4.29283305598e-05,0.000171713322239,0.262444684183,0.4665626185,0.262441472906
298,0.0763836290156,0.0618367416011,0.117999344187,0.0173769536612,0.0321512836762,0.132845806671,0.158715899531,0.0407470424317,0.161292523822,0.102842612716,0.0825987003211,0.015209462365,1,0.5,30,20,5,2,20,0.000339522489892,8.4880622473e-05,0.000339522489892,0.00732692896817,0.005944196026,0.000444841566841,0.000339522489892,8.4880622473e-05,0.000339522489892,0.260673099414,0.463413173005,0.260669909815
299,0.0200335538465,0.0723436501328,0.0282671409151,0.195860622581,0.166157733723,0.125139159041,0.0843220838445,0.0501543735189,0.00875914113392,0.0690004843399,0.027973495579,0.151988561345,1,0.5,30,20,5,2,20,0.000314729892026,7.86824730066e-05,0.000314729892026,0.00782690888176,0.00392709745152,0.000399257793991,0.000314729892026,7.86824730066e-05,0.000314729892026,0.261116292288,0.464201061805,0.261113097266
300,0.0725073587935,0.057777119187,0.127292330173,0.0467053632014,0.0137204608543,0.0307772962003,0.0575233937173,0.0855502790154,0.0935391279073,0.31296381092,0.00436178989219,0.0972816701385,1,0.5,30,20,5,2,20,9.30779157872e-05,2.32694789468e-05,9.30779157872e-05,0.0016056879646,0.000544721969025,0.000173352808676,9.30779157872e-05,2.32694789468e-05,9.30779157872e-05,0.263982271529,0.469296073669,0.263979041439
301,0.0369304649754,0.16513552463,0.0892006691274,0.00419241556917,0.108037756741,0.126631142069,0.212650659992,0.0186322723964,0.00268171768988,0.0902813125274,0.0990841558552,0.0465419084273,1,0.5,30,20,5,2,20,0.000496525673565,0.000124131418391,0.000496525673565,0.014448909624,0.00275825564699,0.0010626499776,0.000496525673565,0.000124131418391,0.000496525673565,0.259280637853,0.460937716075,0.259277465292
302,0.0687555006528,0.0170820914663,0.019437654197,0.0740461952885,0.322717099219,0.000396223071898,0.0737802400836,0.130482578046,0.0417241431961,0.0777521283921,0.17092930333,0.00289684305635,1,0.5,30,20,5,2,20,0.000365201858969,9.13004647422e-05,0.000365201858969,0.00950949484098,0.00220031343115,0.00270822562671,0.000365201858969,9.13004647422e-05,0.000365201858969,0.260456667453,0.463028409781,0.260453480502
303,0.160625189364,0.081078534771,0.0168494222007,0.00723761143376,0.0454894339127,0.0211200182001,0.0412956416494,0.0972917314386,0.161446595617,0.140283598556,0.216868651806,0.0104135710513,1,0.5,30,20,5,2,20,3.01834833933e-05,7.54587084833e-06,3.01834833933e-05,0.000341992614948,0.000869905760819,9.09148991874e-05,3.01834833933e-05,7.54587084833e-06,3.01834833933e-05,0.264327444332,0.469909706699,0.264324210018
304,0.025768437084,0.00836729834439,0.341514552595,0.0247194822062,0.162456072335,0.129347972539,0.0139904534121,0.103362887669,0.0331773699767,0.031680757401,0.00754889655078,0.118065819887,1,0.5,30,20,5,2,20,0.000641263266873,0.000160315816718,0.000641263266873,0.00533376108121,0.00284023691495,0.000389145105643,0.000641263266873,0.000160315816718,0.000641263266873,0.261677664619,0.46519904485,0.261674462728
305,0.145257478864,0.226197503295,0.121335654799,0.000347925496632,0.118163293601,0.0722947738444,0.0178476955099,0.0286551828172,0.0109851480913,0.0939925464208,0.133030347407,0.0318924498531,1,0.5,30,20,5,2,20,0.000215600525266,5.39001313165e-05,0.000215600525266,0.0361222499762,0.000334274973047,0.0023927481019,0.000215600525266,5.39001313165e-05,0.000215600525266,0.254167719739,0.451848195102,0.254164609745
306,0.0498478429646,0.220758163656,0.0167935800638,0.0275184974067,0.0415370277586,0.0220174226543,0.2940818693,0.11209129586,0.0499679589699,0.0834050827004,0.0128095476088,0.0691717110574,1,0.5,30,20,5,2,20,0.000155955641747,3.89889104368e-05,0.000155955641747,0.0847049416039,0.00139744682888,0.00193138993669,0.000155955641747,3.89889104368e-05,0.000155955641747,0.241219214822,0.428828932109,0.241216274311
307,0.283677652536,0.0222229954402,0.0421460739142,0.026572887621,0.0762889463743,0.0148592851267,0.0043048667911,0.0347594245682,0.0711935864281,0.0993957374239,0.146564447577,0.178014096199,1,0.5,30,20,5,2,20,2.90568184682e-05,7.26420461706e-06,2.90568184682e-05,0.0182940295874,6.05277105718e-05,0.000302323600044,2.90568184682e-05,7.26420461706e-06,2.90568184682e-05,0.259735019435,0.461745500149,0.259731843834
308,0.0966055052453,0.019237855648,0.023607390338,0.0382313340539,0.0692291454648,0.00141118022812,0.001420364239,0.0306084570199,0.0707226913245,0.0566222830298,0.477115742496,0.115188050912,1,0.5,30,20,5,2,20,1.9217721635e-05,4.80443040874e-06,1.9217721635e-05,0.000319876882129,0.000338712234103,4.74190817603e-05,1.9217721635e-05,4.80443040874e-06,1.9217721635e-05,0.264498485843,0.470213776775,0.264495249436
309,0.130901753041,0.111451970385,0.0274042401352,0.0183281174466,0.1016304397,0.0285180280166,0.0257125011085,0.256155478228,0.179393610835,0.00956252301568,0.0783287981951,0.0326125398929,1,0.5,30,20,5,2,20,0.000541375521893,0.000135343880473,0.000541375521893,0.00180848487246,0.00625316341882,0.00129368207993,0.000541375521893,0.000135343880473,0.000541375521893,0.261586951104,0.465037778353,0.261583750323
310,0.108692679477,0.174303386427,0.00286050568987,0.0533027441276,0.0667332120697,0.0213334739132,0.223649560574,0.00736068311149,0.0118009020479,0.150242268313,0.0940818885716,0.0856386956771,1,0.5,30,20,5,2,20,0.000205996021799,5.14990054497e-05,0.000205996021799,0.00223984398152,0.000656091970207,0.000212971157869,0.000205996021799,5.14990054497e-05,0.000205996021799,0.263639930725,0.468687475243,0.263636704824
311,0.021330661206,0.00267918142584,0.057765445079,0.0378149614708,0.00400908523316,0.225958796984,0.0905879720825,0.113432551436,0.0306438381322,0.258437661292,0.0833976735737,0.0739421720852,1,0.5,30,20,5,2,20,0.000119376019459,2.98440048648e-05,0.000119376019459,0.019458445334,0.00153007637792,9.12556296923e-05,0.000119376019459,2.98440048648e-05,0.000119376019459,0.258986073502,0.460414052524,0.258982904545
312,0.00727666995319,0.0221042929871,0.111824680105,0.099304878888,0.15273275188,0.04160902204,0.0511649460396,0.0166200184812,0.262387745555,0.115728625404,0.0883017479106,0.0309446207573,1,0.5,30,20,5,2,20,0.000435644814063,0.000108911203516,0.000435644814063,0.0179685096448,0.00605738053145,0.00167606665166,0.000435644814063,0.000108911203516,0.000435644814063,0.257385809058,0.457569172768,0.257382659682
313,0.137900596593,0.0108413407095,0.0263696538538,0.191524781605,0.00217155674095,0.00122878448489,0.157354158909,0.286323147753,0.0868789546696,0.0218963476166,0.018418972916,0.0590917041482,1,0.5,30,20,5,2,20,0.0014676383117,0.000366909577925,0.0014676383117,0.0863136714609,0.00418105495874,0.0122605900901,0.0014676383117,0.000366909577925,0.0014676383117,0.235759850553,0.419123494742,0.235756965792
314,0.017342447041,0.188096921678,0.00849848783906,0.0733569312733,0.0153139908083,0.0490728463042,0.0658142973702,0.0123541540294,0.0809115560097,0.387376912164,0.0256566888752,0.0762047666071,1,0.5,30,20,5,2,20,7.48711736729e-05,1.87177934182e-05,7.48711736729e-05,0.00560698471664,0.00146712147819,6.79500790654e-05,7.48711736729e-05,1.87177934182e-05,7.48711736729e-05,0.262728517051,0.467067204092,0.262725302302
315,0.023332578811,0.0326211275255,0.00884278067162,0.239331357832,0.0326659724026,0.168820807105,0.0469228646095,0.242944739901,0.0174072881997,0.0621719300812,0.0437562955601,0.0811822573005,1,0.5,30,20,5,2,20,0.00010837431502,2.70935787549e-05,0.00010837431502,0.000398827298473,0.00413026929776,4.5809183692e-05,0.00010837431502,2.70935787549e-05,0.00010837431502,0.263368154489,0.468204323401,0.263364931913
316,0.0441847831483,0.0455335855253,0.114559706479,0.0245256762459,0.216249810595,0.121800382129,0.0547775828049,0.0214418781577,0.122267766536,0.0236204590197,0.0397562589078,0.171282110452,1,0.5,30,20,5,2,20,7.3255220189e-05,1.83138050473e-05,7.3255220189e-05,0.0110503527729,0.0024965635398,0.00632803107461,7.3255220189e-05,1.83138050473e-05,7.3255220189e-05,0.259359940452,0.461078696748,0.259356766921
317,0.0754030542985,0.176698725229,0.00418720858171,0.0691598347652,0.0145136597942,0.0091333882508,0.226736679825,0.0322321928886,0.0119677620637,0.249598150423,0.101762363282,0.0286069805991,1,0.5,30,20,5,2,20,0.000158385313929,3.95963284822e-05,0.000158385313929,0.00410192653727,0.00072088347134,0.000778353658868,0.000158385313929,3.95963284822e-05,0.000158385313929,0.263036923084,0.467615474775,0.263033704561
318,0.0149235519472,0.14417072113,0.235331281635,0.0656531079513,0.0198459908474,0.0252639318781,0.0367221401823,0.0552322364958,0.183432769831,0.0510877162288,0.0713961311293,0.0969404207432,1,0.5,30,20,5,2,20,0.000292889688224,7.32224220559e-05,0.000292889688224,0.00517383097333,0.0043591724119,0.000997336616222,0.000292889688224,7.32224220559e-05,0.000292889688224,0.261571909487,0.465011038026,0.261568708889
319,0.0486211118461,0.13757481027,0.219114864749,0.163012807029,0.0255880654289,0.0360379446186,0.000659112964097,0.0582206993514,0.157709438708,0.093452298511,0.0525430998521,0.00746574667214,1,0.5,30,20,5,2,20,0.000723646301855,0.000180911575464,0.000723646301855,0.016735099312,0.00624234246583,0.00420682011709,0.000723646301855,0.000180911575464,0.000723646301855,0.256650366975,0.456261736174,0.256647226598
320,0.00756023095502,0.0630777062671,0.0437749244487,0.17778191884,0.0818540354753,0.217961690368,0.041304795408,0.0586593833204,0.0126705434183,0.0846797477278,0.0423456690643,0.168329354707,1,0.5,30,20,5,2,20,0.000194527240175,4.86318100437e-05,0.000194527240175,0.0168725403429,0.00486820525368,0.000369701537936,0.000194527240175,4.86318100437e-05,0.000194527240175,0.258623727519,0.45976988977,0.258620562996
321,0.168724647944,0.0976419595194,0.00486659346206,0.263749648318,0.0155484316005,0.0611474639941,0.0677386059367,0.0665089998051,0.157593155232,0.0351674100328,0.00645316693678,0.0548599172181,1,0.5,30,20,5,2,20,0.000997802051911,0.000249450512978,0.000997802051911,0.0461377568165,0.012836622246,0.00801593060131,0.000997802051911,0.000249450512978,0.000997802051911,0.245786806358,0.436948975836,0.245783798908
322,0.0801830108841,0.0306755813809,0.0912818855058,0.119183415979,0.0852117860262,0.422658391523,0.0133001746631,0.0490812080509,0.0125850603353,0.0284301654144,0.0299616363203,0.0374476839173,1,0.5,30,20,5,2,20,0.000788095572132,0.000197023893033,0.000788095572132,0.0453359606959,0.00500310662087,0.016652599835,0.000788095572132,0.000197023893033,0.000788095572132,0.246036246692,0.437392419892,0.246033236189
323,0.0786012698343,0.0459639020249,0.216750408295,0.0157119891587,0.0748631775073,0.145086030683,0.0911154859294,0.0106622587595,0.00343318579053,0.00477588307084,0.178621225124,0.134415183822,1,0.5,30,20,5,2,20,8.86518497103e-05,2.21629624276e-05,8.86518497103e-05,0.0318257323919,0.00146348970268,0.00077897551645,8.86518497103e-05,2.21629624276e-05,8.86518497103e-05,0.255584529558,0.454366937285,0.255581402223
324,0.0615966936159,0.455601526371,0.0309695002755,0.0123033973543,0.0329138302243,0.0496395425699,0.0432272652419,0.0886760401231,0.0717995953974,0.0219125136536,0.112426435746,0.0189336594268,1,0.5,30,20,5,2,20,0.000521823856997,0.000130455964249,0.000521823856997,0.00610762588194,0.00443850872879,0.00409179335649,0.000521823856997,0.000130455964249,0.000521823856997,0.260211893558,0.462593261515,0.260208709602
325,0.136276137517,0.0342851107549,0.268551809708,0.00507476145264,0.0795950524806,0.00171489208726,0.0119026852829,0.28035321369,0.0388979263859,0.0596795087134,0.0399142273188,0.0437546746093,1,0.5,30,20,5,2,20,0.00071558409408,0.00017889602352,0.00071558409408,0.0377343549684,0.00516702741329,0.00615572617923,0.00071558409408,0.00017889602352,0.00071558409408,0.250870047305,0.445985738055,0.250866977656
326,0.00906987342352,0.300275184027,0.0513499483962,0.134124460086,0.0857914430915,0.0566333426062,0.097522082871,0.048515313582,0.00825103507707,0.0977298891193,0.0352090432776,0.0755283844425,1,0.5,30,20,5,2,20,0.000347192996027,8.67982490067e-05,0.000347192996027,0.0232818774858,0.00638858648931,0.00127665154454,0.000347192996027,8.67982490067e-05,0.000347192996027,0.256102734879,0.455288179916,0.256099601203
327,0.032572262351,0.0559164112808,0.0312858831136,0.0045231760889,0.066098506371,0.0161622578498,0.182721139104,0.0706386037045,0.04726643693,0.312354831769,0.0860388599461,0.0944216314915,1,0.5,30,20,5,2,20,3.92509319109e-05,9.81273297772e-06,3.92509319109e-05,0.000615893938276,9.53454004532e-05,0.000440213186869,3.92509319109e-05,9.81273297772e-06,3.92509319109e-05,0.264356709745,0.469961733463,0.264353475073
328,0.0592801265807,0.0132791100567,0.213251297292,0.0295700879027,0.0830664944179,0.160159230521,0.0623848346813,0.0742870187438,0.0510617115288,0.14908701284,0.0158206079036,0.0887524675316,1,0.5,30,20,5,2,20,0.000347866394387,8.69665985969e-05,0.000347866394387,0.0351187460685,0.00147431074508,0.00184160392094,0.000347866394387,8.69665985969e-05,0.000347866394387,0.254119917641,0.451763214624,0.254116808226
329,0.337604267167,0.0239967608197,0.111879135303,0.0015082127559,0.165240416712,0.0230223446123,0.0980077636378,0.015360186005,0.0255084584132,0.03237741331,0.125174646237,0.0403203950261,1,0.5,30,20,5,2,20,0.000106433282764,2.66083206911e-05,0.000106433282764,0.000125089082347,0.00220045536529,0.000167582433843,0.000106433282764,2.66083206911e-05,0.000106433282764,0.2639215307,0.469188091294,0.263918301353
330,0.0798348813352,0.0505895061356,0.0841871428442,0.0160034417171,0.103359861396,0.11793238802,0.0501178044175,0.0828004956826,0.0656492922098,0.20257168231,0.0665690766268,0.0803844273047,1,0.5,30,20,5,2,20,0.000248682173645,6.21705434113e-05,0.000248682173645,0.00802615196151,0.0021038684021,0.000671265640785,0.000248682173645,6.21705434113e-05,0.000248682173645,0.261552847265,0.464977150047,0.261549646902
331,0.125672716596,0.0804626593057,0.0187276724981,0.0164693805036,0.27246852629,0.00240489484139,0.0324796161162,0.0238299444043,0.153908339324,0.0516790146084,0.197330634387,0.0245666011253,1,0.5,30,20,5,2,20,0.000197003380246,4.92508450614e-05,0.000197003380246,0.0210062821635,0.00295763270063,0.000758090115996,0.000197003380246,4.92508450614e-05,0.000197003380246,0.257929477029,0.458535681779,0.257926321001
332,0.0179397415137,0.174442582351,0.0789983914204,0.0310995637438,0.176954475314,0.056827846861,0.0913910254002,0.207447733585,0.0763021747529,0.054758118696,0.0143753409351,0.0194630054265,1,0.5,30,20,5,2,20,0.0012559553004,0.0003139888251,0.0012559553004,0.018291678621,0.0204362175013,0.00071399140696,0.0012559553004,0.0003139888251,0.0012559553004,0.252771592514,0.449366221507,0.252768499598
333,0.318433588969,0.0516309446488,0.0173501003162,0.0797846940238,0.125740382727,0.0228521710288,0.0296062289247,0.0230755372927,0.167033074513,0.0224527207203,0.0537568228999,0.0882837339359,1,0.5,30,20,5,2,20,0.000326241403168,8.15603507919e-05,0.000326241403168,0.106339522475,0.00246616858121,0.00371345081391,0.000326241403168,8.15603507919e-05,0.000326241403168,0.234534902301,0.416945836489,0.234532033025
334,0.0109485221343,0.214496205685,0.00529905746875,0.017920285187,0.0130919870676,0.346241612521,0.00614713888334,0.127005731466,0.0628452176872,0.108467293181,0.0516277690733,0.0359091796464,1,0.5,30,20,5,2,20,0.000177444237066,4.43610592664e-05,0.000177444237066,0.00206770387281,0.00425879792051,0.00137389403941,0.000177444237066,4.43610592664e-05,0.000177444237066,0.262458536237,0.466587244073,0.262455324791
335,0.0168285005164,0.0813061771041,0.00141127775333,0.175893253396,0.154701533368,0.0359389696769,0.0932717543612,0.0507880705321,0.185606737966,0.170118147591,0.0241134782968,0.0100220994379,1,0.5,30,20,5,2,20,0.000256484257868,6.4121064467e-05,0.000256484257868,0.0567651159452,0.0028035167917,0.00445202963898,0.000256484257868,6.4121064467e-05,0.000256484257868,0.247455944795,0.439916296748,0.247452916921
336,0.0806793560322,0.226340775027,0.00287459132868,0.0935390798246,0.019628933705,0.34789530618,0.0129812067354,0.00820743923736,0.0173225300236,0.00425190653563,0.0370999753065,0.149178900064,1,0.5,30,20,5,2,20,0.000403275451232,0.000100818862808,0.000403275451232,0.0545400381512,0.00316854508818,0.00469232435262,0.000403275451232,0.000100818862808,0.000403275451232,0.247709851483,0.440367680893,0.247706820502
337,0.101934231626,0.0126522045048,0.0915452723089,0.0188644012748,0.018175945071,0.0612168009556,0.0927914801433,0.194507721444,0.0600892523126,0.0168102507185,0.244938982765,0.0864734568753,1,0.5,30,20,5,2,20,0.000107404338749,2.68510846874e-05,0.000107404338749,0.0130700185168,0.0015791640017,0.00057611997843,0.000107404338749,2.68510846874e-05,0.000107404338749,0.260550061887,0.463194442299,0.260546873793
338,0.0256019195193,0.127140515082,0.0994919620341,0.0395752121981,0.0263567051895,0.15526317892,0.157536876417,0.035406800485,0.0258992980484,0.0105958826574,0.00210452072789,0.29502712872,1,0.5,30,20,5,2,20,0.000126470801801,3.16177004502e-05,0.000126470801801,0.00763584758962,0.00261537942605,0.000683350383979,0.000126470801801,3.16177004502e-05,0.000126470801801,0.261663140552,0.465173224602,0.261659938839
339,0.049398285988,0.210324768953,0.233233677362,0.0233014048133,0.0987270106257,0.0187329346855,0.0367053750264,0.0375118512542,0.0119789944068,0.0662464985967,0.0911026637005,0.122736534587,1,0.5,30,20,5,2,20,0.000268115415927,6.70288539818e-05,0.000268115415927,0.00736184870076,0.00210684719729,0.000328345820366,0.000268115415927,6.70288539818e-05,0.000268115415927,0.261795530398,0.465408581448,0.261792327064
340,0.0637022343551,0.0518179058504,0.0536297942408,0.17732928372,0.10813470628,0.0076165913965,0.0967241126412,0.250661729138,0.0196004261349,0.0837622941486,0.0463518875054,0.0406690345891,1,0.5,30,20,5,2,20,0.000776045093013,0.000194011273253,0.000776045093013,0.0150431566413,0.00116338097732,0.00708298706659,0.000776045093013,0.000194011273253,0.000776045093013,0.257618919332,0.457983585961,0.257615767103
341,0.0683675952261,0.0509944038694,0.0465594581133,0.149693614393,0.205225222289,0.0585640822843,0.1205595382,0.221994666622,0.00629652056595,0.0155379298225,0.024498819149,0.0317081494655,1,0.5,30,20,5,2,20,0.00081082184306,0.000202705460765,0.00081082184306,0.0227472200146,0.0342405130916,0.00449691053544,0.00081082184306,0.000202705460765,0.00081082184306,0.247466930082,0.439935825909,0.247463902074
342,0.192962431615,0.071823246654,0.0869228865504,0.0846714721031,0.122375145557,0.0574712779653,0.0824968555785,0.0257762797666,0.135735880215,0.0221725040067,0.0949633166932,0.0226287032957,1,0.5,30,20,5,2,20,0.00085916415218,0.000214791038045,0.00085916415218,0.0203235802408,0.0017761762001,0.0107538526746,0.00085916415218,0.000214791038045,0.00085916415218,0.254988216787,0.453306838664,0.254985096748
343,0.00808503514066,0.0518588483769,0.0416889621257,0.11347923399,0.159820557304,0.169584790382,0.0561300219868,0.143774035985,0.0544125112285,0.0526487123582,0.0418614795166,0.106655811604,1,0.5,30,20,5,2,20,0.000544778218355,0.000136194554589,0.000544778218355,0.0132684964559,0.00264050947812,0.00190462526627,0.000544778218355,0.000136194554589,0.000544778218355,0.259343915728,0.461050208697,0.259340742392
344,0.0709786935548,0.0984467211951,0.0649858155804,0.0362809490494,0.153771800932,0.0463822668038,0.133129812817,0.0231909339477,0.124600478366,0.0935576087178,0.140731877037,0.013943042,1,0.5,30,20,5,2,20,0.000241584496551,6.03961241378e-05,0.000241584496551,0.0184945818786,0.00134297466692,0.0034445024466,0.000241584496551,6.03961241378e-05,0.000241584496551,0.258257538177,0.459118894462,0.258254378135
345,0.225560581526,0.0807369991604,0.00406554152203,0.00481567353993,0.00263454637283,0.0129957340933,0.0541478005876,0.133890548808,0.21778303597,0.159317373485,0.0449533908637,0.0590987740717,1,0.5,30,20,5,2,20,0.00015808248461,3.95206211524e-05,0.00015808248461,0.00145373782609,0.00171110136623,0.000488540770351,0.00015808248461,3.95206211524e-05,0.00015808248461,0.263552878253,0.468532717186,0.263549653417
346,0.0402213667795,0.091848269696,0.041462435935,0.0832511927153,0.079905567858,0.0231565281971,0.0542292296459,0.124650713922,0.035114171085,0.0136168178467,0.0364225555614,0.376121150758,1,0.5,30,20,5,2,20,0.000133397220007,3.33493050017e-05,0.000133397220007,0.00564012861823,0.00113238217773,0.00027335768814,0.000133397220007,3.33493050017e-05,0.000133397220007,0.262684263277,0.466988531679,0.262681049069
347,0.137791505864,0.0903763522774,0.0129438315613,0.0222540585178,0.0840078296454,0.0788735050834,0.0830785101866,0.00550062457596,0.0250191333954,0.0778442875541,0.30687834216,0.0754320191789,1,0.5,30,20,5,2,20,4.15203936251e-05,1.03800984063e-05,4.15203936251e-05,0.00227954943968,0.00106330371977,0.000478311005644,4.15203936251e-05,1.03800984063e-05,4.15203936251e-05,0.263647311658,0.46870059674,0.263644085666
348,0.0295390776384,0.0827762426488,0.161312095801,0.0496078582064,0.234043315846,0.0443394105242,0.157512682069,0.0484559192424,0.00421665630701,0.10734804672,0.0138585646101,0.0669901303864,1,0.5,30,20,5,2,20,0.00028735821241,7.18395531025e-05,0.00028735821241,0.0618085460707,0.0014911923143,0.00579398995238,0.00028735821241,7.18395531025e-05,0.00028735821241,0.246076285652,0.437463599395,0.24607327466
349,0.060001958134,0.21434093307,0.0655604246497,0.0802500728184,0.129893367434,0.0879151777436,0.115307557961,0.123850274991,0.0293815715034,0.0212987987162,0.0231747538316,0.0490251091484,1,0.5,30,20,5,2,20,0.000758468479585,0.000189617119896,0.000758468479585,0.11250103269,0.0112637020144,0.00203831828607,0.000758468479585,0.000189617119896,0.000758468479585,0.230503678259,0.409779302779,0.230500857813
350,0.0868041489556,0.0319993687081,0.0633963799331,0.111486911394,0.0202559030154,0.250869939698,0.137256358994,0.0424077331433,0.105347040679,0.0514584064058,0.0737381436773,0.0249796653973,1,0.5,30,20,5,2,20,0.000713247544178,0.000178311886044,0.000713247544178,0.0140619493317,0.00573872368126,0.00422989998893,0.000713247544178,0.000178311886044,0.000713247544178,0.257497561354,0.457767841085,0.25749441061
351,0.095414089217,0.130897194742,0.259283750552,0.0994928224236,0.037868730383,0.0505745423703,0.0088751620096,0.0279396951343,0.103245206037,0.136933388597,0.0468158510243,0.0026595675106,1,0.5,30,20,5,2,20,0.000668234420487,0.000167058605122,0.000668234420487,0.0414184760873,0.0057713185033,0.00120977554788,0.000668234420487,0.000167058605122,0.000668234420487,0.251100505484,0.446395436471,0.251097433015
352,0.130067166745,0.0647307622659,0.0284557309775,0.10278392658,0.0232883941972,0.0734278837316,0.0882372034647,0.055332047457,0.208521335862,0.0741694351583,0.12596474533,0.0250213682309,1,0.5,30,20,5,2,20,9.50225203855e-05,2.37556300964e-05,9.50225203855e-05,0.000183794917867,0.00017404337955,0.000120425228046,9.50225203855e-05,2.37556300964e-05,9.50225203855e-05,0.264468474035,0.470160423103,0.264465237995
353,0.0518338641821,0.0917933706651,0.218725355066,0.0176759096372,0.0287398109076,0.01942888572,0.0495308813592,0.121932357894,0.11881202743,0.179280758748,0.0484519049943,0.0537948733963,1,0.5,30,20,5,2,20,7.79034248474e-05,1.94758562119e-05,7.79034248474e-05,0.0214883967521,0.00235913271307,0.00457061341391,7.79034248474e-05,1.94758562119e-05,7.79034248474e-05,0.257092949123,0.457048539255,0.257089803331
354,0.142361510007,0.198507729482,0.0696082940582,0.0618369092498,0.0329592411947,0.0316976127599,0.0150407925696,0.135560633793,0.0264542935918,0.0499904939448,0.157435710329,0.0785467790209,1,0.5,30,20,5,2,20,0.000178138330946,4.45345827365e-05,0.000178138330946,0.00143306735892,0.000529037399829,0.00097642763438,0.000178138330946,4.45345827365e-05,0.000178138330946,0.263718214045,0.468826643886,0.263714987186
355,0.00306713417211,0.0302391142866,0.0619094942313,0.000401439367475,0.157515848053,0.108573386529,0.227492040394,0.238397168322,0.0075090220305,0.0840229786878,0.0171464629542,0.0637259109722,1,0.5,30,20,5,2,20,0.000765516119971,0.000191379029993,0.000765516119971,0.00776072452885,0.00264122945076,0.00178166597253,0.000765516119971,0.000191379029993,0.000765516119971,0.260571286071,0.46323217372,0.260568097717
356,0.0433183161948,0.00248614921234,0.0802212271667,0.0768061508022,0.0302774760585,0.0363105355203,0.353644117178,0.00066631309227,0.0112408107786,0.14081510463,0.0177615670044,0.206452232362,1,0.5,30,20,5,2,20,0.00011091769229,2.77294230725e-05,0.00011091769229,0.0229686402286,0.000455958039272,0.00104363102776,0.00011091769229,2.77294230725e-05,0.00011091769229,0.258099197718,0.458837403757,0.258096039613
357,0.0268707690312,0.207399303464,0.028130722408,0.0218817946869,0.0815810194804,0.188454687302,0.00749665959714,0.0498383793064,0.00593008731438,0.0210510353198,0.318959611233,0.0424059308569,1,0.5,30,20,5,2,20,3.273307823e-05,8.18326955749e-06,3.273307823e-05,8.38070504088e-05,0.00021339019195,0.000180736566934,3.273307823e-05,8.18326955749e-06,3.273307823e-05,0.264542759699,0.47029248489,0.26453952275
358,0.00083966164516,0.0336618901565,0.179712258126,0.0432535881943,0.0527876320482,0.263333670382,0.0330348906087,0.115058786425,0.115118409067,0.0566639558946,0.00633522276705,0.100200034686,1,0.5,30,20,5,2,20,0.000348688456345,8.71721140862e-05,0.000348688456345,0.0353177195877,0.00733607481029,0.00193014157455,0.000348688456345,8.71721140862e-05,0.000348688456345,0.252491174438,0.448867706583,0.252488084953
359,0.022908085889,0.0535219917396,0.139465393813,0.12558618276,0.0388763898015,0.162811573902,0.0348253417707,0.204074080705,0.125060826708,0.0709210047961,0.0197742207014,0.00217490741384,1,0.5,30,20,5,2,20,0.00145946111298,0.000364865278245,0.00145946111298,0.00824803476638,0.00744517208509,0.00122163485419,0.00145946111298,0.000364865278245,0.00145946111298,0.258492274189,0.459536197822,0.258489111275
360,0.188924929356,0.0644038739269,0.210260364068,0.117709764503,0.00638672099158,0.00850228824034,0.0280822716993,0.0719497195846,0.0112788638378,0.0237984395939,0.198102906811,0.0705998573875,1,0.5,30,20,5,2,20,0.000235763858999,5.89409647498e-05,0.000235763858999,0.0152672262811,0.0015224866267,0.00264255564722,0.000235763858999,5.89409647498e-05,0.000235763858999,0.259283542989,0.460942880698,0.259280370393
361,0.029421871757,0.129124498176,0.0140485421638,0.0133063509602,0.16730761418,0.0475765708211,0.129780734321,0.233230545622,0.0280306095572,0.0272729488854,0.0732801451486,0.107619568408,1,0.5,30,20,5,2,20,0.000226763755738,5.66909389345e-05,0.000226763755738,0.067077778734,0.000486731521987,0.00101571696658,0.000226763755738,5.66909389345e-05,0.000226763755738,0.246284384772,0.437833568707,0.246281382398
362,0.0413253226187,0.0766731811491,0.0112850807145,0.0122943767399,0.117280036879,0.0761087469484,0.0423847951682,0.0446711329502,0.279462658577,0.106389806354,0.137234802768,0.0548900591326,1,0.5,30,20,5,2,20,0.000130253167113,3.25632917782e-05,0.000130253167113,0.000988683881281,0.000709321461059,0.000316103647839,0.000130253167113,3.25632917782e-05,0.000130253167113,0.264019956753,0.469363068803,0.264016726202
363,0.0120812099912,0.00250335454541,0.00253076848157,0.140291966254,0.0693887163305,0.072984437879,0.12378261403,0.233674377584,0.200487160841,0.00218028937395,0.00679545937334,0.133299645317,1,0.5,30,20,5,2,20,0.000214586339677,5.36465849194e-05,0.000214586339677,0.00518868075773,0.00082347476782,0.012653857247,0.000214586339677,5.36465849194e-05,0.000214586339677,0.259511603617,0.461348316853,0.25950842823
364,0.0561282167073,0.0208462140345,0.0637828879417,0.00214443155762,0.159715230157,0.157816792381,0.27039000043,0.00188380575778,0.132751682215,0.0708761601639,0.0165086359052,0.0471559427484,1,0.5,30,20,5,2,20,0.000407052298259,0.000101763074565,0.000407052298259,0.0610045087139,0.0104735139432,0.000553009758171,0.000407052298259,0.000101763074565,0.000407052298259,0.245156170523,0.4358278795,0.245153182219
365,0.0464273957876,0.0425335923494,0.0835805417428,0.00700298732829,0.116640583588,0.0313916713772,0.0885160101809,0.114131107691,0.0909512645661,0.177141782368,0.0387363047291,0.162946758291,1,0.5,30,20,5,2,20,0.000131435365918,3.28588414794e-05,0.000131435365918,0.00277705329845,0.000192908672207,0.00137098751488,0.000131435365918,3.28588414794e-05,0.000131435365918,0.263402614625,0.468265585115,0.263399391627
366,0.00176551175793,0.00937968139237,0.0163467247428,0.228020662015,0.0858773325447,0.0625082866226,0.0699248419943,0.0337616277312,0.248221539009,0.104636600094,0.0539031707371,0.0856540213589,1,0.5,30,20,5,2,20,0.000162748746627,4.06871866567e-05,0.000162748746627,0.00194075034281,0.00277392486805,0.000606021418229,0.000162748746627,4.06871866567e-05,0.000162748746627,0.263105967362,0.467738218656,0.263102747994
367,0.00549694249105,0.0695408734102,0.0262444272359,0.0983650508426,0.0681139827173,0.171862384782,0.00225430552164,0.0854630192448,0.132301760683,0.141415563831,0.0568837582685,0.142057930972,1,0.5,30,20,5,2,20,6.67215864263e-05,1.66803966066e-05,6.67215864263e-05,0.000208683272848,0.000225544299885,0.000126366817455,6.67215864263e-05,1.66803966066e-05,6.67215864263e-05,0.264480392084,0.470181610487,0.264477155899
368,0.00678347337311,0.0607834505068,0.0832357235849,0.0432893127183,0.180805152107,0.000909881128609,0.1592799973,0.0284085690929,0.13296692461,0.0614991068748,0.0152400793551,0.226798329349,1,0.5,30,20,5,2,20,7.13938933345e-05,1.78484733336e-05,7.13938933345e-05,0.00044834186989,0.000902409518525,0.000440625057818,7.13938933345e-05,1.78484733336e-05,7.13938933345e-05,0.264149028311,0.469592526543,0.26414579618
369,0.073546682801,0.0534129910469,0.166497351331,0.00772653173148,0.0434752306048,0.00835726146954,0.0525297139472,0.0334364277233,0.243022269705,0.299545188253,0.0078926323271,0.0105577190598,1,0.5,30,20,5,2,20,5.78784659027e-05,1.44696164757e-05,5.78784659027e-05,0.00069453869337,0.000285833379516,0.00138850637211,5.78784659027e-05,1.44696164757e-05,5.78784659027e-05,0.264012258163,0.469349382589,0.264009027706
370,0.228666893815,0.00130841322889,0.0632117728575,0.155224792063,0.125510821799,0.00665961649651,0.0366722395141,0.0690636773933,0.0235670742824,0.135675112136,0.065900102633,0.0885394837802,1,0.5,30,20,5,2,20,0.000168739787653,4.21849469133e-05,0.000168739787653,0.00527514133119,0.00188906121553,0.00220191385495,0.000168739787653,4.21849469133e-05,0.000168739787653,0.262027974865,0.465821811001,0.262024768688
371,0.223572113081,0.110466450045,0.043070530235,0.0136872607519,0.0971630026494,0.0196002707832,0.153208205816,0.0127861897176,0.011716289164,0.253074004208,0.00553368094982,0.0561220025991,1,0.5,30,20,5,2,20,7.10666760801e-05,1.776666902e-05,7.10666760801e-05,0.00101357969519,0.00191412605164,0.000167559066859,7.10666760801e-05,1.776666902e-05,7.10666760801e-05,0.263804268062,0.468979626933,0.26380104015
372,0.113122320455,0.0832651965265,0.0983718901622,0.023801845493,0.011633180852,0.221045070141,0.0659451139827,0.0310850529021,0.198706773984,0.00668597024633,0.0401152312295,0.106222354025,1,0.5,30,20,5,2,20,0.000349624162453,8.74060406132e-05,0.000349624162453,0.0248618524454,0.0140532313321,0.000700338295285,0.000349624162453,8.74060406132e-05,0.000349624162453,0.253805266526,0.451203841709,0.253802160961
373,0.0130800016828,0.17691414195,0.0113837277859,0.0139155872581,0.24881168823,0.17666669312,0.110001009188,0.113338260218,0.0633260792529,0.019733082868,0.0338882638898,0.0189414645557,1,0.5,30,20,5,2,20,0.00179545473765,0.000448863684411,0.00179545473765,0.0052300894382,0.00403783929994,0.0100260639051,0.00179545473765,0.000448863684411,0.00179545473765,0.257462261974,0.4577050874,0.257459111663
374,0.222379346137,0.0389364784061,0.0427073135558,0.0960997138825,0.130663534513,0.0105603440519,0.0597506679379,0.0806377179816,0.0830800299302,0.020578862597,0.110747919083,0.103858071925,1,0.5,30,20,5,2,20,0.000313386943185,7.83467357963e-05,0.000313386943185,0.0362349174484,0.00282333244349,0.00135412534544,0.000313386943185,7.83467357963e-05,0.000313386943185,0.253637471748,0.450905543533,0.253634368237
375,0.000663805987637,0.166960765507,0.17389003855,0.0671276167123,0.00860244149041,0.0160269710965,0.157011711133,0.111674638592,0.101505127933,0.0688060684371,0.0474815389445,0.0802492756159,1,0.5,30,20,5,2,20,0.000146331676255,3.65829190638e-05,0.000146331676255,0.000702301811071,0.00171920903605,0.00174424249222,0.000146331676255,3.65829190638e-05,0.000146331676255,0.263431246199,0.468316485068,0.263428022851
376,0.0543974131009,0.0120027580452,0.216607353518,0.0278405851594,0.0774442502694,0.0598312618631,0.0501867655174,0.251801066013,0.0839142209174,0.0365230461296,0.117139362756,0.0123119167098,1,0.5,30,20,5,2,20,0.000855624222555,0.000213906055639,0.000855624222555,0.0227481261501,0.00506789467295,0.001686430437,0.000855624222555,0.000213906055639,0.000855624222555,0.255879512684,0.454891345315,0.255876381739
377,0.408640401864,0.0556774809504,0.0605049163462,0.206794231414,0.0211408579613,0.033812660076,0.00146758381995,0.00235355565972,0.0809869081134,0.0776224370862,0.0252855452213,0.0257134214874,1,0.5,30,20,5,2,20,0.000664989692863,0.000166247423216,0.000664989692863,0.0801112847792,0.0118198865148,0.00401189858872,0.000664989692863,0.000166247423216,0.000664989692863,0.238519213282,0.424028968459,0.238516294758
378,0.0526828412979,0.157571765368,0.108693098082,0.131860866398,0.0710149406528,0.0122750133794,0.0768547351521,0.123774272943,0.0607520992703,0.060915668573,0.0740821601308,0.0695225387539,1,0.5,30,20,5,2,20,0.000488365105615,0.000122091276404,0.000488365105615,0.0138866748014,0.00121921997847,0.00326090304129,0.000488365105615,0.000122091276404,0.000488365105615,0.259264686529,0.460909358512,0.259261514163
379,0.0692002673323,0.00378901214906,0.0908563308611,0.218693583748,0.0262714440243,0.0111647969792,0.0264954863701,0.130772499736,0.0167600868898,0.114602785583,0.280928233886,0.0104654724407,1,0.5,30,20,5,2,20,6.79209426483e-05,1.69802356621e-05,6.79209426483e-05,0.000611570338011,0.000374752851218,0.000579291869829,6.79209426483e-05,1.69802356621e-05,6.79209426483e-05,0.26421292615,0.469706121311,0.264209693238
380,0.00899822949223,0.0123232314755,0.227052141522,0.109300462319,0.00129636751751,0.226096725194,0.049271092977,0.0525408724341,0.00918863945928,0.128804827897,0.0757779988794,0.0993494108325,1,0.5,30,20,5,2,20,7.3502646856e-05,1.8375661714e-05,7.3502646856e-05,0.0362039944582,0.00458311437944,0.000219517901859,7.3502646856e-05,1.8375661714e-05,7.3502646856e-05,0.253765915565,0.451133885302,0.253762810482
381,0.0797759153863,0.111908428909,0.0214072719041,0.167427772392,0.0205500618308,0.0681280721683,0.0944525723457,0.0947117828175,0.0488939531284,0.0447506701019,0.045356963652,0.202636535365,1,0.5,30,20,5,2,20,0.000202740323548,5.06850808869e-05,0.000202740323548,0.00128229165666,0.000228476218205,0.000661935921143,0.000202740323548,5.06850808869e-05,0.000202740323548,0.263891629625,0.469134934478,0.263888400644
382,0.0206641983193,0.00873493254261,0.136924294637,0.0628458161884,0.098173081088,0.0232572841922,0.011375745955,0.0265262747387,0.181705758646,0.245817086278,0.156250212098,0.0277253153171,1,0.5,30,20,5,2,20,5.12182419838e-05,1.28045604959e-05,5.12182419838e-05,0.00240116362007,0.00169607879,0.000229659833869,5.12182419838e-05,1.28045604959e-05,5.12182419838e-05,0.263501886656,0.468442066567,0.263498662444
383,0.0941136736694,0.129127377031,0.113303958299,0.0399660476349,0.138215121549,0.0264817521728,0.068483242057,0.00352063685699,0.10150058344,0.198415059404,0.0487537675189,0.0381187803672,1,0.5,30,20,5,2,20,0.000135705016145,3.39262540363e-05,0.000135705016145,0.0158665673199,0.00249958378473,0.000337077300258,0.000135705016145,3.39262540363e-05,0.000135705016145,0.259595714753,0.461497845932,0.259592538337
384,0.0863033430923,0.176267888338,0.0448963406231,0.0363472291654,0.0364796442889,0.121154955996,0.0937453073787,0.0516448896001,0.121306432173,0.0231811525858,0.0328197010484,0.17585311571,1,0.5,30,20,5,2,20,0.000211951562657,5.29878906644e-05,0.000211951562657,0.00539521282735,0.000470598361545,0.0042399226675,0.000211951562657,5.29878906644e-05,0.000211951562657,0.2617807187,0.465382249863,0.261777515548
385,0.0804188178403,0.014568928317,0.0914787880456,0.00411949574198,0.0640469714839,0.308752721456,0.0187695837346,0.159921402403,0.0684318373719,0.108225501435,0.0397322115408,0.0415337406293,1,0.5,30,20,5,2,20,0.000223351196853,5.58377992132e-05,0.000223351196853,0.00172965909583,0.00364112629813,0.000547642423486,0.000223351196853,5.58377992132e-05,0.000223351196853,0.262875554114,0.467328600117,0.262872337566
386,0.0790062239243,0.0475584777801,0.000663987389292,0.021361141262,0.129625156582,0.051667695718,0.525087500552,0.00599075168011,0.015936178436,0.0652062103148,0.0198423115404,0.0380543648212,1,0.5,30,20,5,2,20,0.000740850733053,0.000185212683263,0.000740850733053,0.0163449180616,0.00336015135177,0.0079163829914,0.000740850733053,0.000185212683263,0.000740850733053,0.256514145336,0.456019567335,0.256511006626
387,0.00114600700438,0.0973702635203,0.00922396410118,0.109059796586,0.267579674534,0.118179637782,0.145393866777,0.00184486328095,0.0635449984083,0.103050081724,0.0577632040102,0.0258436422722,1,0.5,30,20,5,2,20,0.000581631426066,0.000145407856517,0.000581631426066,0.00468417876434,0.000691229946113,0.00161167204847,0.000581631426066,0.000145407856517,0.000581631426066,0.262165894031,0.466066997628,0.262162686166
388,0.0581769017634,0.0753590522203,0.0768856076693,0.0825539265322,0.0289130071964,0.14452148289,0.113550124974,0.0297539093996,0.0322588531476,0.0965251467923,0.154080805522,0.107421181894,1,0.5,30,20,5,2,20,0.000190201570042,4.75503925106e-05,0.000190201570042,0.0121664690717,0.000788681400456,0.00277998665754,0.000190201570042,4.75503925106e-05,0.000190201570042,0.260316477445,0.46277918615,0.26031329221
389,0.115875844977,0.117120440083,0.0405888544577,0.0654003584088,0.111007007106,0.100235524584,0.150187255355,0.0144916309478,0.0529239912921,0.161424131324,0.0205281375385,0.0502168239257,1,0.5,30,20,5,2,20,0.000450291416479,0.00011257285412,0.000450291416479,0.022313803388,0.00464653290243,0.00123990165766,0.000450291416479,0.00011257285412,0.000450291416479,0.256707046555,0.456362498639,0.256703905484
390,0.214965894625,0.142650108354,0.0508325914811,0.008181572743,0.00411551730826,0.109215582486,0.115103426249,0.147611097046,0.00597399817856,0.115369857603,0.0535264278468,0.0324539260796,1,0.5,30,20,5,2,20,0.000327543070969,8.18857677422e-05,0.000327543070969,0.0532175160549,0.00255648725974,0.00267101758554,0.000327543070969,8.18857677422e-05,0.000327543070969,0.248847218823,0.442389642533,0.248844173925
391,0.215636827131,0.0925861897664,0.0154903282787,0.0154993352627,0.0159907570239,0.192915970041,0.0473703091769,0.0951681341942,0.108336543609,0.122109303925,0.020291230095,0.058605071496,1,0.5,30,20,5,2,20,0.000284173504778,7.10433761944e-05,0.000284173504778,0.0105594217692,0.00281797144401,0.00460406967516,0.000284173504778,7.10433761944e-05,0.000284173504778,0.259609918289,0.461523096353,0.259606741699
392,0.277620891596,0.0208272707992,0.0305422529899,0.105859642116,0.0934447339293,0.0308746884777,0.0157186524795,0.0850364853751,0.049966852621,0.0267773887007,0.257827498852,0.00550364206343,1,0.5,30,20,5,2,20,0.000223062204364,5.5765551091e-05,0.000223062204364,0.0213656451569,0.000934341781319,0.00346901562518,0.000223062204364,5.5765551091e-05,0.000223062204364,0.257621287179,0.457987795416,0.257618134922
393,0.0150066524077,0.0357979549039,0.0178518901349,0.019388009633,0.128450278355,0.102054744987,0.0507560331297,0.410178430495,0.0364576227507,0.0360015359761,0.0777447218597,0.0703121253672,1,0.5,30,20,5,2,20,0.000389927082253,9.74817705633e-05,0.000389927082253,0.019896529747,0.00894150235437,0.000494206285813,0.000389927082253,9.74817705633e-05,0.000389927082253,0.256479301905,0.455957624216,0.256476163621
394,0.309206767982,0.0145085786924,0.176030656478,0.0413569108926,0.00261079398203,0.0262399665607,0.0691858121804,0.0146415761034,0.10396262313,0.167236610192,0.00760435290283,0.0674153509034,1,0.5,30,20,5,2,20,8.55568868718e-05,2.13892217179e-05,8.55568868718e-05,0.00202889730192,0.00278685901944,0.00150971656952,8.55568868718e-05,2.13892217179e-05,8.55568868718e-05,0.262931944736,0.467428848885,0.262928727498
395,0.0500200896084,0.176964577872,0.0541222901725,0.0364941917425,0.0491500993984,0.185756417319,0.0852525321155,0.081192191817,0.0583913337855,0.0461050902509,0.00235545629423,0.174195729624,1,0.5,30,20,5,2,20,0.000241337905608,6.03344764021e-05,0.000241337905608,0.00661762808171,0.00327568975653,0.00237915164944,0.000241337905608,6.03344764021e-05,0.000241337905608,0.261172161238,0.464300383168,0.261168965532
396,0.00596504146075,0.00499944167023,0.0143952426653,0.129334862103,0.0985751702505,0.0273089629245,0.0965433636615,0.326719382763,0.0415910210591,0.063512013421,0.0503180422067,0.140737455814,1,0.5,30,20,5,2,20,0.000178875552729,4.47188881822e-05,0.000178875552729,0.0281902269097,0.00176338824833,0.00583836609764,0.000178875552729,4.47188881822e-05,0.000178875552729,0.255020756463,0.453364686268,0.255017636026
397,0.000254694736354,0.00221071097039,0.0494845469061,0.192138586214,0.0913079695763,0.0625702129227,0.0480062769069,0.0711047392742,0.210723341418,0.0909260117672,0.110777202343,0.0704957069642,1,0.5,30,20,5,2,20,6.80397847529e-05,1.70099461882e-05,6.80397847529e-05,0.000131357787072,0.00131558271628,5.50135395655e-05,6.80397847529e-05,1.70099461882e-05,6.80397847529e-05,0.264229636184,0.469735827675,0.264226403067
398,0.15776681889,0.197306428466,0.0171768804984,0.171358691832,0.119771213832,0.102975491548,0.0109443807679,0.0226624094959,0.0604194779383,0.0882184107167,0.0379129722707,0.0134868237434,1,0.5,30,20,5,2,20,0.000796412072954,0.000199103018238,0.000796412072954,0.0170955518692,0.00491548501721,0.005603692516,0.000796412072954,0.000199103018238,0.000796412072954,0.256449741014,0.455905072163,0.256446603092
399,0.0228748067531,0.180020646452,0.030746473021,0.211759731091,0.130583556822,0.12775541879,0.0113551868217,0.100097271208,0.0327698836079,0.0744418628526,0.0696094451939,0.00798571738758,1,0.5,30,20,5,2,20,0.000310429063314,7.76072658284e-05,0.000310429063314,0.0135082093809,0.00509368840422,0.00928238795066,0.000310429063314,7.76072658284e-05,0.000310429063314,0.25695728396,0.456807359693,0.256954139827
400,0.237159840341,0.145220210169,0.17316835533,0.0568972591025,0.0144573811555,0.120710610962,0.012763003582,0.0157551889233,0.0258350501008,0.0526916394578,0.119793300464,0.0255481604118,1,0.5,30,20,5,2,20,0.0001985720348,4.96430087e-05,0.0001985720348,0.0651672877905,0.00165618058586,0.000426816286805,0.0001985720348,4.96430087e-05,0.0001985720348,0.246670012537,0.438519122331,0.246667006311
401,0.104450088915,0.2481427164,0.00325003539026,0.0152529999128,0.0269615241427,0.199257624069,0.0508603977564,0.0209606010736,0.0443825741673,0.00620649423296,0.116846060025,0.163428883915,1,0.5,30,20,5,2,20,5.08834388556e-05,1.27208597139e-05,5.08834388556e-05,0.000702000704696,0.000485233094043,0.000903618209622,5.08834388556e-05,1.27208597139e-05,5.08834388556e-05,0.264094186445,0.469495031086,0.264090954986
402,0.00705889083068,0.0488970162221,0.0800976917585,0.00386542114429,0.0813917321436,0.107824526496,0.151657108782,0.168245899286,0.149417460924,0.00830472960327,0.0172857210154,0.175953801795,1,0.5,30,20,5,2,20,0.000228285798779,5.70714496947e-05,0.000228285798779,0.0341069100071,0.00842268784104,0.000722807149658,0.000228285798779,5.70714496947e-05,0.000228285798779,0.252987063794,0.449749276873,0.252983968241
403,0.0897139232753,0.0532432045409,0.114916341681,0.220807933007,0.0115384875221,0.000471991543987,0.0421794092137,0.11275864862,0.00354036768704,0.038784611122,0.1643550926,0.147689989188,1,0.5,30,20,5,2,20,0.00013651129323,3.41278233076e-05,0.00013651129323,0.00361870494333,0.00137355230488,0.00136148946356,0.00013651129323,3.41278233076e-05,0.00013651129323,0.262863764186,0.467307640501,0.262860547782
404,0.212908777851,0.057334604453,0.0338613361951,0.010887890215,0.103267914478,0.08331502811,0.169706838049,0.0339012241862,0.0671265146644,0.00150364849801,0.192436189606,0.0337500336933,1,0.5,30,20,5,2,20,0.000279570038542,6.98925096355e-05,0.000279570038542,0.00364570565823,0.00208803393009,0.00131377517647,0.000279570038542,6.98925096355e-05,0.000279570038542,0.262509708305,0.466678215525,0.262506496233
405,0.403738271819,0.0948064380073,0.0144176615687,0.146279601055,0.0468362457396,0.0299770052272,0.0686381864765,0.0280483286824,0.141551610442,0.000430534116446,0.00689226405546,0.0183838528091,1,0.5,30,20,5,2,20,0.00184083573722,0.000460208934304,0.00184083573722,0.264520632595,0.0817170306902,0.0278509190207,0.00184083573722,0.000460208934304,0.00184083573722,0.16349114482,0.290647367716,0.16348914434
406,0.00697569546044,0.116375987477,0.154543245253,0.0202315875722,0.280876065546,0.07000864077,0.0809013398838,0.0209824641323,0.148326919692,0.0706567935291,0.0249823901614,0.00513887052321,1,0.5,30,20,5,2,20,0.000439702580208,0.000109925645052,0.000439702580208,0.0525376654684,0.0173101910266,0.00436271586482,0.000439702580208,0.000109925645052,0.000439702580208,0.244540344095,0.434733070038,0.244537351896
407,0.221046892114,0.198587659194,0.290612759901,0.0249519682724,0.0183939166343,0.0260949910391,0.0400707787929,0.064679519608,0.0495455907758,0.0199239269997,0.0255599749965,0.0205320216726,1,0.5,30,20,5,2,20,0.000789837848396,0.000197459462099,0.000789837848396,0.171335885249,0.0380307160144,0.00209523816071,0.000789837848396,0.000197459462099,0.000789837848396,0.207791700899,0.369403001189,0.207789188169
408,0.0312419153571,0.0984873411349,0.00147208894979,0.0952439870985,0.000851575711298,0.077160010684,0.209130781504,0.00144993412825,0.0456522544712,0.0315888876873,0.0964672155459,0.311254007727,1,0.5,30,20,5,2,20,9.12480874014e-05,2.28120218504e-05,9.12480874014e-05,0.0067460381038,0.00174429895085,0.00034435080041,9.12480874014e-05,2.28120218504e-05,9.12480874014e-05,0.262260955514,0.466235993752,0.262257746486
409,0.083065767316,0.0400194545064,0.21576779691,0.113169538448,0.0720534861603,0.214483525156,0.0791691724111,0.00583870695653,0.0586648947461,0.0205761003484,0.0489669196559,0.0482246373861,1,0.5,30,20,5,2,20,0.00140626967709,0.000351567419272,0.00140626967709,0.0448458916411,0.00660094044557,0.00178817727173,0.00140626967709,0.000351567419272,0.00140626967709,0.248941386621,0.442557049903,0.248938340571
410,0.208599760171,0.0594659347501,0.130997852778,0.0277976334985,0.327469586656,0.0651702497233,0.0229005938204,0.0342663210358,0.0356012562557,0.0328997028863,0.000826950506541,0.0540041579193,1,0.5,30,20,5,2,20,0.00148657146015,0.000371642865037,0.00148657146015,0.00801757089426,0.00326014666755,0.00732814542934,0.00148657146015,0.000371642865037,0.00148657146015,0.258012353382,0.458683015716,0.25800919634
411,0.0468864209312,0.0141759432556,0.0563481409006,0.0448398967703,0.0794693801243,0.0694837060324,0.11661547246,0.114627428097,0.0855399288523,0.191082327211,0.0300004132071,0.150930942158,1,0.5,30,20,5,2,20,0.000104448334517,2.61120836291e-05,0.000104448334517,0.0229725401361,0.00150337349993,0.000545212374387,0.000104448334517,2.61120836291e-05,0.000104448334517,0.257960547605,0.458590917683,0.257957391197
412,0.105776819221,0.0111878816753,0.139215261208,0.133568565614,0.00810723818922,0.0153478397437,0.0484066616527,0.0600688794341,0.330860617631,0.0366347990644,0.066600336048,0.0442251005183,1,0.5,30,20,5,2,20,0.00111897348711,0.000279743371778,0.00111897348711,0.0267129803319,0.00267747463227,0.00300894816725,0.00111897348711,0.000279743371778,0.00111897348711,0.254798967314,0.452970399272,0.254795849591
413,0.0105983709109,0.0825455969009,0.00430958850644,0.0249229775962,0.0253532357892,0.159537915594,0.00274400271352,0.106962947309,0.00939222502219,0.354441787322,0.158044917289,0.0611464350468,1,0.5,30,20,5,2,20,5.50697151333e-05,1.37674287833e-05,5.50697151333e-05,0.00666951710074,0.000808668758164,9.7436954471e-05,5.50697151333e-05,1.37674287833e-05,5.50697151333e-05,0.262637335649,0.466905105805,0.262634122015
414,0.0224547548453,0.0370081836106,0.0916843448991,0.120724138079,0.121008535346,0.161723493737,0.0117567603855,0.164627284087,0.0319731327091,0.0255463157399,0.126913958776,0.0845790977859,1,0.5,30,20,5,2,20,0.000335024432853,8.37561082134e-05,0.000335024432853,0.0437265879515,0.00113888349832,0.00150003547049,0.000335024432853,8.37561082134e-05,0.000335024432853,0.252035854295,0.448058258456,0.252032770381
415,0.0855411279099,0.224480737518,0.0277594141447,0.0675024306814,0.159175521121,0.0605818151393,0.0316395104216,0.1491550057,0.0590196183498,0.052204762853,0.0263311777984,0.0566088783631,1,0.5,30,20,5,2,20,0.000237554027375,5.93885068437e-05,0.000237554027375,0.0102059932165,0.0158583759286,0.000111198867244,0.000237554027375,5.93885068437e-05,0.000237554027375,0.257496403471,0.457765782652,0.257493252742
416,0.410490450258,0.00568557194775,0.073453609768,0.0777854272723,0.00449478560636,0.0610206609543,0.0236741985074,0.00951689699944,0.00173075040002,0.0822893837191,0.155063932709,0.0947943318582,1,0.5,30,20,5,2,20,0.000258510816244,6.46277040611e-05,0.000258510816244,0.0180706892244,0.00088815909821,0.00162448821331,0.000258510816244,6.46277040611e-05,0.000258510816244,0.258951749898,0.460353033531,0.258948581361
417,0.00765466174238,0.0540749316784,0.0305572528081,0.00810383602382,0.00632777010389,0.0185716600705,0.111221882916,0.212570841313,0.248560010659,0.0953801073029,0.194219157675,0.012757887706,1,0.5,30,20,5,2,20,7.04040822125e-05,1.76010205531e-05,7.04040822125e-05,0.000259164134908,0.000605210053976,5.37445070309e-05,7.04040822125e-05,1.76010205531e-05,7.04040822125e-05,0.264381365904,0.470005566099,0.264378130931
418,0.0193957180499,0.0169552503991,0.00278924002776,0.301361544293,0.038901737985,0.0122383035808,0.0134043523923,0.052798534624,0.374182078032,0.0388018120225,0.0362247814,0.0929466471941,1,0.5,30,20,5,2,20,0.000227829529264,5.69573823161e-05,0.000227829529264,0.000664487670568,0.00193614617481,0.00113141720336,0.000227829529264,5.69573823161e-05,0.000227829529264,0.263448971581,0.468347996473,0.263445748016
419,0.060801295716,0.112178337008,1.98951410995e-05,0.437727505121,0.026872158131,0.0359158689608,0.213790669534,0.0580549784638,0.00501586742201,0.00285716705297,0.0255294149836,0.0212368424662,1,0.5,30,20,5,2,20,0.00201450245448,0.00050362561362,0.00201450245448,0.00761924978552,0.0134786032164,0.0289526060673,0.00201450245448,0.00050362561362,0.00201450245448,0.249059844307,0.44276763877,0.249056796808
420,0.0473624372652,0.0564811961794,0.121058166591,0.0583942622204,0.202251227418,0.0578075156537,0.0855970869824,0.0244805870759,0.0243310682439,0.147162363826,0.0858277311662,0.0892463573782,1,0.5,30,20,5,2,20,8.68415720463e-05,2.17103930116e-05,8.68415720463e-05,0.0238694555122,0.000207387551395,0.00472170977091,8.68415720463e-05,2.17103930116e-05,8.68415720463e-05,0.256981604458,0.456850595605,0.256978460028
421,0.0378874191218,0.0829187092196,0.0105028481993,0.171426428641,0.390048012938,0.0265421236061,0.120404148752,0.0321108037039,0.0369266833196,0.0041823955602,0.0336666431728,0.0533837837649,1,0.5,30,20,5,2,20,0.00116178797343,0.000290446993358,0.00116178797343,0.0796318105814,0.0153788996037,0.00775344349449,0.00116178797343,0.000290446993358,0.00116178797343,0.236121836285,0.419767017059,0.236118947096
422,0.141810490045,0.0250844394273,0.259531617142,0.0503652010708,0.141070295867,0.0306820550617,8.85119928218e-05,0.219439711894,0.0801847258623,0.0304144442119,0.010052355671,0.0112761517528,1,0.5,30,20,5,2,20,0.00316464496616,0.000791161241539,0.00316464496616,0.0665760986694,0.0424816345721,0.0118808144956,0.00316464496616,0.000791161241539,0.00316464496616,0.228925146397,0.406973058251,0.228922345266
423,0.0083632714813,0.0100364135594,0.00763928883732,0.0972808853839,0.19467982413,0.0573384599165,0.0414843205685,0.131442940578,0.134109915551,0.255682866787,0.0184016644724,0.0435401487343,1,0.5,30,20,5,2,20,0.000234962484307,5.87406210768e-05,0.000234962484307,0.00654371699607,0.00225688218888,0.0001097487589,0.000234962484307,5.87406210768e-05,0.000234962484307,0.262069736908,0.46589605374,0.262066530229
424,0.0309360680546,0.107781985297,0.0136589544579,4.90412899317e-05,0.030932780692,0.0698000509981,0.0143219848237,0.0646737694833,0.0585249351132,0.162705215351,0.316136541068,0.130478673371,1,0.5,30,20,5,2,20,2.32367771859e-05,5.80919429648e-06,2.32367771859e-05,0.000572787783843,0.000231094010505,9.16775712697e-05,2.32367771859e-05,5.80919429648e-06,2.32367771859e-05,0.264443522635,0.470116065601,0.264440286901
425,0.018087786413,0.192719919608,0.0918987401929,0.0691482982085,0.217964974182,0.00711428445305,0.0817366584179,0.0496556407452,0.0336084164379,0.0668483498196,0.0105452804916,0.160671651031,1,0.5,30,20,5,2,20,0.000228588727556,5.7147181889e-05,0.000228588727556,0.00554582201717,0.00469973149577,0.000725268287807,0.000228588727556,5.7147181889e-05,0.000228588727556,0.261531904795,0.464939919444,0.261528704687
426,0.0223541085462,0.124529919289,0.0467105280656,0.0745243125737,0.100354672417,0.227337131376,0.0209632878487,0.0145469390924,0.0125258677474,0.272758528521,0.0644650904975,0.0189296140269,1,0.5,30,20,5,2,20,7.90618775051e-05,1.97654693763e-05,7.90618775051e-05,0.000458287350982,0.000282479484936,0.000622079456487,7.90618775051e-05,1.97654693763e-05,7.90618775051e-05,0.26425332978,0.469777949107,0.264250096373
427,0.128833372416,0.0777876639083,0.0689310184852,0.215160397141,0.00402973047382,0.0420503684464,0.0395616187915,0.200333998253,0.190830016644,0.0291353251904,0.00106950750891,0.00227698274221,1,0.5,30,20,5,2,20,0.00491168224466,0.00122792056116,0.00491168224466,0.204335848322,0.0201648530751,0.0389085590685,0.00491168224466,0.00122792056116,0.00491168224466,0.189130922945,0.336228637753,0.189128608736
428,0.0200098328886,0.214213575287,0.0390886958499,0.0570717362908,0.0086035191288,0.13638300835,0.0348732549832,0.0606012903735,0.195962201579,0.0990902268163,0.0389568918027,0.0951457666495,1,0.5,30,20,5,2,20,0.000262243608056,6.55609020141e-05,0.000262243608056,0.0104425909752,0.00503466804879,0.000993794650298,0.000262243608056,6.55609020141e-05,0.000262243608056,0.260035858702,0.462280314488,0.2600326769
429,0.136805103274,0.092388636924,0.0072398927521,0.0102633635719,0.00117599184655,0.0636258088783,0.0174453508402,0.0633749834984,0.0622376150162,0.195444710201,0.340131412164,0.00986713103342,1,0.5,30,20,5,2,20,3.79139988696e-05,9.47849971741e-06,3.79139988696e-05,0.00230281818099,0.000187178149742,0.000837518051099,3.79139988696e-05,9.47849971741e-06,3.79139988696e-05,0.263782280726,0.468940538814,0.263779053083
430,0.0766309406734,0.0499271549584,0.137360416261,0.0512677120179,0.0320648154192,0.195554052822,0.161686238439,0.0373568600723,0.0832199859901,0.00353899667778,0.0444021558647,0.126990670804,1,0.5,30,20,5,2,20,0.000290288293892,7.25720734731e-05,0.000290288293892,0.00131882496287,0.00226031846194,0.000541162335783,0.000290288293892,7.25720734731e-05,0.000290288293892,0.26327179727,0.468033023774,0.263268575873
431,0.0883370278339,0.235443838897,0.171315568743,0.00291652146881,0.00535366404672,0.136060046372,0.0545862721948,0.0731852069386,0.0578814061164,0.0382322862748,0.0330614957495,0.103626665365,1,0.5,30,20,5,2,20,0.000473489489137,0.000118372372284,0.000473489489137,0.0564639949982,0.00245683506705,0.00140144350164,0.000473489489137,0.000118372372284,0.000473489489137,0.248176439534,0.441197173887,0.248173410311
432,0.145817985026,0.0751851692382,0.0209305668146,0.060747133841,0.00185553634926,0.188579028109,0.00562482489561,0.130860278893,0.060874665554,0.0140346535587,0.282840273237,0.0126498844841,1,0.5,30,20,5,2,20,0.000121891549227,3.04728873066e-05,0.000121891549227,0.0135249246692,0.000484807656886,0.00136684140427,0.000121891549227,3.04728873066e-05,0.000121891549227,0.260492760509,0.463092578425,0.260489575364
433,0.13140175641,0.108417137664,0.0399060276223,0.109274775741,0.00378861765101,0.0204566810742,0.151035158162,0.0629494311327,0.00798293755618,0.0199658027281,0.133054155603,0.211767518656,1,0.5,30,20,5,2,20,0.000103371873246,2.58429683116e-05,0.000103371873246,0.00865012075347,0.00213986729149,0.000297212703947,0.000103371873246,2.58429683116e-05,0.000103371873246,0.261650255038,0.465150317302,0.261647053482
434,0.0262763272846,0.097435806446,0.00146710741511,0.0189531945996,0.274926616874,0.0371983914355,0.00115943314471,0.0390560277012,0.0417256073321,0.149838481706,0.0919895414944,0.219973464567,1,0.5,30,20,5,2,20,4.58932709333e-05,1.14733177333e-05,4.58932709333e-05,0.000352263919734,0.00040273578206,0.000244058765183,4.58932709333e-05,1.14733177333e-05,4.58932709333e-05,0.264389137442,0.470019381998,0.264385902374
435,0.0600977228294,0.0322765437463,0.055468587233,0.118513321193,0.00628348450552,0.0511139868472,0.0484555422946,0.118843474657,2.12162464996e-05,0.310627229682,0.0642987755161,0.134000115249,1,0.5,30,20,5,2,20,3.03502659092e-05,7.58756647731e-06,3.03502659092e-05,0.000146300162081,0.00014831946045,7.59343846009e-05,3.03502659092e-05,7.58756647731e-06,3.03502659092e-05,0.264574022395,0.470348062337,0.264570785064
436,0.0131625100163,0.047801728019,0.0252820832413,0.0019670342764,0.0790159219569,0.0256141976479,0.248485424154,0.033947866874,0.218034149763,0.186539015939,0.0437772704851,0.0763727976264,1,0.5,30,20,5,2,20,0.000106454401218,2.66136003044e-05,0.000106454401218,0.00221131450107,0.00150048741686,0.000770468716533,0.000106454401218,2.66136003044e-05,0.000106454401218,0.263394962754,0.468251981956,0.26339173985
437,0.0244956158197,0.149678010902,0.396904937286,0.139569052538,0.00301423684232,0.00757657405141,0.0420826117445,0.0634120307131,0.0442955722499,0.0476588586875,0.0675836129686,0.0137288861964,1,0.5,30,20,5,2,20,0.000350538517402,8.76346293506e-05,0.000350538517402,0.0755557585153,0.014862752714,0.0015150614966,0.000350538517402,8.76346293506e-05,0.000350538517402,0.239955130525,0.426581678989,0.239952194431
438,0.00463527970326,0.024277472674,0.0949027996371,0.137754964235,0.0468390368323,0.138831704189,0.0697035471907,0.0775001460639,0.157335116099,0.224019329109,0.0190348963581,0.00516570790879,1,0.5,30,20,5,2,20,0.000121401195958,3.03502989894e-05,0.000121401195958,0.000498020692517,0.00206745690298,9.92879323836e-05,0.000121401195958,3.03502989894e-05,0.000121401195958,0.263858266945,0.469075623773,0.263855038372
439,0.000788307117833,0.0741592030394,0.168679771525,0.0802784868834,0.0322452950322,0.239779705291,0.0198906959917,0.141488661851,0.0264472225324,0.0393043250201,0.10668838957,0.0702499361464,1,0.5,30,20,5,2,20,0.000176674435876,4.4168608969e-05,0.000176674435876,0.0411967184054,0.00835308144107,0.000272614823962,0.000176674435876,4.4168608969e-05,0.000176674435876,0.251309406733,0.446766811926,0.251306331708
440,0.117736874241,0.048750902687,0.108833238566,0.0259783439002,0.252196838578,0.00878637666795,0.0746052604192,0.0818523620233,0.173638710395,0.0560604964109,0.0241197666787,0.0274408294337,1,0.5,30,20,5,2,20,0.00100192253073,0.000250480632683,0.00100192253073,0.0543888454664,0.00144929309709,0.0187145589155,0.00100192253073,0.000250480632683,0.00100192253073,0.243780071547,0.433381490935,0.243777088651
441,0.153114107384,0.01344710542,0.0344346038821,0.00299022046696,0.0653810285876,0.108844485564,0.00243646291213,0.072483916621,0.381316244305,0.0343845668026,0.030441640325,0.10072561773,1,0.5,30,20,5,2,20,0.000423223788852,0.000105805947213,0.000423223788852,0.0718066964176,0.00523778074592,0.00178108620546,0.000423223788852,0.000105805947213,0.000423223788852,0.243338347162,0.432596212748,0.243335369671
442,0.0689191025232,0.0288067832345,0.171581272195,0.0805308599616,0.252596257119,0.0924198507087,0.00492787811985,0.0362494013748,0.0180451413199,0.114027783329,0.0496680546617,0.0822276154538,1,0.5,30,20,5,2,20,0.000380951419572,9.5237854893e-05,0.000380951419572,0.0251924418454,0.00477951681433,0.000420870677137,0.000380951419572,9.5237854893e-05,0.000380951419572,0.256209246411,0.455477531433,0.256206111431
443,0.0480824168984,0.0896393481012,0.0988561664899,0.119566345596,0.0448041108419,0.0409229365098,0.0155450311381,0.325343099937,0.056552742966,0.0731183383693,0.083931897931,0.00363756522164,1,0.5,30,20,5,2,20,0.000301820283867,7.54550709666e-05,0.000301820283867,0.00128635692314,0.00164528318334,0.00247618429416,0.000301820283867,7.54550709666e-05,0.000301820283867,0.262917243687,0.467402714006,0.262914026629
444,0.240257048584,0.0669158043666,0.0128932528241,0.173479032231,0.00709705603004,0.101949009553,0.0892951346834,0.097501665489,0.085134348883,0.00939351706072,0.0657935380407,0.0502905922542,1,0.5,30,20,5,2,20,0.000643839993748,0.000160959998437,0.000643839993748,0.0281204934262,0.0100762892999,0.00684933934409,0.000643839993748,0.000160959998437,0.000643839993748,0.252017249229,0.448025183187,0.252014165543
445,0.135183286609,0.108983164829,0.0642059836111,0.0218990529843,0.00973370298019,0.0682820997668,0.186883383151,0.0916537015346,0.0226760628047,0.138092962365,0.124948933966,0.0274576653974,1,0.5,30,20,5,2,20,0.000260581884804,6.51454712011e-05,0.000260581884804,0.0207760922911,0.00307049428797,0.00111422709309,0.000260581884804,6.51454712011e-05,0.000260581884804,0.257790528495,0.458288665185,0.257787374167
446,0.0879282211232,0.0285220113684,0.00657878842237,0.159417273353,0.0649516299586,0.160480194951,0.0239595074093,0.192908911929,0.0595126753361,0.0210143807056,0.112426471855,0.0822999335882,1,0.5,30,20,5,2,20,0.000371334912982,9.28337282454e-05,0.000371334912982,0.00240775710011,0.000226571896758,0.00132728698241,0.000371334912982,9.28337282454e-05,0.000371334912982,0.263217262072,0.467936073498,0.263214041342
447,0.0389387646366,0.0120883995904,0.00449762690565,0.0104898128157,0.0220166559096,0.142316712431,0.32763986221,0.0847241057494,0.289879871587,0.0170247570452,0.0241103482819,0.0262730828382,1,0.5,30,20,5,2,20,0.00153827543849,0.000384568859623,0.00153827543849,0.149727063144,0.0212154552553,0.0164807090048,0.00153827543849,0.000384568859623,0.00153827543849,0.213263412807,0.379130317002,0.213260803314
448,0.0103618683359,0.0761787458448,0.0130596823369,0.26466724129,0.0500306323821,0.0180605297592,0.105267323177,0.321881901745,0.0400500239702,0.0316041336205,0.0283905223707,0.0404473951668,1,0.5,30,20,5,2,20,0.00111455692333,0.000278639230832,0.00111455692333,0.0614804340406,0.0088550990693,0.0126943832813,0.00111455692333,0.000278639230832,0.00111455692333,0.241401913,0.42915370525,0.241398959203
449,0.0263132048438,0.139649716464,0.0952789854396,0.101033928113,0.0542338056987,0.0506579502757,0.213161614431,0.146820561599,0.103991339004,0.0164910557364,0.0266563455433,0.0257114928508,1,0.5,30,20,5,2,20,0.00162460444373,0.000406151110932,0.00162460444373,0.121444442815,0.0206687637601,0.00756889754493,0.00162460444373,0.000406151110932,0.00162460444373,0.223150966026,0.396707974308,0.223148235548
450,0.0101968197058,0.0173913128131,0.312061865369,0.0477548489387,0.0179862043943,0.230832646844,0.00323558052629,0.0373074036303,0.0900752476194,0.045504259383,0.164826218857,0.0228275919188,1,0.5,30,20,5,2,20,0.000250984331681,6.27460829203e-05,0.000250984331681,0.00923378633617,0.00214663536903,0.000877358247233,0.000250984331681,6.27460829203e-05,0.000250984331681,0.26116455898,0.464286868208,0.261161363367
451,0.0975052357634,0.0359357698069,0.103532357576,0.00998877842349,0.0701294424156,0.114881984286,0.0831974729662,0.0781686150279,0.100799042175,0.243367792566,0.0235012194227,0.0389922895712,1,0.5,30,20,5,2,20,0.000128606076089,3.21515190222e-05,0.000128606076089,0.00109729515851,0.000924419325629,0.000507029830759,0.000128606076089,3.21515190222e-05,0.000128606076089,0.263885690523,0.469124376204,0.263882461615
452,0.0139782489111,0.135227378673,0.115164498624,0.100939880625,0.0181877509958,0.0819075931895,0.0682008457045,0.203808760993,0.0153513065317,0.176783735272,0.0226498255346,0.0478001749463,1,0.5,30,20,5,2,20,3.21653691948e-05,8.04134229869e-06,3.21653691948e-05,8.02785917619e-05,0.00174686404717,4.97192446019e-05,3.21653691948e-05,8.04134229869e-06,3.21653691948e-05,0.264173128125,0.469635370131,0.264169895699
453,0.227690965526,0.0203908957525,0.151723346901,0.15088367912,0.0661238368207,0.137850880238,0.0245575567941,0.00499443952106,0.0233560197094,0.0324622422646,0.0272610556833,0.13270508167,1,0.5,30,20,5,2,20,0.000232711221117,5.81778052792e-05,0.000232711221117,0.0373343603982,0.00987077564598,0.000691321614383,0.000232711221117,5.81778052792e-05,0.000232711221117,0.25175247317,0.447554475953,0.251749392724
454,0.0216939711422,0.0190885047496,0.0049769002004,0.128714103325,0.0820590461219,0.160134971592,0.393448050907,0.0249781211832,0.0401153341497,0.0257475945734,0.0786760980574,0.0203673039986,1,0.5,30,20,5,2,20,0.00127663338171,0.000319158345427,0.00127663338171,0.0312973476039,0.00431823575624,0.00585411844744,0.00127663338171,0.000319158345427,0.00127663338171,0.252210181851,0.448368170319,0.252207095804
455,0.0261671071806,0.0873882766673,0.0726633169346,0.168520285484,0.0760672493578,0.119995360218,0.0478720718057,0.00538480349379,0.074976550397,0.106467303325,0.139214839209,0.0752828359273,1,0.5,30,20,5,2,20,0.00025668096751,6.41702418775e-05,0.00025668096751,0.0119229546331,0.00101423783787,0.00166246914669,0.00025668096751,6.41702418775e-05,0.00025668096751,0.26053785779,0.463172746393,0.260534669846
456,0.110187492056,0.0915480987272,0.0473862936826,0.0193789544784,0.0735018848835,0.263900515215,0.0617596151363,0.0869988567872,0.11889008184,0.0367907738708,0.0110289841066,0.0786284492172,1,0.5,30,20,5,2,20,0.00125771103959,0.000314427759898,0.00125771103959,0.0266336682798,0.00497453116696,0.00563916264348,0.00125771103959,0.000314427759898,0.00125771103959,0.253350410119,0.450395217992,0.25334731012
457,0.0295643365546,0.058025636477,0.0505221994175,0.0187833900304,0.0949688070162,0.0357035352203,0.0152299973661,0.106597266525,0.101746446854,0.19160231167,0.0866939261516,0.210562146716,1,0.5,30,20,5,2,20,0.000101697364986,2.54243412465e-05,0.000101697364986,0.00233522423956,0.000361198267897,0.000644916271096,0.000101697364986,2.54243412465e-05,0.000101697364986,0.263702643366,0.468798963017,0.263699416697
458,0.0417709042192,0.129637251952,0.132551661811,0.0109722271735,0.00443187991144,0.0100949118643,0.132220944814,0.195225999061,0.00376505877904,0.297519586909,0.0097471541422,0.0320624193623,1,0.5,30,20,5,2,20,0.000111769780968,2.7942445242e-05,0.000111769780968,0.00121925366621,0.000815891487468,0.000182611551646,0.000111769780968,2.7942445242e-05,0.000111769780968,0.263988066693,0.469306376056,0.263984836532
459,0.114011312586,0.123392556977,0.0980992932337,0.183638791973,0.163625187881,0.0459874745044,0.15494374223,0.00934026120908,0.0343155279316,0.00193084602185,0.0652097707695,0.00550523468267,1,0.5,30,20,5,2,20,0.000890174780707,0.000222543695177,0.000890174780707,0.139091212411,0.00416584215724,0.0316291331531,0.000890174780707,0.000222543695177,0.000890174780707,0.217354080017,0.386402525279,0.217351420469
460,0.0600395022797,0.0955577494566,0.0942654137983,0.0168620523951,0.0157645545722,0.0378285635779,0.396762438383,0.0510646931921,0.125081515506,0.0603014097785,0.0427776267722,0.00369448028845,1,0.5,30,20,5,2,20,0.00119428553205,0.000298571383012,0.00119428553205,0.0517194003368,0.0138442591267,0.00711598860853,0.00119428553205,0.000298571383012,0.00119428553205,0.244046742861,0.43385556747,0.244043756702
461,0.121959183009,0.0143136007818,0.00922351409558,0.0369500092493,0.104880557764,0.151194202256,0.0604749322068,0.166981305878,0.105406919341,0.0333002889772,0.0543979455548,0.140917540887,1,0.5,30,20,5,2,20,0.000331192976507,8.27982441267e-05,0.000331192976507,0.0206155539902,0.0057061969535,0.00111741450139,0.000331192976507,8.27982441267e-05,0.000331192976507,0.257050377272,0.456972856889,0.257047232
462,0.0200069045347,0.0471887371646,0.094451000224,0.0518793862197,0.00467978571594,0.0736913121315,0.170396808482,0.0497246532851,0.403556671217,0.00534101124039,0.0575131725773,0.0215705572077,1,0.5,30,20,5,2,20,0.00214655553686,0.000536638884216,0.00214655553686,0.0771030650514,0.0103042234612,0.0101740376443,0.00214655553686,0.000536638884216,0.00214655553686,0.236320731057,0.420120603437,0.236317839433
463,0.0569149708371,0.0591151756894,0.0557154575489,0.128611562155,0.0929899431017,0.156464466827,0.0458161584357,0.180044678087,0.0286077373096,0.179058548539,0.0124580009328,0.00420330053529,1,0.5,30,20,5,2,20,0.000368264729102,9.20661822754e-05,0.000368264729102,0.0120633206378,0.0039761645104,0.00263699101115,0.000368264729102,9.20661822754e-05,0.000368264729102,0.259325774143,0.461017957386,0.25932260103
464,0.205929994227,0.0366487114799,0.0554381274943,0.14152107361,0.124295566865,0.0180643652517,0.00280889850117,0.155404690123,0.0336438316082,0.0703422433141,0.00308421576793,0.152818281758,1,0.5,30,20,5,2,20,0.000502905700628,0.000125726425157,0.000502905700628,0.0193711103924,0.00579421188904,0.00147311357405,0.000502905700628,0.000125726425157,0.000502905700628,0.257057795014,0.456986043826,0.257054649652
465,0.0462566779427,0.0714901104232,0.0144893977223,0.121332147281,0.0612094210383,0.127452301723,0.135180756996,0.191800319291,0.0230828322177,0.0894724676513,0.0896898363995,0.0285437313134,1,0.5,30,20,5,2,20,0.000151486991582,3.78717478954e-05,0.000151486991582,0.0748800906445,0.00159252137268,0.00197151382016,0.000151486991582,3.78717478954e-05,0.000151486991582,0.24376300622,0.433351152947,0.243760023533
466,0.0044368141325,0.0140985263107,0.0119238349901,0.0314142494923,0.0392156680251,0.0727719562865,0.396418606621,0.0120554420526,0.191870717563,0.0411557354385,0.183107943377,0.00153050571053,1,0.5,30,20,5,2,20,0.000151436843547,3.78592108868e-05,0.000151436843547,0.00109318581418,0.000662884477065,0.00215309584124,0.000151436843547,3.78592108868e-05,0.000151436843547,0.263493085743,0.46842642069,0.263489861638
467,0.0177696299545,0.431416010354,0.00908067711008,0.0125359559579,0.0549783671493,0.0105408634288,0.0312930023838,0.0290652616937,0.125331375664,0.0860222344044,0.0246076561148,0.167358965784,1,0.5,30,20,5,2,20,0.00024515799527,6.12894988176e-05,0.00024515799527,0.00794450386693,0.00109702598377,0.000942896795033,0.00024515799527,6.12894988176e-05,0.00024515799527,0.261773274644,0.465369016148,0.261770071583
468,0.00825252573554,0.132275231866,0.055223096514,0.196412248058,0.0184066059958,0.0823915581551,0.124266496491,0.161636807012,0.0602148985675,0.0597065327622,0.00049831077519,0.100715688068,1,0.5,30,20,5,2,20,0.000556547333109,0.000139136833277,0.000556547333109,0.00812317443527,0.0051340015838,0.00183846893622,0.000556547333109,0.000139136833277,0.000556547333109,0.260049369929,0.462304334155,0.260046187962
469,0.263060390441,0.0148797323301,0.155907691511,0.0367727849226,0.00351799083864,0.0156863414168,0.0379768118687,0.00962816323329,0.172164714923,0.105610813358,0.153205716598,0.0315888485588,1,0.5,30,20,5,2,20,5.39978773095e-05,1.34994693274e-05,5.39978773095e-05,0.000114200933784,0.000129491408549,0.000324910291764,5.39978773095e-05,1.34994693274e-05,5.39978773095e-05,0.264493428555,0.470204786152,0.264490192211
470,0.127616771416,0.00407343726999,0.163316454241,0.0525300466751,0.241020942917,0.0819122093302,0.063242730298,0.0028775222662,0.0358751936348,0.182180042813,0.0183896191707,0.0269650299687,1,0.5,30,20,5,2,20,0.000338835675745,8.47089189363e-05,0.000338835675745,0.0117741024425,0.000461718770176,0.00522562619432,0.000338835675745,8.47089189363e-05,0.000338835675745,0.259682457806,0.461652053917,0.259679280329
471,0.0290008783819,0.0353332510488,0.117021787838,0.155448269292,0.0062554213531,0.128708454301,0.00654560307737,0.0536161382677,0.134192279255,0.111783328426,0.197554382174,0.0245402065842,1,0.5,30,20,5,2,20,0.000154203929997,3.85509824993e-05,0.000154203929997,0.00445056736923,0.000939563672449,0.00183006392085,0.000154203929997,3.85509824993e-05,0.000154203929997,0.262613332932,0.466862434829,0.262610119592
472,0.27527701581,0.0279012796254,0.155112310972,0.00990301349087,0.00614253201089,0.0347282518783,0.201128920752,0.0828741618763,0.00797651020093,0.101983261658,0.0393469552071,0.057625786518,1,0.5,30,20,5,2,20,0.000196853674049,4.92134185122e-05,0.000196853674049,0.00053807040766,0.000726213178681,0.000288126043055,0.000196853674049,4.92134185122e-05,0.000196853674049,0.264062838719,0.469439302476,0.264059607643
473,0.0505244553771,0.00391757014727,0.0787933991832,0.0763046560043,0.00596742185557,0.0532356624387,0.0859359072214,0.0667158418583,0.0187984700801,0.0337533683211,0.421909453626,0.104143793887,1,0.5,30,20,5,2,20,9.03609738954e-05,2.25902434738e-05,9.03609738954e-05,0.00408891744866,0.000528062781713,0.000177999836946,9.03609738954e-05,2.25902434738e-05,9.03609738954e-05,0.263331356267,0.468138905141,0.263328134142
474,0.103517142107,0.00548916048175,0.077695193473,0.158532188165,0.0191379702935,0.0853502985482,0.21360138527,0.053734288195,0.0244684606648,0.0918515349438,0.0695221937582,0.0971001841007,1,0.5,30,20,5,2,20,8.43585607763e-05,2.10896401941e-05,8.43585607763e-05,0.000151646908341,0.000218883565395,0.000138982851426,8.43585607763e-05,2.10896401941e-05,8.43585607763e-05,0.264472904727,0.470168299792,0.264469668633
475,0.132557196122,0.030385559458,0.0308404897221,0.177958434568,0.0373669422011,0.088719267101,0.0463393503692,0.0229159847595,0.157096992468,0.0142448537538,0.226012212208,0.0355627172703,1,0.5,30,20,5,2,20,0.000149283294615,3.73208236538e-05,0.000149283294615,0.00196102710839,0.00189508597545,0.00108547565204,0.000149283294615,3.73208236538e-05,0.000149283294615,0.263222360228,0.467945136775,0.263219139436
476,0.0415564363099,0.0357995501464,0.0406949863098,0.151059984088,0.037127228612,0.0246805764501,0.091368058623,0.0105829360453,0.0552716568306,0.0585810093317,0.339493756525,0.113783820728,1,0.5,30,20,5,2,20,6.35181959003e-05,1.58795489751e-05,6.35181959003e-05,0.0015259485144,0.00109457674137,0.000188906175433,6.35181959003e-05,1.58795489751e-05,6.35181959003e-05,0.263888922173,0.469130121289,0.263885693225
477,0.00748013094599,0.312189042834,0.00484390108048,0.0198716499597,0.0419740393016,0.0114032039431,0.00832198675911,0.250140717086,0.0527101882104,0.130027494245,0.134307936816,0.0267297088184,1,0.5,30,20,5,2,20,0.000328911571608,8.22278929021e-05,0.000328911571608,0.0145987142563,0.000843720128473,0.000885528387039,0.000328911571608,8.22278929021e-05,0.000328911571608,0.259994322022,0.462206472406,0.259991140728
478,0.0300451699887,0.0012968118652,0.00144122113023,0.0255534708442,0.365772899506,0.0277289659544,0.0440941220319,0.169594552178,0.0412633449396,0.113256319252,0.0297763037143,0.150176818596,1,0.5,30,20,5,2,20,7.6229146515e-05,1.90572866288e-05,7.6229146515e-05,0.0141065659089,0.000441598667815,0.00298127501436,7.6229146515e-05,1.90572866288e-05,7.6229146515e-05,0.259977273246,0.462176163842,0.259974092161
479,0.102823907622,0.0771695108655,0.0577849305336,0.348810513834,0.0120246313586,0.00141166287575,0.015489681462,0.0346095064356,0.160780133229,0.114214403534,0.0545562268777,0.0203248913732,1,0.5,30,20,5,2,20,0.000128578453992,3.2144613498e-05,0.000128578453992,0.00058065306506,0.00339011836864,0.000383821662765,0.000128578453992,3.2144613498e-05,0.000128578453992,0.263402406165,0.468265214525,0.26339918317
480,0.0468071884336,0.1647645889,0.0894022085467,0.0409877675414,0.0319129952172,0.146214630306,0.048452091842,0.183872490638,0.0300222496734,0.201219291948,0.00265671815745,0.0136877787963,1,0.5,30,20,5,2,20,0.000364025192752,9.10062981879e-05,0.000364025192752,0.00383616671475,0.00148882455277,0.000816016345632,0.000364025192752,9.10062981879e-05,0.000364025192752,0.262649066341,0.466925960114,0.262645852564
481,0.00394575253102,0.038484241347,0.026127540957,0.142216001633,0.0510190007873,0.108159659751,0.0350052229594,0.0412912195229,0.0234859505261,0.422642589486,0.0320349523031,0.0755878681967,1,0.5,30,20,5,2,20,2.85482643868e-05,7.13706609671e-06,2.85482643868e-05,0.000288527098803,0.000351923952733,0.000310557286116,2.85482643868e-05,7.13706609671e-06,2.85482643868e-05,0.264422517858,0.470078724233,0.264419282381
482,0.0590884850902,0.195577008821,0.0318888396972,0.00293978282975,0.0867395966496,0.147560683727,0.0173304867746,0.147795321501,0.0368604985537,0.0330596468214,0.157390071075,0.0837695784596,1,0.5,30,20,5,2,20,0.000298839429516,7.4709857379e-05,0.000298839429516,0.00699483136406,0.0014272247424,0.00249951930961,0.000298839429516,7.4709857379e-05,0.000298839429516,0.261461258984,0.464814328427,0.26145805974
483,0.0245374216577,0.104432857588,0.0737198366034,0.0785024608935,0.0202434391682,0.0154072902962,0.0393526368809,0.0249914564552,0.168906962799,0.300822785096,0.0360226501498,0.113060202412,1,0.5,30,20,5,2,20,0.000105190354087,2.62975885217e-05,0.000105190354087,0.00247907674385,0.00116350667838,0.000276261624866,0.000105190354087,2.62975885217e-05,0.000105190354087,0.26354561188,0.468519799347,0.263542387133
484,0.112927574577,0.046262457819,0.054608027786,0.0202616095253,0.00045975071485,0.0259600432986,0.0658796543468,0.355852773766,0.0179032141526,0.200362593768,0.0756312422608,0.0238910579847,1,0.5,30,20,5,2,20,0.000101105541245,2.52763853112e-05,0.000101105541245,0.00224176645952,0.000583835345822,0.00187319059872,0.000101105541245,2.52763853112e-05,0.000101105541245,0.263344019146,0.468161416649,0.263340796865
485,0.0246866070694,0.00235708926399,0.0226201583581,0.0852957572604,0.0361054792188,0.132429126638,0.256226123893,0.0169742858689,0.0343437621669,0.259145850227,0.0910446841075,0.0387710759274,1,0.5,30,20,5,2,20,7.49182951523e-05,1.87295737881e-05,7.49182951523e-05,0.0024953954893,0.0018270243949,0.000441810983777,7.49182951523e-05,1.87295737881e-05,7.49182951523e-05,0.263357890956,0.468186077343,0.263354668505
486,0.179487084472,0.00326132278217,0.0131568655563,0.0429257702515,0.296485190171,0.117395385634,0.0193408267363,0.0426451298179,0.0518422125404,0.11562821964,0.081960783614,0.0358712087852,1,0.5,30,20,5,2,20,0.000144336178475,3.60840446187e-05,0.000144336178475,0.0307614439503,0.00736934292025,0.000529295260813,0.000144336178475,3.60840446187e-05,0.000144336178475,0.254302689319,0.452088138078,0.254299577669
487,0.0747055814822,0.149682987804,0.128208834805,0.0320186952743,0.0606832750632,0.0598758511722,0.0459485696087,0.056759162442,0.00142627846016,0.00767147676433,0.283423913807,0.0995953733164,1,0.5,30,20,5,2,20,2.76986228859e-05,6.92465572146e-06,2.76986228859e-05,7.16131097385e-05,0.000392442784552,6.64863428579e-05,2.76986228859e-05,6.92465572146e-06,2.76986228859e-05,0.264534830792,0.470278389227,0.26453159394
488,0.126779940819,0.00762272786441,0.0477930636187,0.0101974126004,0.0537491638492,0.207949554239,0.04653613873,0.2364357198,0.112505356407,0.0329673018768,0.104571572093,0.012892048101,1,0.5,30,20,5,2,20,0.000728037729157,0.000182009432289,0.000728037729157,0.0164985327386,0.00859753998458,0.00303988833349,0.000728037729157,0.000182009432289,0.000728037729157,0.25639321333,0.455804579733,0.2563900761
489,0.112349998305,0.155442745265,0.0564652330452,0.019522709209,0.0705607236084,0.157084424098,0.0690429463774,0.0448357371779,0.0461973638735,0.0253295579593,0.172741838207,0.070426722875,1,0.5,30,20,5,2,20,0.000129829451286,3.24573628214e-05,0.000129829451286,0.0255346378216,0.000989599570389,0.00400321287075,0.000129829451286,3.24573628214e-05,0.000129829451286,0.25647274441,0.45594596659,0.256469606207
490,0.220578658296,0.0475725737452,0.0264022373006,0.0886672285153,0.146314383649,0.0585381977055,0.163819502578,0.0295175734236,0.0326096177406,0.00703872435363,0.0928231127484,0.0861181899448,1,0.5,30,20,5,2,20,0.00020774124318,5.1935310795e-05,0.00020774124318,0.0629255282207,0.00224873619907,0.00442210426929,0.00020774124318,5.1935310795e-05,0.00020774124318,0.246038071311,0.43739566362,0.246035060786
491,0.047417981589,0.21068956543,0.103176788265,0.0113218540595,0.138762050692,0.0440376359776,0.010383332831,0.0394860569224,0.0959436603589,0.157322946885,0.0996191622488,0.0418389647403,1,0.5,30,20,5,2,20,0.000285870813902,7.14677034755e-05,0.000285870813902,0.00898809782234,0.00206354792937,0.000447464385704,0.000285870813902,7.14677034755e-05,0.000285870813902,0.261323828819,0.464570011124,0.261320631257
492,0.0786342855924,0.160732314317,0.0982958648871,0.100677750501,0.21491271721,0.0932762268579,0.0162778465725,0.0180265016277,0.0794001163063,0.0200221085385,0.0146380962892,0.105106171301,1,0.5,30,20,5,2,20,0.000339426283499,8.48565708747e-05,0.000339426283499,0.0684348020508,0.00580323426705,0.00753495486813,0.000339426283499,8.48565708747e-05,0.000339426283499,0.242657957176,0.431386645352,0.24265498801
493,0.0134001453451,0.0662215254857,0.0111096492273,0.0102388792789,0.183728787687,0.10044465337,0.0247326439954,0.0027267278339,0.0740996397661,0.256365898085,0.207537727953,0.0493937219734,1,0.5,30,20,5,2,20,8.25324552105e-05,2.06331138026e-05,8.25324552105e-05,0.00751935609019,0.00111373966555,0.000749592009337,8.25324552105e-05,2.06331138026e-05,8.25324552105e-05,0.262126277358,0.46599656885,0.262123069978
494,0.104952736719,0.043405994404,0.00924146549962,0.0315696418517,0.154891983811,0.217411867057,0.0176857830237,0.0628640216435,0.0515158597546,0.00125476717229,0.163828508249,0.141377370815,1,0.5,30,20,5,2,20,9.84310319461e-05,2.46077579865e-05,9.84310319461e-05,0.000478786663639,0.00031294350502,0.000548343795384,9.84310319461e-05,2.46077579865e-05,9.84310319461e-05,0.264236285514,0.469747648562,0.264233052316
495,0.0375791382492,0.0590564624562,0.00526128669738,0.0769523418505,0.118417586399,0.0451200225285,0.0337709000821,0.0174498437567,0.128510670112,0.127836092217,0.0186706456417,0.33137501001,1,0.5,30,20,5,2,20,3.6673966889e-05,9.16849172225e-06,3.6673966889e-05,0.00508095099729,0.00250139022777,7.47393700645e-05,3.6673966889e-05,9.16849172225e-06,3.6673966889e-05,0.262637685874,0.466905728435,0.262634472245
496,0.0195529496778,0.147018183046,0.0264709271148,0.0190270533189,0.0595089293645,0.183927426149,0.262728345805,0.0513241437146,0.0298266573937,0.110022898311,0.0570833275289,0.0335091585752,1,0.5,30,20,5,2,20,0.000393190272526,9.82975681314e-05,0.000393190272526,0.0231654657551,0.00152434913449,0.00316959359923,0.000393190272526,9.82975681314e-05,0.000393190272526,0.25686528508,0.456643808131,0.256862142074
497,0.114445719146,0.175942379158,0.0392713233887,0.00666585651387,0.0891353294965,0.152815243756,0.0511707407836,0.181702599671,0.124872367831,0.0252644457422,0.00796438394448,0.0307496105674,1,0.5,30,20,5,2,20,0.000926880732987,0.000231720183247,0.000926880732987,0.132678883418,0.0280165364225,0.0241726609061,0.000926880732987,0.000231720183247,0.000926880732987,0.214668066783,0.38162744907,0.214665440102
498,0.0338706619107,0.0357399319503,0.0325181254158,0.357726068066,0.0229436318323,0.0695342992502,0.0298406037481,0.149315912671,0.0350046531596,0.20859471998,0.0183720271668,0.00653936484807,1,0.5,30,20,5,2,20,8.29516710636e-05,2.07379177659e-05,8.29516710636e-05,0.000224042043848,0.00188344151691,0.000672729374553,8.29516710636e-05,2.07379177659e-05,8.29516710636e-05,0.263873507644,0.469102718017,0.263870278884
499,0.0226556008694,0.0928553659383,0.130420992465,0.0203915850421,0.151463499538,0.0108287815991,0.0172771209417,0.0181580178459,0.222468108386,0.0927421881223,0.0497169683963,0.171021770857,1,0.5,30,20,5,2,20,0.000111187319712,2.77968299279e-05,0.000111187319712,0.00128173919467,0.00156143848556,0.00039967941738,0.000111187319712,2.77968299279e-05,0.000111187319712,0.263717407968,0.468825210877,0.263714181118
500,0.0447379140025,0.322429375157,0.153313283681,0.148233867823,0.0188927734225,0.0261790870026,0.103751321716,0.0256298567348,0.0203270618817,0.0659781860707,0.0120377096457,0.0584895628615,1,0.5,30,20,5,2,20,0.000466935343934,0.000116733835983,0.000466935343934,0.00147180995123,0.00174470399204,0.00171911628136,0.000466935343934,0.000116733835983,0.000466935343934,0.262845554444,0.467275268022,0.262842338262
501,0.0347242463081,0.20769785151,0.109462272502,0.202289820912,0.0110964451619,0.121966108225,0.101032731108,0.0759466497329,0.00981222062902,0.0582223885742,0.0254626664875,0.0422865988498,1,0.5,30,20,5,2,20,0.000622405985268,0.000155601496317,0.000622405985268,0.0133492064204,0.000463505954785,0.0129622185357,0.000622405985268,0.000155601496317,0.000622405985268,0.256879316437,0.45666875246,0.256876173259
502,0.048404646056,0.165708433162,0.0955373844538,0.0532003872856,0.0104129707544,0.203940667888,0.236460594615,0.00461656598449,0.0573093952468,0.0095416014135,0.0781566485499,0.0367107045904,1,0.5,30,20,5,2,20,0.000573741620453,0.000143435405113,0.000573741620453,0.00279435694212,0.00532463778618,0.00249675954454,0.000573741620453,0.000143435405113,0.000573741620453,0.2612147524,0.464376099863,0.261211556173
503,0.0227829836601,0.0708729889546,0.0172400261674,0.0419521343454,0.208159714264,0.202546383409,0.00373040833099,0.0145009234139,0.131367385755,0.146318523889,0.0899254240854,0.0506031037251,1,0.5,30,20,5,2,20,0.000215080251358,5.37700628394e-05,0.000215080251358,0.00239269004725,0.00145107453434,0.000845254239607,0.000215080251358,5.37700628394e-05,0.000215080251358,0.26321084108,0.46792465854,0.263207620429
504,0.240816714442,0.221792962911,0.0694827152281,0.0734294406093,0.0324484882021,0.14537563588,0.0263504923469,0.0471872075266,0.0113226739428,0.0391636524695,0.0855592168291,0.00707079961257,1,0.5,30,20,5,2,20,0.000357124471673,8.92811179183e-05,0.000357124471673,0.108101918377,0.00780474773588,0.00170239034518,0.000357124471673,8.92811179183e-05,0.000357124471673,0.233150772696,0.414485190863,0.23314791986
505,0.24420703403,0.00348839693679,0.0842288572281,0.092410051622,0.106217331675,0.131342897815,0.0704334767993,0.0093229102237,0.0791026674916,0.0281490676406,0.0120154783007,0.139081830237,1,0.5,30,20,5,2,20,0.000443725143297,0.000110931285824,0.000443725143297,0.044629346944,0.00734540623083,0.0029944036906,0.000443725143297,0.000110931285824,0.000443725143297,0.249628914161,0.44377930613,0.249625859698
506,0.224614537354,0.0827282381928,0.0407330997717,0.0538434226938,0.0253632543509,0.0512115162655,0.11060786564,0.0250382951766,0.0532460487855,0.0485114466658,0.179516133262,0.104586141842,1,0.5,30,20,5,2,20,7.54029631912e-05,1.88507407978e-05,7.54029631912e-05,0.000471234829875,0.000524676267344,0.000230410356418,7.54029631912e-05,1.88507407978e-05,7.54029631912e-05,0.264293827484,0.469849944146,0.264290593582
507,0.0995214049438,0.00634389342447,0.211368411015,0.00740903461459,0.0320314649298,0.0297829746778,0.00440813752398,0.0448070150437,0.115272604051,0.0120871118991,0.0468778028083,0.390090145068,1,0.5,30,20,5,2,20,8.15148596374e-05,2.03787149094e-05,8.15148596374e-05,0.00309337180538,0.000542937898642,0.00108760468619,8.15148596374e-05,2.03787149094e-05,8.15148596374e-05,0.263360705303,0.4681910806,0.263357482838
508,0.185489185503,0.136263526161,0.0602212141042,0.0781186620393,0.0194665985078,0.218858706781,0.0303238841695,0.00914990784638,0.167239041954,0.0718262836856,0.0197838563133,0.00325913293484,1,0.5,30,20,5,2,20,0.000336933143636,8.42332859091e-05,0.000336933143636,0.112101638631,0.000458582812262,0.00992614957134,0.000336933143636,8.42332859091e-05,0.000336933143636,0.231883745118,0.412232758221,0.2318809265
509,0.217677973239,0.110606180291,0.04310909199,0.0650856073024,0.103323119511,0.0666417060091,0.00964324105938,0.213427410485,0.00147338654776,0.0331591356641,0.0809939953089,0.0548591525926,1,0.5,30,20,5,2,20,0.000552005844416,0.000138001461104,0.000552005844416,0.0367228769438,0.00637742763988,0.00239928834176,0.000552005844416,0.000138001461104,0.000552005844416,0.252006603408,0.448006257515,0.252003519852
510,0.017751062227,0.133534322403,0.0103567649153,0.0471111778407,0.034011160508,0.0827010679797,0.0649006990713,0.184399545607,0.0184501605494,0.00976396022434,0.237471137811,0.159548940863,1,0.5,30,20,5,2,20,0.000116712045479,2.91780113699e-05,0.000116712045479,0.00480191032463,0.000743876244748,0.000521927962298,0.000116712045479,2.91780113699e-05,0.000116712045479,0.262963063878,0.467484171127,0.262959846259
511,0.026997312856,0.056578221199,0.0329759378422,0.0456426907062,0.265646656332,0.0202425707346,0.052482937405,0.157387569861,0.0864245979392,0.042257379942,0.0543356370058,0.159028488177,1,0.5,30,20,5,2,20,0.000199504464408,4.98761161021e-05,0.000199504464408,0.0199231503703,0.00304230760374,0.00145490050496,0.000199504464408,4.98761161021e-05,0.000199504464408,0.258006346091,0.458672336218,0.258003189122
512,0.0936504147917,0.058737680682,0.104258699467,0.0333316474095,0.0345253337701,0.123974419534,0.127328734592,0.0580325810191,0.104234473752,0.0812201705768,0.16150607662,0.0191997677859,1,0.5,30,20,5,2,20,8.69138766127e-05,2.17284691532e-05,8.69138766127e-05,0.000771215669286,0.00222954949064,0.000231749744974,8.69138766127e-05,2.17284691532e-05,8.69138766127e-05,0.263749059846,0.468881480195,0.263745832609
513,0.0551577993062,0.380650070955,0.112573104729,0.107867597496,0.0359495382395,0.0464916364071,0.0105896658443,0.0650486643341,0.056542954383,0.0397093815816,0.0576676035022,0.0317519832228,1,0.5,30,20,5,2,20,0.000525853947607,0.000131463486902,0.000525853947607,0.00154245028836,0.00177062619752,0.000706935807709,0.000525853947607,0.000131463486902,0.000525853947607,0.263017742991,0.467581377249,0.263014524702
514,0.10606475167,0.014092821379,0.478152269798,0.0766900991263,0.0157659248228,0.0210142872118,0.0839801039895,0.0341761796155,0.024654014193,0.0109748864515,0.0831516302749,0.0512830314684,1,0.5,30,20,5,2,20,0.000438398719457,0.000109599679864,0.000438398719457,0.00824685877363,0.00267871772785,0.0076107477479,0.000438398719457,0.000109599679864,0.000438398719457,0.259279330801,0.460935392456,0.259276158256
515,0.200876197592,0.0859902882054,0.0857304506767,0.0366590192921,0.206859060548,0.0206437879287,0.0585944171291,0.0820231691586,0.00540481520615,0.109613664839,0.091179345911,0.0164257835135,1,0.5,30,20,5,2,20,0.000150048181808,3.75120454521e-05,0.000150048181808,0.000624808674,0.000296145817785,0.00214096821357,0.000150048181808,3.75120454521e-05,0.000150048181808,0.263719012236,0.468828062874,0.263715785367
516,0.00551181581799,0.181722781356,0.0247020787978,0.0199504441667,0.0568557520312,0.0124156585231,0.183341068417,0.317460389098,0.00300508826403,0.0722113462279,0.0144504091468,0.108373168154,1,0.5,30,20,5,2,20,0.000472126156349,0.000118031539087,0.000472126156349,0.015427469702,0.00411635141848,0.00192450969625,0.000472126156349,0.000118031539087,0.000472126156349,0.258463028742,0.459484206552,0.258459866185
517,0.0679541810648,0.172549922286,0.0697079713902,0.163048996631,0.00423398507717,0.0466736418968,0.0188468308844,0.156533404865,0.0741100643453,0.043225816811,0.0452438574498,0.137871327298,1,0.5,30,20,5,2,20,0.000535900072386,0.000133975018096,0.000535900072386,0.0139119770923,0.00108941338741,0.0033164812717,0.000535900072386,0.000133975018096,0.000535900072386,0.25922101462,0.460831720514,0.259217842789
518,0.0784818720363,0.0222897967526,0.104727517266,0.098334374336,0.0226480918351,0.124408550603,0.0682143927856,0.0369401988557,0.0664062051453,0.28613744439,0.0476613365805,0.0437502194136,1,0.5,30,20,5,2,20,0.000140736594155,3.51841485388e-05,0.000140736594155,0.00202506714061,0.000595761418021,0.000962915763383,0.000140736594155,3.51841485388e-05,0.000140736594155,0.263591973585,0.468602219148,0.263588748271
519,0.0386763456062,0.108793248399,0.159763293033,0.168223441674,0.200038670049,0.00414289008211,0.0273855558899,0.0733803517994,0.032398698442,0.0891174563006,0.0931067892692,0.00497325945525,1,0.5,30,20,5,2,20,0.000152630869871,3.81577174676e-05,0.000152630869871,0.00617328974169,0.00859358507384,0.000910164127156,0.000152630869871,3.81577174676e-05,0.000152630869871,0.260376610252,0.46288608761,0.260373424281
520,0.260531147365,0.311971648704,0.0163419614026,0.0157956317496,0.0328006204188,0.001148735741,0.00671092135366,0.0850577033325,0.020183511734,0.0673476319189,0.155427086685,0.026683399596,1,0.5,30,20,5,2,20,8.12191616489e-05,2.03047904122e-05,8.12191616489e-05,0.000134573305828,0.00042932047811,0.000168204783713,8.12191616489e-05,2.03047904122e-05,8.12191616489e-05,0.264417724186,0.470070202252,0.264414488767
521,0.00851898600696,0.13437521332,0.00595486610626,0.00474447788599,0.0615102797667,0.00267621186062,0.093124220476,0.00402172427362,0.0570982674346,0.0650679869468,0.493121737036,0.0697860288862,1,0.5,30,20,5,2,20,2.0521097882e-05,5.13027447049e-06,2.0521097882e-05,0.000378154538936,0.0001298197798,0.000287798091186,2.0521097882e-05,5.13027447049e-06,2.0521097882e-05,0.264473171949,0.470168774848,0.264469935852
522,0.0728323330747,0.02961301355,0.00633017491187,0.0129553463547,0.0475766236802,0.0472059157355,0.193503665601,0.110797337675,0.0371354311266,0.102329339682,0.0243190452758,0.315401773333,1,0.5,30,20,5,2,20,2.99751289214e-05,7.49378223036e-06,2.99751289214e-05,0.000123495942459,4.50787281992e-05,0.000335410746424,2.99751289214e-05,7.49378223036e-06,2.99751289214e-05,0.264539148857,0.470286065693,0.264535911953
523,0.000732654596427,0.00272489503188,0.0939278218306,0.0869417368986,0.0758489489351,0.0425372903319,0.27113115461,0.0654173269547,0.0454490478777,0.0706024547548,0.142893334188,0.101793333991,1,0.5,30,20,5,2,20,8.26127148443e-05,2.06531787111e-05,8.26127148443e-05,0.000347690247938,0.0002178069418,0.000623292582538,8.26127148443e-05,2.06531787111e-05,8.26127148443e-05,0.264295174267,0.469852338396,0.264291940348
524,0.0663791080127,0.173605609638,0.0258730340386,0.00412999720427,0.162443590824,0.0205005097844,0.0400992790517,0.0596711980213,0.0148251182248,0.0203625261265,0.120459804685,0.291650224389,1,0.5,30,20,5,2,20,2.2288213205e-05,5.57205330125e-06,2.2288213205e-05,0.000131279320237,7.27570502674e-05,0.000213146729654,2.2288213205e-05,5.57205330125e-06,2.2288213205e-05,0.264571282703,0.470343191832,0.264568045405
525,0.0387086254802,0.0738041592722,0.255903210565,0.0425487902231,0.033499238104,0.20698708692,0.01451498406,7.89034088285e-06,0.0979268971506,0.045488842068,0.0353813240418,0.155228951775,1,0.5,30,20,5,2,20,0.000209949562746,5.24873906866e-05,0.000209949562746,0.0445111146064,0.00241875875642,0.00222581559354,0.000209949562746,5.24873906866e-05,0.000209949562746,0.251446257635,0.447010099441,0.251443180935
526,0.129066229863,0.058359024198,0.0809213590342,0.0668460241602,0.0431646326343,0.0613632018318,0.0484408251971,0.306149212533,0.00321354981161,0.00886384636671,0.151789558158,0.0418225362116,1,0.5,30,20,5,2,20,0.000427236452721,0.00010680911318,0.000427236452721,0.00560041486364,0.00392052609541,0.000988727819495,0.000427236452721,0.00010680911318,0.000427236452721,0.261417348775,0.464736267782,0.261414150627
527,0.00391561452503,0.016238646497,0.0570754784935,0.0160916119918,0.0560240491963,0.175935413065,0.00131765179264,0.0493287013543,0.342835913824,0.00250248212088,0.0465438367348,0.232190600404,1,0.5,30,20,5,2,20,0.000213763796032,5.3440949008e-05,0.000213763796032,0.00831685996845,0.00218404351435,0.00153819335878,0.000213763796032,5.3440949008e-05,0.000213763796032,0.261266782832,0.464468597277,0.261263585968
528,0.204997535225,0.00247934310215,0.120309701877,0.0382010049956,0.0703667030775,0.00095132045649,0.108677612515,0.0676931699811,0.0487339019613,0.0509335177235,0.254307253225,0.0323489358602,1,0.5,30,20,5,2,20,0.00012071493182,3.01787329551e-05,0.00012071493182,0.00210616845495,0.000358064209717,0.0013802299486,0.00012071493182,3.01787329551e-05,0.00012071493182,0.263546808847,0.468521927262,0.263543584085
529,0.0292126366326,0.000527265970611,0.0976277660133,0.0377334437989,0.0219987297986,0.0403218337354,0.178925278661,0.144591443349,0.141222532062,0.0297026976492,0.0214708755685,0.25666549676,1,0.5,30,20,5,2,20,0.0001941894167,4.8547354175e-05,0.0001941894167,0.0079070729305,0.00181819683249,0.00144182457024,0.0001941894167,4.8547354175e-05,0.0001941894167,0.261520925852,0.464920401562,0.261517725878
530,0.162540588298,0.0531729404772,0.132064377428,0.0222374033957,4.6108137479e-05,0.159158404333,0.179617470208,0.0303366030302,0.154781980398,0.0252224104275,0.0607165041282,0.0201052097378,1,0.5,30,20,5,2,20,0.000649397408668,0.000162349352167,0.000649397408668,0.00172612754755,0.000874352996552,0.00915344722502,0.000649397408668,0.000162349352167,0.000649397408668,0.260823348264,0.463680278802,0.260820156826
531,0.217034378684,0.0146368969258,0.249619347204,0.0575420151534,0.00664893638361,0.0126758536893,0.0125222753908,0.0153383973888,0.0706839941163,0.0456987456684,0.196919416998,0.100679742397,1,0.5,30,20,5,2,20,0.000199280645716,4.9820161429e-05,0.000199280645716,0.0040902736482,0.000844081692039,0.00119949810617,0.000199280645716,4.9820161429e-05,0.000199280645716,0.262847201702,0.467278196445,0.2628439855
532,0.0317438227141,0.0588915976061,0.0334917891957,0.0205901098744,0.0015552679445,0.00159387891942,0.21224726068,0.0375282534791,0.290609568643,0.212734860646,0.0734687596006,0.0255448306978,1,0.5,30,20,5,2,20,2.72579045031e-05,6.81447612578e-06,2.72579045031e-05,1.48448136142e-05,0.000504249047646,1.36518988105e-05,2.72579045031e-05,6.81447612578e-06,2.72579045031e-05,0.264534772479,0.470278285562,0.264531535629
533,0.15870968106,0.00387318636354,0.116048682495,0.0287315948946,0.0153177890812,0.0495300537049,0.00345122778796,0.12531511222,0.118242942564,0.090667061989,0.117745166591,0.172367501249,1,0.5,30,20,5,2,20,5.40010846379e-05,1.35002711595e-05,5.40010846379e-05,0.00116965295044,0.000948906160945,0.000444166006323,5.40010846379e-05,1.35002711595e-05,5.40010846379e-05,0.263965564034,0.469266371819,0.263962334148
534,0.0181854327636,0.133524428209,0.149176950616,0.106394656557,0.0599056531869,0.0161575866609,0.0807275457638,0.0541061796111,0.208962883305,0.123481803725,0.0457790393325,0.00359784026907,1,0.5,30,20,5,2,20,0.000190490016188,4.76225040471e-05,0.000190490016188,0.077148899452,0.00481135516196,0.00109260883657,0.000190490016188,4.76225040471e-05,0.000190490016188,0.242496567075,0.431099753217,0.242493611185
535,0.348246213396,0.00860726323125,0.041758011635,0.272613983222,0.0357455267334,0.127422133567,0.0370919765059,0.0359637423848,0.0141854555434,0.000573553013978,0.0388015851259,0.0389905556427,1,0.5,30,20,5,2,20,0.00121651268559,0.000304128171398,0.00121651268559,0.131241763623,0.0136107233555,0.0141399328219,0.00121651268559,0.000304128171398,0.00121651268559,0.2211725622,0.393190854986,0.221169855929
536,0.00785081601422,0.0317591465638,0.152138653153,0.00391581303242,0.116676323116,0.103458456299,0.033837233812,0.0338306842271,0.025649700041,0.0295005559058,0.455837752192,0.00554486564452,1,0.5,30,20,5,2,20,1.82846263465e-05,4.57115658662e-06,1.82846263465e-05,0.00926733552526,0.000368243661645,0.000224459576715,1.82846263465e-05,4.57115658662e-06,1.82846263465e-05,0.26207644885,0.465907988203,0.262073243364
537,0.0235250417873,0.00444776964911,0.0244085674394,0.0620380521068,0.194715758568,0.0851037614864,0.222122974768,0.0900061734851,0.0760104400346,0.075270272628,0.0128336205615,0.129517567486,1,0.5,30,20,5,2,20,9.40174712471e-05,2.35043678118e-05,9.40174712471e-05,0.00051489178412,0.00317043734143,0.000200098769882,9.40174712471e-05,2.35043678118e-05,9.40174712471e-05,0.263567766671,0.46855918516,0.263564541653
538,0.0499802291194,0.0144103277936,0.0199631459886,0.25195306494,0.0180029314607,0.105099059285,0.171679369677,0.124798572707,0.191039088145,0.00429284633643,0.0380425313799,0.010738833168,1,0.5,30,20,5,2,20,0.00179432034771,0.000448580086928,0.00179432034771,0.214691663741,0.00881712734184,0.0179688248413,0.00179432034771,0.000448580086928,0.00179432034771,0.198649772048,0.353150829096,0.198647341367
539,0.0197766106107,0.177873201236,0.0470609291892,0.0120240412849,0.0730360313148,0.078649819781,0.0722910872126,0.0174581394631,0.113918110281,0.120992172733,0.146874584064,0.12004527283,1,0.5,30,20,5,2,20,8.9107146129e-05,2.22767865323e-05,8.9107146129e-05,0.00734002065459,0.00178070767554,0.000517370312381,8.9107146129e-05,2.22767865323e-05,8.9107146129e-05,0.262050836301,0.465862453055,0.262047629844
540,0.108857194433,0.148625375216,0.0103219983905,0.116373045621,0.215936114042,0.0119253588217,0.00239876322211,0.000649735190114,0.11220496919,0.0107244179995,0.24498629112,0.0169967367551,1,0.5,30,20,5,2,20,7.81853680023e-05,1.95463420006e-05,7.81853680023e-05,0.000541908375009,0.00148861190179,0.000426637614759,7.81853680023e-05,1.95463420006e-05,7.81853680023e-05,0.263964700543,0.469264836742,0.263961470667
541,0.00453952397178,0.088865924648,0.000317927698243,0.136302650167,0.0189437938886,0.0237954768375,0.0129422855986,0.183111386539,0.231718806444,0.137504020626,0.105338831876,0.0566193717068,1,0.5,30,20,5,2,20,0.00018538463515,4.63461587876e-05,0.00018538463515,0.00148701717855,0.000765216810214,0.000495853107707,0.00018538463515,4.63461587876e-05,0.00018538463515,0.263759994784,0.468900919847,0.263756767414
542,0.114772555809,0.0954436494323,0.0658764969788,0.260726591251,0.170860984809,0.0583954413889,0.0383972242875,0.000962929930149,0.0058373507605,0.0222645863203,0.112924800145,0.0535373888881,1,0.5,30,20,5,2,20,0.00106267606194,0.000265669015485,0.00106267606194,0.0313707167405,0.00517896928595,0.00106736716328,0.00106267606194,0.000265669015485,0.00106267606194,0.253484872997,0.450634260182,0.253481771353
543,0.0552985081085,0.0677347941423,0.00533369812848,0.0684043562263,0.017721649911,0.217063709344,0.135906907141,0.168699981846,0.178949421262,0.0389415111344,0.0165661943886,0.0293792683673,1,0.5,30,20,5,2,20,0.00201642571112,0.00050410642778,0.00201642571112,0.0166705705584,0.00896346159037,0.0038404753321,0.00201642571112,0.00050410642778,0.00201642571112,0.254504177773,0.45244633539,0.254501063657
544,0.545544388243,0.0436596148249,0.0354285125312,0.0343447726544,0.0137261718462,0.106328276353,0.0240827081089,0.00894859059569,0.122763591122,0.0246261332882,0.0176593062603,0.0228879341719,1,0.5,30,20,5,2,20,0.000719199796488,0.000179799949122,0.000719199796488,0.175132249435,0.0293996297141,0.00136851358865,0.000719199796488,0.000179799949122,0.000719199796488,0.209348013279,0.372169724735,0.209345470163
545,0.0240227191727,0.112281970939,0.0753662327473,0.208903450519,0.0329853912383,0.0203561671213,0.0494380172387,0.0896470079999,0.155948370944,0.0436341976168,0.15274446465,0.0346720098132,1,0.5,30,20,5,2,20,0.000382956967191,9.57392417979e-05,0.000382956967191,0.0280442536784,0.00474687346605,0.00202856133676,0.000382956967191,9.57392417979e-05,0.000382956967191,0.255035031229,0.45339006332,0.255031910617
546,0.101468234283,0.11503207491,0.120602605879,0.108836012389,0.0165853954335,0.119914784264,0.0377883768027,0.00140773619413,0.0593061662458,0.0124790808697,0.218806320391,0.0877732123385,1,0.5,30,20,5,2,20,0.000124894371283,3.12235928208e-05,0.000124894371283,0.0160923709062,0.00357517170432,0.00156026091419,0.000124894371283,3.12235928208e-05,0.000124894371283,0.258940316358,0.460332707486,0.258937147961
547,0.0102504263851,0.0720768080362,0.179523346671,0.207511189839,0.0285241136148,0.052083222967,0.0704311799383,0.0772675265053,0.140510328339,0.0955838909346,0.0600806077441,0.0061573590252,1,0.5,30,20,5,2,20,0.000461942914063,0.000115485728516,0.000461942914063,0.0644243524208,0.00529755120032,0.00715991768398,0.000461942914063,0.000115485728516,0.000461942914063,0.243806749501,0.433428919091,0.243803766989
548,0.0218640290861,0.184451550472,0.021987342319,0.0560925745312,0.0263161603495,0.0853004218428,0.000523956627363,0.262062218126,0.11415719874,0.0604809938727,0.0380878759672,0.128675678065,1,0.5,30,20,5,2,20,0.000366788584245,9.16971460613e-05,0.000366788584245,0.0186987085331,0.00535134500987,0.000460173453015,0.000366788584245,9.16971460613e-05,0.000366788584245,0.257783290452,0.458275797711,0.257780136212
549,0.123358846523,0.0128509478102,0.0508259983891,0.00651062372725,0.188321137988,0.090977972994,0.0288976252939,0.112048404995,0.093130345439,0.0777821839187,0.120357773936,0.0949381389847,1,0.5,30,20,5,2,20,0.000127146889478,3.17867223695e-05,0.000127146889478,0.00390496826849,0.00330195616462,0.000304404679968,0.000127146889478,3.17867223695e-05,0.000127146889478,0.262568497316,0.466782728044,0.262565284525
550,0.0896321255026,0.179787576135,0.0745706225934,0.00651786845148,0.0116034668984,0.130746636734,0.0894671535203,0.113464987306,0.0486386579747,0.0164862482151,0.173024797878,0.0660598587906,1,0.5,30,20,5,2,20,5.62810331365e-05,1.40702582841e-05,5.62810331365e-05,0.0444343421753,0.000178121099119,0.00107515185973,5.62810331365e-05,1.40702582841e-05,5.62810331365e-05,0.252547327481,0.448967547351,0.252544245385
551,0.0247240665517,0.0160535933518,0.139522903822,0.000719430108086,0.0138590647516,0.189464121721,0.0552591845827,0.0593098368143,0.105697446156,0.101883408539,0.162962718727,0.130544224876,1,0.5,30,20,5,2,20,0.000120890085781,3.02225214452e-05,0.000120890085781,0.00244056424103,0.000186693076769,0.00096704030713,0.000120890085781,3.02225214452e-05,0.000120890085781,0.263612820945,0.468639280668,0.263609595376
552,0.0282826417999,0.0604576516245,0.089354433758,0.0777960918239,0.00147807727571,0.0993942397992,0.0735349237886,0.133870980098,0.0679319794105,0.0186181443935,0.0187979340542,0.330482902174,1,0.5,30,20,5,2,20,5.61724807183e-05,1.40431201796e-05,5.61724807183e-05,0.000487741943893,0.000709240144359,0.000290155114811,5.61724807183e-05,1.40431201796e-05,5.61724807183e-05,0.264247694505,0.469767930963,0.264244461166
553,0.137101453313,0.10996302365,0.00337042516909,0.00566702318263,0.139271337678,0.0203920248537,0.117971167791,0.00614915458576,0.370193397076,0.0200712892771,0.0204153177749,0.0494343856486,1,0.5,30,20,5,2,20,0.00140798191621,0.000351995479053,0.00140798191621,0.00617252264042,0.00824242389974,0.00542956460586,0.00140798191621,0.000351995479053,0.00140798191621,0.257778087838,0.458266548732,0.257774933662
554,0.186236249229,0.118945541877,0.0193544646431,0.0828688497298,0.141468226334,0.00882622862949,0.0468939901525,0.0387951444524,0.160420577055,0.0223821822408,0.170176156142,0.00363238951464,1,0.5,30,20,5,2,20,0.000160695653326,4.01739133315e-05,0.000160695653326,0.0602829884487,0.00197791905876,0.00308756051084,0.000160695653326,4.01739133315e-05,0.000160695653326,0.247218558666,0.439494299441,0.247215543435
555,0.109076418467,0.0355397292793,0.12899549052,0.0976530637432,0.0131018454579,0.0319589033376,0.030267832679,0.127651838682,0.0278737290229,0.100637127194,0.223792224481,0.0734517971365,1,0.5,30,20,5,2,20,0.000150004682416,3.7501170604e-05,0.000150004682416,0.00413650042996,0.00110980314666,0.000580271646992,0.000150004682416,3.7501170604e-05,0.000150004682416,0.262987237683,0.467527146254,0.262984019768
556,0.233947788261,0.0523045840931,0.062296694699,0.0477085954246,0.152830201818,0.0886814090744,0.0935370423265,0.00181575258148,0.0631878078353,0.0835483710735,0.0224201889982,0.0977215638146,1,0.5,30,20,5,2,20,0.000503776581499,0.000125944145375,0.000503776581499,0.0118007745625,0.00236909182125,0.00179058605974,0.000503776581499,0.000125944145375,0.000503776581499,0.259883308084,0.462009116708,0.259880128148
557,0.0254319449748,0.00300427961591,0.0162741828003,0.00511967916397,0.0077483483831,0.0650514658168,0.0639997461852,0.347987740209,0.0957402845711,0.0394940433081,0.166527101962,0.16362118301,1,0.5,30,20,5,2,20,5.00048013719e-05,1.2501200343e-05,5.00048013719e-05,0.00354459773525,0.00146175162119,0.000123535644769,5.00048013719e-05,1.2501200343e-05,5.00048013719e-05,0.26329077592,0.468066763183,0.26328755429
558,0.293517900704,0.041083330064,0.0989373016122,0.0494863588662,0.217461611686,0.0862904590166,0.0207898529723,0.047679751223,0.006132439949,0.00400856883236,0.132456405037,0.00215602003713,1,0.5,30,20,5,2,20,0.000629702037963,0.000157425509491,0.000629702037963,0.00760630120507,0.00733771202813,0.00197591025439,0.000629702037963,0.000157425509491,0.000629702037963,0.259479327379,0.461290937576,0.259476152387
559,0.146285420661,0.0841061473646,0.0518047043985,0.174646386108,0.0276321578446,0.128968990719,0.0568283195863,0.00797141328164,0.148033145205,0.0311016103993,0.115392836015,0.0272288684164,1,0.5,30,20,5,2,20,0.000427904033312,0.000106976008328,0.000427904033312,0.0372261314377,0.00999757995669,0.000858931972529,0.000427904033312,0.000106976008328,0.000427904033312,0.251470677097,0.447053511287,0.251467600099
560,0.0686290282479,0.180564185518,0.205313910255,0.0321766515728,0.106821812087,0.0177962657843,0.0550773906229,0.0487250996681,0.0748869806418,0.0271461393196,0.0566129563471,0.126249579935,1,0.5,30,20,5,2,20,0.000137035932829,3.42589832072e-05,0.000137035932829,0.00109216356378,0.00312581652665,0.000545271402617,0.000137035932829,3.42589832072e-05,0.000137035932829,0.26328415647,0.468054995417,0.263280934922
561,0.0541945782225,0.00929271815537,0.128036647591,0.210108204034,0.049359761805,0.164071330632,0.0177689570506,0.204404852498,0.0199058943668,0.0888481933849,0.0420892309871,0.0119196312719,1,0.5,30,20,5,2,20,0.000633900205115,0.000158475051279,0.000633900205115,0.041395875518,0.00562797909566,0.00521257309639,0.000633900205115,0.000158475051279,0.000633900205115,0.250125756054,0.4446625698,0.250122695513
562,0.0375323315555,0.0758454417771,0.0584539350577,0.0447879597662,0.00210890593709,0.0923544133685,0.045126607886,0.071605638614,0.395623296912,0.0715518101885,0.0369093382739,0.0681003206633,1,0.5,30,20,5,2,20,0.00034682293163,8.67057329074e-05,0.00034682293163,0.0578423644118,0.00431941555637,0.0011307292866,0.00034682293163,8.67057329074e-05,0.00034682293163,0.247541082673,0.440067651123,0.247538053757
563,0.158741965636,0.0017246944444,0.0306211646466,0.0605374293628,0.0182199271733,0.18717899027,0.149985473216,0.0810737336344,0.147504850415,0.0386249358628,0.0709200807994,0.0548667545391,1,0.5,30,20,5,2,20,0.000496431976955,0.000124107994239,0.000496431976955,0.0247890990743,0.00424206171942,0.00171138838151,0.000496431976955,0.000124107994239,0.000496431976955,0.255979113719,0.455068411654,0.255975981555
564,0.191364346325,0.0545088341307,0.00729563226868,0.00457147478762,0.0737921669223,0.0213457793301,0.157055375297,0.0963770788779,0.0416840076768,0.18737306041,0.0215418176951,0.143090426278,1,0.5,30,20,5,2,20,0.000114154985643,2.85387464108e-05,0.000114154985643,0.00561655121425,0.00102156278566,0.000615759084199,0.000114154985643,2.85387464108e-05,0.000114154985643,0.262652123844,0.466931395607,0.262648910029
565,0.12175119253,0.0691185649198,0.0444441345,0.0627609473533,0.0133769278739,0.07187156116,0.184995497432,0.177946869896,0.0621390687468,0.0216831481601,0.123809245238,0.0461028421903,1,0.5,30,20,5,2,20,0.000194107844082,4.85269610204e-05,0.000194107844082,0.0664158248981,0.00127540488396,0.0010693589846,0.000194107844082,4.85269610204e-05,0.000194107844082,0.246275541642,0.437817845948,0.246272538346
566,0.0128807491832,0.0736418465326,0.0872646785375,0.14289338588,0.01956750044,0.0815503222332,0.139292818266,0.0496865000637,0.122910091958,0.0916230275716,0.15204025122,0.0266488281143,1,0.5,30,20,5,2,20,8.20038452571e-05,2.05009613143e-05,8.20038452571e-05,0.00042821852308,0.00129508033167,0.000282672932214,8.20038452571e-05,2.05009613143e-05,8.20038452571e-05,0.264079584712,0.469469072766,0.264076353431
567,0.0396524891157,0.0275471990792,0.00512290158323,0.260218796972,0.0629435749233,0.0256409924764,0.0613914846256,0.1716665624,0.102134460837,0.082553932686,0.137942364193,0.0231852411093,1,0.5,30,20,5,2,20,0.000398579643407,9.96449108519e-05,0.000398579643407,0.0105749657922,0.00397729968361,0.000886298420402,0.000398579643407,9.96449108519e-05,0.000398579643407,0.26014676554,0.462477479788,0.260143582381
568,0.115515442113,0.0290700712596,0.0290998527621,0.00801251819028,0.0570498615413,0.144101129118,0.01468521381,0.0133301289135,0.219177406494,0.0672523081233,0.163321243115,0.13938482456,1,0.5,30,20,5,2,20,0.000143066342006,3.57665855016e-05,0.000143066342006,0.00959528306099,0.00117509117983,0.000425288337247,0.000143066342006,3.57665855016e-05,0.000143066342006,0.261574260753,0.465015218003,0.261571060127
569,0.0157714855503,0.00371278749821,0.00184808694453,0.0119006520389,0.189391036288,0.0468915733704,0.189245635919,0.0643728330691,0.15787608519,0.187422020689,0.0370193101942,0.094548493248,1,0.5,30,20,5,2,20,0.000176708272311,4.41770680778e-05,0.000176708272311,0.00138997557784,0.000670744291743,0.000471761494582,0.000176708272311,4.41770680778e-05,0.000176708272311,0.263827402576,0.469020754454,0.26382417438
570,0.15135795549,0.00386364317524,0.010438204249,0.0162684620014,0.021683173804,0.152123327462,0.168358335323,0.167226956007,0.204314291493,0.0124013443019,0.0573420805961,0.034622226096,1,0.5,30,20,5,2,20,0.0011507267295,0.000287681682375,0.0011507267295,0.021025913902,0.00272166955271,0.0175421853943,0.0011507267295,0.000287681682375,0.0011507267295,0.252407789983,0.448719469366,0.252404701519
571,0.0504188946007,0.0250688723118,0.00380951444868,0.0534046202044,0.0944998299404,0.0364513580728,0.0384380627014,0.280033890576,0.0187685173351,0.130699159356,0.090796494579,0.177610785874,1,0.5,30,20,5,2,20,8.87918637473e-05,2.21979659368e-05,8.87918637473e-05,0.00451576245102,0.000919188272836,0.000673366740274,8.87918637473e-05,2.21979659368e-05,8.87918637473e-05,0.262985574109,0.467524188826,0.262982356214
572,0.572473468461,0.038291782788,0.0198548878624,0.00874256951501,0.0707447932116,0.0326143885251,0.0797038994167,0.00958394349968,0.0224384139019,0.0130212860392,0.0335216644974,0.0990089022816,1,0.5,30,20,5,2,20,0.000560453753309,0.000140113438327,0.000560453753309,0.0743562442495,0.00569537485068,0.00322934190822,0.000560453753309,0.000140113438327,0.000560453753309,0.241995500012,0.430208958137,0.241992538952
573,0.00718790698501,0.0426004233341,0.21636035467,0.134255935167,0.131563799898,0.0339832505738,0.0570482301027,0.0938573468133,0.0614446685583,0.0418041228183,0.0901114511055,0.0897825099745,1,0.5,30,20,5,2,20,0.000224530424718,5.61326061796e-05,0.000224530424718,0.0291880581622,0.00334521555629,0.0038302577624,0.000224530424718,5.61326061796e-05,0.000224530424718,0.254815078897,0.452999041735,0.254811960976
574,0.0382216119288,0.0663581305398,0.00810890522344,0.000318916158205,0.0337066183989,0.0871364276446,0.267780809283,0.0835071818595,0.0252051887461,0.0592874667738,0.266489609904,0.0638791335401,1,0.5,30,20,5,2,20,0.000132031069022,3.30077672555e-05,0.000132031069022,0.0121709548929,0.00207797329904,0.000534138218008,0.000132031069022,3.30077672555e-05,0.000132031069022,0.260637790388,0.46335040217,0.260634601221
575,0.0459220232457,0.0944525672092,0.17147655062,0.0778000591224,0.24370207132,0.039242662643,0.00688959642722,0.143615446578,0.0677301577337,0.0146245192006,0.0476226251747,0.0469217207256,1,0.5,30,20,5,2,20,0.00100967989301,0.000252419973253,0.00100967989301,0.0747762215553,0.0156604533893,0.00540116076378,0.00100967989301,0.000252419973253,0.00100967989301,0.238136479088,0.423348560439,0.238133565247
576,0.073777175108,0.00219470764357,0.349065564622,0.13102818898,0.02495708446,0.0873906004391,0.119937530787,0.0265125384491,0.00230174231213,0.0139681216609,0.0778522626873,0.0910144828501,1,0.5,30,20,5,2,20,0.000442795809027,0.000110698952257,0.000442795809027,0.00922357998144,0.00334609082785,0.00366723657974,0.000442795809027,0.000110698952257,0.000442795809027,0.25988276769,0.46200815602,0.259879587761
577,0.0794881306878,0.104170809669,0.0516101365205,0.0406895791321,0.149010411985,0.021448893972,0.0614281968909,0.0268610356062,0.0556092117755,0.330638807656,0.0456501818324,0.033394604273,1,0.5,30,20,5,2,20,3.19878110519e-05,7.99695276297e-06,3.19878110519e-05,7.02934723798e-05,8.28013238956e-05,0.000139610030222,3.19878110519e-05,7.99695276297e-06,3.19878110519e-05,0.264592679094,0.470381229395,0.264589441535
578,0.0165230860565,0.131953219829,0.0691366891098,0.0398527474586,0.024737057088,0.0798707892097,0.189096755952,0.110425906357,0.23027876986,0.0952675778522,0.00905023604089,0.00380716518619,1,0.5,30,20,5,2,20,0.00102564193,0.000256410482501,0.00102564193,0.123898950898,0.00980195689958,0.00265951767606,0.00102564193,0.000256410482501,0.00102564193,0.227390800926,0.404245366346,0.22738801857
579,0.110510694011,0.104793081515,0.00305184627481,0.0280084656893,0.0143204110905,0.190308058676,0.0460841370834,0.152179740779,0.231990824488,0.0599878276091,0.018615115265,0.0401497975199,1,0.5,30,20,5,2,20,0.000470979184742,0.000117744796186,0.000470979184742,0.00051838375018,0.00387483718148,0.0009849109174,0.000470979184742,0.000117744796186,0.000470979184742,0.262723603636,0.467058469238,0.262720388946
580,0.0462639746998,0.0308029900937,0.0339377142441,0.0580217855782,0.0711121839465,0.0284259757434,0.0457678516337,0.210403508873,0.20151254687,0.0618548012322,0.133030309983,0.0788663571013,1,0.5,30,20,5,2,20,0.000216297259976,5.40743149941e-05,0.000216297259976,0.0136509190977,0.0028222436543,0.00183251039259,0.000216297259976,5.40743149941e-05,0.000216297259976,0.259604950468,0.461514264779,0.259601773938
581,0.273301644712,0.105605410639,0.149012123162,0.141862850946,0.000428559977253,0.0170276000491,0.0718757388553,0.00159873780897,0.0418569950594,0.0128580644862,0.0631966556907,0.121375618614,1,0.5,30,20,5,2,20,0.000546368567037,0.000136592141759,0.000546368567037,0.0201084376409,0.00371404158407,0.00242803702622,0.000546368567037,0.000136592141759,0.000546368567037,0.25710870813,0.457076554923,0.257105562144
582,0.0877746231362,0.00769074832686,0.295036165999,0.161820875779,0.0450275239604,0.144195347407,0.00112583781955,0.0416067998937,0.0741714895482,0.0965392252229,0.00401288662874,0.040998476279,1,0.5,30,20,5,2,20,0.00046320954636,0.00011580238659,0.00046320954636,0.00885146608084,0.00268242191334,0.00893274640409,0.00046320954636,0.00011580238659,0.00046320954636,0.258738807414,0.459974473747,0.258735641483
583,0.0502086169512,0.0317304076062,0.138684751997,0.143378311213,0.128468878488,0.11916369409,0.0593893163797,0.0804998479904,0.142447732204,0.0591490862336,0.0450533445663,0.00182601228141,1,0.5,30,20,5,2,20,0.00122408237468,0.00030602059367,0.00122408237468,0.0775714734935,0.00577559190266,0.0145523276412,0.00122408237468,0.00030602059367,0.00122408237468,0.237335374337,0.421924391641,0.237332470298
584,0.00985906041276,0.0286497174162,0.242319875459,0.163366541198,0.11110414239,0.00463044369796,0.00155918782787,0.10868848654,0.123640520602,0.0842760528096,0.00765850274208,0.114247468905,1,0.5,30,20,5,2,20,0.000277460912102,6.93652280255e-05,0.000277460912102,0.0566306286171,0.00617565725757,0.00151378533279,0.000277460912102,6.93652280255e-05,0.000277460912102,0.247351701681,0.439730977925,0.247348675083
585,0.0691125618678,0.0178377554058,0.0738354121604,0.0774615869267,0.278576149553,0.0528598804721,0.0451209300405,0.0345747484755,0.0699595068063,0.108174333712,0.0974503094828,0.075036825097,1,0.5,30,20,5,2,20,0.000423881074922,0.00010597026873,0.000423881074922,0.0228925476653,0.00125996468173,0.0012767328222,0.000423881074922,0.00010597026873,0.000423881074922,0.257472010903,0.457722418618,0.257468860473
586,0.0874124550308,0.0250345898005,0.00154158894688,0.0393752632153,0.0813762931862,0.402450024308,0.107481174786,0.0331451841273,0.0351490962672,0.039037027157,0.106034105186,0.0419631979892,1,0.5,30,20,5,2,20,0.000403504638519,0.00010087615963,0.000403504638519,0.032384966251,0.00477658429492,0.000953850140585,0.000403504638519,0.00010087615963,0.000403504638519,0.25413815285,0.451795632378,0.254135043212
587,0.0656573902215,0.0529681273544,0.0113921828405,0.054425459833,0.0345691123342,0.0962490292833,0.0599381322863,0.249352548924,0.0827865094357,0.0567114294209,0.235857923635,9.21544312404e-05,1,0.5,30,20,5,2,20,0.000198585622825,4.96464057062e-05,0.000198585622825,0.00209946812005,0.00032849054507,0.00123640675227,0.000198585622825,4.96464057062e-05,0.000198585622825,0.263501723493,0.468441776503,0.263498499283
588,0.00221125955524,0.440103969048,0.107924514768,0.0241160044901,0.000843581232573,0.0386644071602,0.0603001425212,0.0161867082002,0.178239626662,0.0319761236293,0.0140367313712,0.085396931362,1,0.5,30,20,5,2,20,0.00104692066685,0.000261730166714,0.00104692066685,0.0165566660655,0.00676200404878,0.0028228892618,0.00104692066685,0.000261730166714,0.00104692066685,0.256541298667,0.456067839332,0.256538159624
589,0.20709259418,0.014844949764,0.00502953360714,0.0193261123334,0.193272220082,0.0349724977954,0.0195354504245,0.0358379629203,0.0183192023504,0.385039544659,0.00465978317936,0.0620701487036,1,0.5,30,20,5,2,20,3.07818201286e-05,7.69545503215e-06,3.07818201286e-05,0.0133666088294,0.000357047895141,0.000190087079078,3.07818201286e-05,7.69545503215e-06,3.07818201286e-05,0.260988512357,0.463973904415,0.260985321234
590,0.04894517319,0.283277986641,0.0808709941561,0.0108303278998,0.243750797048,0.0210535168063,0.0463094076597,0.0217252768359,0.00787193141891,0.00831899437117,0.223524396575,0.00352119739689,1,0.5,30,20,5,2,20,0.000312428848094,7.81072120235e-05,0.000312428848094,0.00693168907415,0.00127868799901,0.00243381472417,0.000312428848094,7.81072120235e-05,0.000312428848094,0.261518497178,0.464916083973,0.261515297235
591,0.0308005914337,0.0304958079806,0.0339663321319,0.0544348401262,0.102285439296,0.331958115754,0.118147777989,0.0531478234641,0.0609648314783,0.0376096860411,0.127948012611,0.0182407416942,1,0.5,30,20,5,2,20,0.000330749448268,8.2687362067e-05,0.000330749448268,0.0428787046229,0.0100167177099,0.00145576925286,0.000330749448268,8.2687362067e-05,0.000330749448268,0.249927069878,0.444309354252,0.249924011767
592,0.125417851427,0.112120112048,0.00922034615337,0.13518996296,0.146266557048,0.301960815104,0.00429861736383,0.0650484809162,0.023705117364,0.0465215274023,0.0276003650055,0.00265024720675,1,0.5,30,20,5,2,20,0.000282242561966,7.05606404914e-05,0.000282242561966,0.168047141698,0.00402623414525,0.013734647275,0.000282242561966,7.05606404914e-05,0.000282242561966,0.215187141,0.382550236386,0.215184507967
593,0.253918468645,0.0996359167428,0.0101383311886,0.0737348814054,0.0887101915269,0.0533227049732,0.0759005868438,0.102723008884,0.090840201379,0.0185685601331,0.105518542923,0.0269886053547,1,0.5,30,20,5,2,20,0.000545618869922,0.000136404717481,0.000545618869922,0.0571226185857,0.00743132406513,0.000436776452209,0.000545618869922,0.000136404717481,0.000545618869922,0.246854749317,0.438847517866,0.246851728799
594,0.0945341607261,0.0179777750632,0.0729680391468,0.0290244307988,0.0568813065498,0.159849164145,0.191054011994,0.248647078117,0.00685984159982,0.0153237120339,0.0646074834909,0.0422729963336,1,0.5,30,20,5,2,20,0.000629111628933,0.000157277907233,0.000629111628933,0.00836902358066,0.00618068831862,0.00596240161992,0.000629111628933,0.000157277907233,0.000629111628933,0.258529148279,0.459601750958,0.258525984914
595,0.0717571814708,0.0563221402672,0.0400500650105,0.0458799936237,0.228800388571,0.124517808938,0.0967866396324,0.130128855036,0.0146575177455,0.0507814480974,0.0960962989085,0.0442216626989,1,0.5,30,20,5,2,20,0.000607546484161,0.00015188662104,0.000607546484161,0.00852073259267,0.00274357139281,0.00202694969542,0.000607546484161,0.00015188662104,0.000607546484161,0.260466257676,0.463045458857,0.260463070607
596,0.0656289573744,0.107020654613,0.0245553041065,0.0763642169339,0.261050703743,0.0422480975574,0.0701787964345,0.0422229610735,0.205185208877,0.0474072272282,0.040425688879,0.0177121831803,1,0.5,30,20,5,2,20,0.00158273100819,0.000395682752048,0.00158273100819,0.0765099234472,0.0084639491512,0.00685529435229,0.00158273100819,0.000395682752048,0.00158273100819,0.238514995689,0.424021470607,0.238512077216
597,0.104662348114,0.0136218411291,0.0143352548665,0.105567798107,0.0455724962759,0.00703555731648,0.0490463899775,0.0887664850332,0.189947026934,0.0400936449428,0.114417470935,0.226933686369,1,0.5,30,20,5,2,20,0.000120180557695,3.00451394237e-05,0.000120180557695,0.0292098672043,0.000940907218061,0.000675691016059,0.000120180557695,3.00451394237e-05,0.000120180557695,0.256405086261,0.455825686906,0.256401948885
598,0.0530450958093,0.0481934337165,0.0383423059349,0.0883770003553,0.115009087066,0.095456743564,0.0678355044691,0.112269836392,0.0110423674118,0.0478884764443,0.00772364912451,0.314816499712,1,0.5,30,20,5,2,20,0.000109424667563,2.73561668907e-05,0.000109424667563,0.0169337886873,0.00148556617009,0.00124967287919,0.000109424667563,2.73561668907e-05,0.000109424667563,0.259371364503,0.461099005924,0.259368190832
599,0.0262587240787,0.0752939848359,0.186389760399,0.0587936507395,0.0205903409683,0.0343608993014,0.14730342016,0.281221251595,0.00104429480968,0.037163068952,0.0816415131892,0.0499390909712,1,0.5,30,20,5,2,20,0.000599915112083,0.000149978778021,0.000599915112083,0.00733565956714,0.00534506113344,0.00162819950164,0.000599915112083,0.000149978778021,0.000599915112083,0.26020596333,0.462582719016,0.260202779447
600,0.00718087769635,0.0441692798859,0.236569706021,0.162724444371,0.141333384599,0.100629394377,0.040525989284,0.00819541380957,0.0544124479233,0.0759102220494,0.0848686041802,0.0434802358038,1,0.5,30,20,5,2,20,0.000294311078222,7.35777695554e-05,0.000294311078222,0.00307650451849,0.0028538114469,0.00146913517059,0.000294311078222,7.35777695554e-05,0.000294311078222,0.262398988501,0.466481382727,0.262395777784
601,0.0291741686632,0.0386179469167,0.116987440809,0.116410853632,0.0256759255335,0.123936162972,0.00989996164665,0.00108718940774,0.279037605585,0.00420090239174,0.0384385138558,0.216533328587,1,0.5,30,20,5,2,20,0.000105705935082,2.64264837705e-05,0.000105705935082,0.00117285958122,0.000290578917024,0.00252165850501,0.000105705935082,2.64264837705e-05,0.000105705935082,0.263527460286,0.468487530242,0.263524235761
602,0.0656552756616,0.036573999787,0.0705288043413,0.231885578979,0.0108006809548,0.00915011799493,0.0483003024825,0.0286675118059,0.0173887227313,0.220884369796,0.0298324887901,0.230332146675,1,0.5,30,20,5,2,20,8.60202167026e-05,2.15050541757e-05,8.60202167026e-05,0.000867735277099,0.000438407214163,0.00022932301482,8.60202167026e-05,2.15050541757e-05,8.60202167026e-05,0.264199347363,0.46968198154,0.264196114616
603,0.331538503172,0.0762576658127,0.00407998947382,0.0703117377141,0.140501220702,0.077764710994,0.050047113833,0.0906313950161,0.0465143321976,0.0468629660688,0.0292722798947,0.0362180851209,1,0.5,30,20,5,2,20,0.000585832224143,0.000146458056036,0.000585832224143,0.108313944514,0.015232366938,0.00145044050337,0.000585832224143,0.000146458056036,0.000585832224143,0.230922754902,0.410524318806,0.230919929328
604,0.123467524289,0.053744286789,0.0168890525999,0.103093573482,0.000438143523474,0.0742863668371,0.0153569619931,0.061628407371,0.342241008894,0.100883967186,0.0540861686736,0.0538845383604,1,0.5,30,20,5,2,20,0.000398022415332,9.95056038331e-05,0.000398022415332,0.0304708086627,0.00703651889107,0.000322949648474,0.000398022415332,9.95056038331e-05,0.000398022415332,0.254220157747,0.451941417077,0.254217047106
605,0.00128431266915,0.073198566893,0.0331925362799,0.116701253086,0.000499691001431,0.0493605002782,0.108575461417,0.232490286875,0.102163221185,0.0107001393679,0.0229383859418,0.248895645006,1,0.5,30,20,5,2,20,9.78679928496e-05,2.44669982124e-05,9.78679928496e-05,0.000403375316116,0.000352411245141,0.000501328535838,9.78679928496e-05,2.44669982124e-05,9.78679928496e-05,0.264258916097,0.469787880216,0.264255682622
606,0.012704933478,0.041730929609,0.0883158361148,0.0719612571733,0.134064801586,0.142046397569,0.00656972194149,0.0950689437103,0.0904809649091,0.0516828647451,0.0803850961018,0.184988253061,1,0.5,30,20,5,2,20,9.47791361912e-05,2.36947840478e-05,9.47791361912e-05,0.00144462133041,0.000359030308943,0.00221790982183,9.47791361912e-05,2.36947840478e-05,9.47791361912e-05,0.263530823706,0.468493509581,0.263527599139
607,0.0194622027896,0.189412851179,0.0539962407613,0.0570430583528,0.00801492239922,0.0562374691013,0.169694851149,0.131505068338,0.00203584900386,0.251851904935,0.0109387613218,0.0498068206691,1,0.5,30,20,5,2,20,0.000180745148746,4.51862871865e-05,0.000180745148746,0.0249462289088,0.00182271242637,0.000337233002907,0.000180745148746,4.51862871865e-05,0.000180745148746,0.257317734294,0.457448152447,0.257314585751
608,0.0474270780242,0.237544083233,0.0534174682533,0.0653348430271,0.109327221794,0.010467953183,0.00994927437301,0.0479348478185,0.341893001213,0.0118953068671,0.0541170018276,0.0106919203866,1,0.5,30,20,5,2,20,0.00214706574013,0.000536766435033,0.00214706574013,0.0140159127067,0.0151031309455,0.00425996531587,0.00214706574013,0.000536766435033,0.00214706574013,0.253315007234,0.450332280299,0.253311907668
609,0.108938581832,0.0118803893596,0.068253588035,0.301673314591,0.0620790252872,0.0490061678039,0.0341394803718,0.0506851629718,0.12772720306,0.0514069249563,0.0833776899419,0.0508324717886,1,0.5,30,20,5,2,20,0.000525695210849,0.000131423802712,0.000525695210849,0.0248790874317,0.00317309332281,0.00793507004545,0.000525695210849,0.000131423802712,0.000525695210849,0.254555939868,0.452538355765,0.254552825118
610,0.0361602337119,0.038945328143,0.0713867472652,0.055279460666,0.184251964775,0.0601596198964,0.15583381024,0.0621282683974,0.0317963421105,0.045555700682,0.0969294538538,0.161573070259,1,0.5,30,20,5,2,20,0.000246104830215,6.15262075539e-05,0.000246104830215,0.00889991478327,0.000982332184598,0.00248011981335,0.000246104830215,6.15262075539e-05,0.000246104830215,0.261142686382,0.464247984065,0.261139491036
611,0.0846200972802,0.127965311307,0.0537176676146,0.0764978859253,0.140099587518,0.0251834021766,0.00146476040349,0.0636360379182,0.0471669648896,0.264893011926,0.0932062813476,0.0215489916932,1,0.5,30,20,5,2,20,6.63168478823e-05,1.65792119706e-05,6.63168478823e-05,0.012714675854,0.00203995488248,0.000127166790033,6.63168478823e-05,1.65792119706e-05,6.63168478823e-05,0.260689933384,0.463443099695,0.260686743579
612,0.000810677494024,0.204869225836,0.104330078278,0.134609026965,0.0360805373322,0.0300215143312,0.115408657829,0.234701004081,0.0342609960076,0.0163897536314,0.0124824615215,0.0760360666923,1,0.5,30,20,5,2,20,0.00172078313989,0.000430195784973,0.00172078313989,0.0792933493549,0.00584423250251,0.00242600800339,0.00172078313989,0.000430195784973,0.00172078313989,0.239479683265,0.425736449757,0.239476752988
613,0.0438228426399,0.09226527446,0.0949139595904,0.189281799621,0.093657881446,0.0239833119908,0.14967260054,0.0834665656854,0.147591959049,0.00795435187634,0.0304925452117,0.0428969078896,1,0.5,30,20,5,2,20,0.000363535232827,9.08838082068e-05,0.000363535232827,0.220102452244,0.00276082575256,0.0108974096968,0.000363535232827,9.08838082068e-05,0.000363535232827,0.20239683962,0.359812201049,0.20239436309
614,0.0321144045771,0.015499067838,0.124943554528,0.0871440601882,0.141653471782,0.00303780376654,0.279126260222,0.0462487737162,0.12695847186,0.0119243359828,0.113268282071,0.0180815134676,1,0.5,30,20,5,2,20,0.000576100240954,0.000144025060238,0.000576100240954,0.0422195656345,0.00801641744335,0.00735350734756,0.000576100240954,0.000144025060238,0.000576100240954,0.248777606127,0.442265889512,0.248774562851
615,0.0361357211958,0.0549195635615,0.113899533189,0.0485372350557,0.00435284817753,0.0434856249137,0.0463674020213,0.0549825383565,0.140661593251,0.10742538128,0.163730232888,0.185502326109,1,0.5,30,20,5,2,20,4.51152996632e-05,1.12788249158e-05,4.51152996632e-05,0.00238888398417,0.00144044606847,0.000150003039561,4.51152996632e-05,1.12788249158e-05,4.51152996632e-05,0.26360116083,0.468618551827,0.263597935403
616,0.0581011330434,0.0545859397871,0.105865783688,0.0545248674377,0.0643086399574,0.0566529485269,0.0645903102612,0.0171639824247,0.0944762944028,0.0844884865482,0.257703178983,0.0875384349396,1,0.5,30,20,5,2,20,8.2139009814e-05,2.05347524535e-05,8.2139009814e-05,0.000792176467464,0.000304397627868,0.000367016513851,8.2139009814e-05,2.05347524535e-05,8.2139009814e-05,0.264222996486,0.469724023911,0.26421976345
617,0.0302955532918,0.0395329262344,0.0233873262488,0.00214765533184,0.101002666988,0.0638468700573,0.24129597265,0.303708435744,0.0214474028892,0.0201493346752,0.132192162513,0.0209936933769,1,0.5,30,20,5,2,20,0.000147086870577,3.67717176444e-05,0.000147086870577,0.0334604292887,0.0106608743428,0.00019090357342,0.000147086870577,3.67717176444e-05,0.000147086870577,0.252803244478,0.449422500736,0.252800156664
618,0.0934085582935,0.0700577717946,0.193238756192,0.0731456342042,0.0305557401482,0.0281758188971,0.124775460506,0.0702366524508,0.0316672732562,0.126914200617,0.0517556683407,0.1060684653,1,0.5,30,20,5,2,20,0.000135875797982,3.39689494954e-05,0.000135875797982,0.00121836066262,0.000853563549033,0.00104827181817,0.000135875797982,3.39689494954e-05,0.000135875797982,0.263720468767,0.468830652232,0.26371724188
619,0.0388587759234,0.222585309145,0.038143604226,0.0611579319722,0.132867705027,0.0929392181766,0.146564738664,0.0370392346656,0.0560917325027,0.0564702276838,0.0461175617746,0.071163960239,1,0.5,30,20,5,2,20,0.000644545270589,0.000161136317647,0.000644545270589,0.0136666135255,0.00295754979036,0.00333434052346,0.000644545270589,0.000161136317647,0.000644545270589,0.258657308981,0.459829589416,0.258654144047
620,0.0442968871398,0.0933331108345,0.0286891105499,0.131462603785,0.00497288077317,0.00903985362909,0.025652682973,0.0429213921099,0.246681022601,0.106868123551,0.160674458529,0.105407873525,1,0.5,30,20,5,2,20,0.000132343700683,3.30859251708e-05,0.000132343700683,0.00457381322944,0.00191669174761,0.000378583355554,0.000132343700683,3.30859251708e-05,0.000132343700683,0.262732313383,0.467073953044,0.262729098587
621,0.0268846808961,0.0983409454084,0.0554049980497,0.020600771051,0.110078314864,0.15109980784,0.0422294905416,0.228656628496,0.165911905844,0.00351957968398,0.0205385911014,0.0767342862238,1,0.5,30,20,5,2,20,0.00105276394143,0.000263190985357,0.00105276394143,0.0568973474305,0.00488415293831,0.0184197275013,0.00105276394143,0.000263190985357,0.00105276394143,0.242224297236,0.430615703781,0.242221333377
622,0.031756180389,0.169051175428,0.0164499924225,0.0950270583283,0.151540054414,0.0299232929168,0.138220521519,0.0940286016428,0.0403951691116,0.09229941442,0.0574519553354,0.0838565840729,1,0.5,30,20,5,2,20,0.000439619587491,0.000109904896873,0.000439619587491,0.0180289163729,0.00230402998526,0.00165632055982,0.000439619587491,0.000109904896873,0.000439619587491,0.25836385406,0.459307898162,0.258360692716
623,0.0542471717317,0.0039039193895,0.0217962433734,0.0845844070812,0.158971324057,0.251189309347,0.0975333846827,0.0500344132568,0.120330984549,0.144210406114,0.00960979851405,0.00358863790333,1,0.5,30,20,5,2,20,0.00063942929318,0.000159857323295,0.00063942929318,0.071110112242,0.00202295195036,0.00514992915487,0.00063942929318,0.000159857323295,0.00063942929318,0.243224428704,0.432393693523,0.243221452607
624,0.0181750200148,0.0378733807535,0.0219505821225,0.139928455283,0.137414149186,0.0287728189138,0.0986257710845,0.161154884329,0.0944291248439,0.145616825695,0.064210433564,0.0518485542099,1,0.5,30,20,5,2,20,0.000196488424471,4.91221061178e-05,0.000196488424471,0.00228863776978,0.00109953797109,0.00113376081055,0.000196488424471,4.91221061178e-05,0.000196488424471,0.263277215483,0.468042656035,0.26327399402
625,0.0398899882221,0.0176121730855,0.0120360231303,0.0657672508362,0.067979134851,0.324093825801,0.122711973691,0.101133033211,0.138654338498,0.100166509293,0.00391752153281,0.00603822784842,1,0.5,30,20,5,2,20,0.000700222191557,0.000175055547889,0.000700222191557,0.0840848302667,0.00349196350118,0.0114501974341,0.000700222191557,0.000175055547889,0.000700222191557,0.237660905323,0.422503106313,0.237657997301
626,0.0799262615363,0.126827134875,0.0465029161589,0.0942956089256,0.0772090289576,0.221162205416,0.0827166336713,0.132093366129,0.00391560079716,0.0860393496274,0.0391705432375,0.0101413506691,1,0.5,30,20,5,2,20,0.000519067161951,0.000129766790488,0.000519067161951,0.0170079932312,0.00781547526806,0.00533237049669,0.000519067161951,0.000129766790488,0.000519067161951,0.25610745801,0.45529657649,0.256104324276
627,0.0895315099708,0.0104223105428,0.00240922473143,0.0259908058949,0.0204498514525,0.0327208932723,0.0824290045376,0.0129853032818,0.113128271463,0.231177724449,0.30055304708,0.0782020533242,1,0.5,30,20,5,2,20,6.79312475358e-06,1.69828118839e-06,6.79312475358e-06,1.16744713714e-05,6.10137316804e-05,8.4060495161e-06,6.79312475358e-06,1.69828118839e-06,6.79312475358e-06,0.264678705749,0.4705341638,0.264675467137
628,0.0234597260903,0.227265879874,0.065862965746,0.0563843344826,0.0816357633021,0.068921593802,0.149074520978,0.116136695946,0.0731374264466,0.0682270829217,0.00934386641816,0.0605501439923,1,0.5,30,20,5,2,20,0.000387155386636,9.6788846659e-05,0.000387155386636,0.011082637518,0.00992625306986,0.0044014988648,0.000387155386636,9.6788846659e-05,0.000387155386636,0.257520749337,0.457809063661,0.25751759831
629,0.0635825445681,0.010580340119,0.00618641288659,0.183937176851,0.0766184221114,0.000741082951824,0.0141184339619,0.212000385716,0.190881383899,0.0332806442284,0.146816129531,0.0612570431753,1,0.5,30,20,5,2,20,0.000302933331265,7.57333328162e-05,0.000302933331265,0.00407360112349,0.00230637552622,0.00127474675915,0.000302933331265,7.57333328162e-05,0.000302933331265,0.262321145104,0.466342996158,0.262317935339
630,0.0173799119836,0.0960800637516,0.0391813039326,0.0816528402366,0.0108487509923,0.0335537305257,0.0512699014097,0.0438054815884,0.149613538674,0.17639445248,0.209409079697,0.0908109447288,1,0.5,30,20,5,2,20,4.58382784895e-05,1.14595696224e-05,4.58382784895e-05,0.00120851553408,0.000120506674586,0.00107514372031,4.58382784895e-05,1.14595696224e-05,4.58382784895e-05,0.264017259392,0.469358273553,0.264014028873
631,0.0454573999146,0.0722005596623,0.110007592995,0.191310668785,0.0384998735735,0.10787442317,0.100512424484,0.0243008146576,0.133070057808,0.145557795906,0.0269945183497,0.00421387069279,1,0.5,30,20,5,2,20,0.000520332167421,0.000130083041855,0.000520332167421,0.0357708402889,0.00372386288461,0.00459601752292,0.000520332167421,0.000130083041855,0.000520332167421,0.252417272808,0.448736327515,0.252414184227
632,0.0022610863749,0.00388026218806,0.0169063750677,0.284306281664,0.164058080645,0.018285610052,0.141993637231,0.0280546648089,0.0812902314063,0.00916393931936,0.157223043252,0.0925767879912,1,0.5,30,20,5,2,20,0.000200533437066,5.01333592666e-05,0.000200533437066,0.00248012267656,0.00292585627201,0.000522822819204,0.000200533437066,5.01333592666e-05,0.000200533437066,0.262899988267,0.467372038079,0.262896771419
633,0.0801628679953,0.00223261548966,0.00393207020352,0.0898384026023,0.122784629094,0.0385061478327,0.209108791927,0.0120286189908,0.0786827772983,0.0697685678427,0.221321624216,0.0716328865075,1,0.5,30,20,5,2,20,0.000178488358815,4.46220897036e-05,0.000178488358815,0.00310007920745,0.0013646296336,0.00022624662658,0.000178488358815,4.46220897036e-05,0.000178488358815,0.263253916227,0.468001235642,0.263250695049
634,0.041462365674,0.0108511166366,0.0306727127742,0.00555637074988,0.139395374199,0.219602448928,0.0249844455091,0.135106926895,0.0754198688636,0.0854393945007,0.214339374946,0.0171696003241,1,0.5,30,20,5,2,20,0.000160857212127,4.02143030318e-05,0.000160857212127,0.00278077814364,0.00227017634003,0.000224283259273,0.000160857212127,4.02143030318e-05,0.000160857212127,0.263120253876,0.467763616593,0.263117034333
635,0.0263588535572,0.120496875854,0.0828970932932,0.163470309882,0.0648721134996,0.0367438666196,0.127190763648,0.0154156255109,0.281118053339,0.0125429321306,0.0677267470348,0.00116676563043,1,0.5,30,20,5,2,20,0.00155796302317,0.000389490755794,0.00155796302317,0.0711723563159,0.0168643986174,0.00877526306669,0.00155796302317,0.000389490755794,0.00155796302317,0.237225497145,0.421729056801,0.23722259445
636,0.0583930573172,0.225167319352,0.0235278710029,0.0120733280114,0.0460711481611,0.00436949454869,0.15309853877,0.0951178359784,0.0809477586976,0.145176594664,0.104464992472,0.0515920610254,1,0.5,30,20,5,2,20,0.000110108226645,2.75270566612e-05,0.000110108226645,0.0128669059239,0.00173926728928,0.00156572251414,0.000110108226645,2.75270566612e-05,0.000110108226645,0.26029627,0.462743262242,0.260293085011
637,0.156221372179,0.2008854337,0.0139227406096,0.0576998337452,0.183162685635,0.101543385176,0.0209123682587,0.030193490508,0.0673861501613,0.0421114983639,0.0854050813214,0.0405559603418,1,0.5,30,20,5,2,20,0.000211109848412,5.27774621029e-05,0.000211109848412,0.0484576192228,0.00975809339063,0.00105935275368,0.000211109848412,5.27774621029e-05,0.000211109848412,0.248766192956,0.44224559831,0.248763149049
638,0.13226705632,0.0423121752419,0.00724682251183,0.181572412238,0.0589663993782,0.00824201316781,0.274816913141,0.0181746851474,0.0784793688508,0.0559174198302,0.102661473445,0.0393432607278,1,0.5,30,20,5,2,20,0.000254456635936,6.36141589839e-05,0.000254456635936,0.00270701152735,0.00382821068341,0.000868426966687,0.000254456635936,6.36141589839e-05,0.000254456635936,0.262445351346,0.466563804554,0.262442140061
639,0.144446482796,0.20502181739,0.0822209633283,0.0894693419117,0.0457397965107,0.0483108027306,0.0199340172654,0.063034903896,0.0373888482588,0.018096209779,0.115495779025,0.130841037109,1,0.5,30,20,5,2,20,0.000254047131966,6.35117829915e-05,0.000254047131966,0.00656302035661,0.000579916104425,0.00262629000257,0.000254047131966,6.35117829915e-05,0.000254047131966,0.261819651285,0.465451462501,0.261816447657
640,0.133918990122,0.0597332494387,0.0358371153763,0.0746789145067,0.0326983026101,0.136617458825,0.00608991346581,0.0653644403454,0.139860145291,0.0235758479084,0.116324215589,0.175301406521,1,0.5,30,20,5,2,20,0.000285343417971,7.13358544928e-05,0.000285343417971,0.00887512885601,0.00164806290347,0.00105434797592,0.000285343417971,7.13358544928e-05,0.000285343417971,0.261303696083,0.464534220032,0.261300498768
641,0.0580938836279,0.207791003051,0.0177093204007,0.015847366399,0.161545001079,0.0115709617085,0.0253859749731,0.119864147268,0.114230749595,0.138402541242,0.0786260696731,0.0509329809824,1,0.5,30,20,5,2,20,0.000164891369961,4.12228424902e-05,0.000164891369961,0.00307510604056,0.00145314030175,0.000992940529907,0.000164891369961,4.12228424902e-05,0.000164891369961,0.263050343672,0.467639333306,0.263047124985
642,0.0474502849607,0.0984589479681,0.0226269024557,0.0421208209352,0.00707884756984,0.00149632099475,0.0371565829369,0.0843479882409,0.453625161959,0.0222663268737,0.0627762900385,0.120595525067,1,0.5,30,20,5,2,20,0.000647622032847,0.000161905508212,0.000647622032847,0.0292835734637,0.000827895586282,0.00302311415614,0.000647622032847,0.000161905508212,0.000647622032847,0.255165826886,0.453622586087,0.255162704674
643,0.08660017011,0.0101379937163,0.0187721281699,0.207667810368,0.0681542642435,0.0467239492676,0.0308126463146,0.0989022145772,0.117626781938,0.106980503291,0.173206182683,0.0344153553207,1,0.5,30,20,5,2,20,0.000220273002294,5.50682505735e-05,0.000220273002294,0.0140986106142,0.00301234661741,0.00024370252005,0.000220273002294,5.50682505735e-05,0.000220273002294,0.259851955719,0.461953379852,0.259848776167
644,0.061311504455,0.13978866624,0.298087819573,0.0331576674798,0.0871340081297,0.1460150027,0.0563671877194,0.043561694829,0.0137015354995,0.00361488033966,0.10767352418,0.00958650885518,1,0.5,30,20,5,2,20,0.000731099154428,0.000182774788607,0.000731099154428,0.0533048067766,0.00734805228979,0.00441557504571,0.000731099154428,0.000182774788607,0.000731099154428,0.246613235774,0.438418165708,0.246610218211
645,0.220915240587,0.0214693488426,0.16335065298,0.0275186625863,0.00356421089352,0.0130528030677,0.00335947665286,0.241374362502,0.130297557179,0.142294336744,0.0274302425988,0.00537310536514,1,0.5,30,20,5,2,20,0.000574563517817,0.000143640879454,0.000574563517817,0.0132961224637,0.00550287542778,0.00155065011361,0.000574563517817,0.000143640879454,0.000574563517817,0.258637131255,0.459793718342,0.258633966568
646,0.00512144966233,0.31376622378,0.0535643494286,0.0170150701987,0.0676363269051,0.0148716875436,0.176794400199,0.0832320194118,0.0910183648136,0.113271530439,0.0411548126681,0.0225537649504,1,0.5,30,20,5,2,20,0.000593587819589,0.000148396954897,0.000593587819589,0.0535739128718,0.00543516874916,0.00309391585541,0.000593587819589,0.000148396954897,0.000593587819589,0.247562013098,0.440104860312,0.247558983926
647,0.0416168325688,0.0149624626291,0.134406987972,0.126797781614,0.058899517167,0.144486459334,0.0139448301025,0.0357600279757,0.0907832654743,0.0370042918041,0.190026018187,0.111311525172,1,0.5,30,20,5,2,20,0.000123808643146,3.09521607864e-05,0.000123808643146,0.00564104554485,0.000358436841993,0.00353635611647,0.000123808643146,3.09521607864e-05,0.000123808643146,0.262036569426,0.465837090033,0.262033363143
648,0.0400475033139,0.0517661372114,0.0645785100938,0.030270676067,0.0279722158105,0.0106506382191,0.0696299320827,0.00842084286811,0.0166986901788,0.0939432340264,0.549838971198,0.0361826489305,1,0.5,30,20,5,2,20,6.12784361949e-06,1.53196090487e-06,6.12784361949e-06,3.57227457397e-05,0.000143058892481,1.12749336779e-05,6.12784361949e-06,1.53196090487e-06,6.12784361949e-06,0.264650654997,0.470484296406,0.264647416728
649,0.0725081965519,0.0809682841004,0.0917001371123,0.0757554492,0.0146255337436,0.0904119917693,0.0728785030008,0.154999449785,0.157939554449,0.0613363627731,0.0370406833858,0.0898358541287,1,0.5,30,20,5,2,20,0.000249183671939,6.22959179848e-05,0.000249183671939,0.000881815067505,0.00117238230151,0.000655331265945,0.000249183671939,6.22959179848e-05,0.000249183671939,0.263694204933,0.468783961542,0.263690978367
650,0.112221277959,0.000680425974863,0.104043999323,0.0369087402324,0.0398020613779,0.0254000460719,0.0196010418942,0.132263304456,0.00750394461753,0.258861500204,0.0419845393196,0.22072911857,1,0.5,30,20,5,2,20,4.0209627402e-05,1.00524068505e-05,4.0209627402e-05,0.0145937615197,0.000244609171273,0.000511050367368,4.0209627402e-05,1.00524068505e-05,4.0209627402e-05,0.260597246721,0.463278328894,0.260594060003
651,0.0450775833004,0.00411701358624,0.117505815142,0.152782207663,0.199862046614,0.12668161335,0.028898682154,0.0628003139702,0.12630903837,0.073322320304,0.0239519809956,0.0386913845504,1,0.5,30,20,5,2,20,0.000743303787012,0.000185825946753,0.000743303787012,0.035258508022,0.00806397998066,0.00259738481645,0.000743303787012,0.000185825946753,0.000743303787012,0.251667480189,0.447403379168,0.251664400782
652,0.0751891527661,0.0101498027818,0.0962904100854,0.0180745515359,0.166548342695,0.0246729338643,0.00527566987681,0.0931532585504,0.123651299598,0.0993351943415,0.0894488304773,0.198210553427,1,0.5,30,20,5,2,20,5.99303599608e-05,1.49825899902e-05,5.99303599608e-05,0.00437839683537,0.000315512266691,0.000796354592522,5.99303599608e-05,1.49825899902e-05,5.99303599608e-05,0.263183557503,0.467876154997,0.263180337186
653,0.00129096455165,0.112683375015,0.0641933504127,0.0163739932976,0.00914427089286,0.105926362819,0.247247670738,0.0925215129335,0.082300056964,0.170599424797,0.0112854113417,0.0864336062358,1,0.5,30,20,5,2,20,8.75460036214e-05,2.18865009053e-05,8.75460036214e-05,0.000221504367712,0.000765057320697,0.000217061876141,8.75460036214e-05,2.18865009053e-05,8.75460036214e-05,0.264285371169,0.46983491088,0.26428213737
654,0.0362982127124,0.0239160705839,0.131937410188,0.0670503344272,0.0107420995159,0.128331729818,0.0095426003904,0.102116741866,0.101425851437,0.126595927219,0.0613193966327,0.200723625209,1,0.5,30,20,5,2,20,0.000145162340959,3.62905852398e-05,0.000145162340959,0.00455716744595,0.000553664395275,0.00103287551814,0.000145162340959,3.62905852398e-05,0.000145162340959,0.262909058321,0.467388162423,0.262905841363
655,0.173497077833,0.0433420841133,0.0437927460981,0.00440194277353,0.161282005538,0.0123606782152,0.0527996246961,0.186235045574,0.0412436611821,0.0666491520878,0.20046656023,0.0139294216593,1,0.5,30,20,5,2,20,0.000303085127146,7.57712817864e-05,0.000303085127146,0.0238222378056,0.00396913907145,0.000789307621058,0.000303085127146,7.57712817864e-05,0.000303085127146,0.256781689455,0.456495195504,0.256778547471
656,0.0167448606551,0.107699273626,0.0582236144699,0.0567726406735,0.0405714050016,0.154359948094,0.232123046103,0.0578977111778,0.170208878805,0.0225629619407,0.00276306689634,0.0800725925571,1,0.5,30,20,5,2,20,0.00105514838102,0.000263787095255,0.00105514838102,0.0137133031485,0.00236785671683,0.0127544973704,0.00105514838102,0.000263787095255,0.00105514838102,0.255818347952,0.454782609343,0.255815217755
657,0.0410215034758,0.0475230756345,0.0280966274944,0.0930582809273,0.099117894167,0.378182871242,0.0512337630535,0.00294900519034,0.0386493394135,0.0102682720661,0.0808679325137,0.129031434821,1,0.5,30,20,5,2,20,0.000190336374262,4.75840935655e-05,0.000190336374262,0.00374524358404,0.00389185257511,0.00213679703436,0.000190336374262,4.75840935655e-05,0.000190336374262,0.261894307401,0.465584182861,0.261891102859
658,0.141337126765,0.0323319182735,0.373100581364,0.0785448236518,0.0585412260764,0.0365731248908,0.0977350973489,0.0228301219602,0.0971954644819,0.0106786094613,0.00773265322805,0.0433992524979,1,0.5,30,20,5,2,20,0.00198206836978,0.000495517092446,0.00198206836978,0.182189290046,0.0209597209778,0.00666523831425,0.00198206836978,0.000495517092446,0.00198206836978,0.206807683809,0.367653605881,0.206805153308
659,0.0600151285634,0.00712579357466,0.00820537353591,0.212986233319,0.0426374986864,0.0950371841741,0.0214653644283,0.116897027651,0.126718081074,0.0489592549031,0.242081104007,0.017871956083,1,0.5,30,20,5,2,20,6.72470009926e-05,1.68117502482e-05,6.72470009926e-05,0.000237626885481,0.000474451506706,0.000352521816846,6.72470009926e-05,1.68117502482e-05,6.72470009926e-05,0.264346351712,0.469943319408,0.264343117167
660,0.0564934383768,0.0224092178654,0.0814750964873,0.116292111971,0.128158411575,0.0815717589603,0.0524676344582,0.135468746323,0.117839640307,0.158066702777,0.0284276967791,0.0213295441192,1,0.5,30,20,5,2,20,0.000286236803678,7.15592009196e-05,0.000286236803678,0.0243245024582,0.00307357664102,0.000930173879425,0.000286236803678,7.15592009196e-05,0.000286236803678,0.256868579671,0.456649665109,0.256865436624
661,0.0878547183351,0.0225370006101,0.195398519826,0.0425647234785,0.00454998189347,0.148072678186,0.00727333417256,0.140077606232,0.041422559967,0.118677093753,0.0201226240748,0.171449159471,1,0.5,30,20,5,2,20,0.000101106123852,2.52765309629e-05,0.000101106123852,0.00171500947195,0.000958743178273,0.00111244622925,0.000101106123852,2.52765309629e-05,0.000101106123852,0.263585589499,0.468590869801,0.263582364263
662,0.0626864492332,0.0402975551053,0.150248690981,0.125618565348,0.0766977842741,0.197165457593,0.0359799304675,0.177558601007,0.0312449170804,0.0666678610258,0.0329325358078,0.00290165207683,1,0.5,30,20,5,2,20,0.0013813913,0.000345347825001,0.0013813913,0.117486394928,0.00566573104967,0.00470281241291,0.0013813913,0.000345347825001,0.0013813913,0.229218509554,0.407494586371,0.229215704834
663,0.0607018373451,0.0879199865868,0.0567102471796,0.144716444393,0.0381698759197,0.0809473783928,0.0914372279855,0.0738555483937,0.235064424102,0.0107574601417,0.0833456367106,0.0363739328504,1,0.5,30,20,5,2,20,0.000910026398045,0.000227506599511,0.000910026398045,0.00744797406802,0.00207852477666,0.00284877407718,0.000910026398045,0.000227506599511,0.000910026398045,0.260348415154,0.462835963605,0.260345229528
664,0.0690267863415,0.00303562283498,0.180089179674,0.0221029257038,0.255264202946,0.00902271581796,0.0450872910048,0.0799617475929,0.0817078248562,0.0694090515298,0.114312214781,0.0709804369177,1,0.5,30,20,5,2,20,0.000155764996909,3.89412492272e-05,0.000155764996909,0.00360129893327,0.00326409158434,0.00119310976887,0.000155764996909,3.89412492272e-05,0.000155764996909,0.262389567062,0.466464633706,0.26238635646
665,0.0323010060284,0.0249147005686,0.10380070162,0.0542117311734,0.00679045151903,0.00915491759989,0.182074802981,0.00593894343246,0.00726413053359,0.265038821221,0.103299269675,0.205210523647,1,0.5,30,20,5,2,20,5.91654790847e-05,1.47913697712e-05,5.91654790847e-05,0.0014306149209,0.000246979188538,0.000516019277723,5.91654790847e-05,1.47913697712e-05,5.91654790847e-05,0.264057119199,0.469429134565,0.264053888193
666,0.0986709245611,0.0428543575187,0.0129278842627,0.110881494471,0.102879848716,0.0946904887633,0.379662115148,0.0231149280707,0.0109616335787,0.00278984069788,0.028440714519,0.0921257696929,1,0.5,30,20,5,2,20,0.000521792509981,0.000130448127495,0.000521792509981,0.0292070436865,0.00336539372046,0.012745858655,0.000521792509981,0.000130448127495,0.000521792509981,0.252090583923,0.448155554381,0.252087499339
667,0.00645378530577,0.0183526821246,0.21199133231,0.0171364089512,0.278988604837,0.00069989874313,0.0126252796663,0.124714022124,0.0990447869582,0.0157580847569,0.0175153817168,0.196719732505,1,0.5,30,20,5,2,20,0.000411315085775,0.000102828771444,0.000411315085775,0.00588924096979,0.00262882133834,0.000209787106783,0.000411315085775,0.000102828771444,0.000411315085775,0.261907976824,0.46560848376,0.261904772115
668,0.0721168315771,0.147585676659,0.0519332878216,0.113025715792,0.0805839655422,0.00621537553598,0.0408973674953,0.0601197187893,0.0817157059807,0.207194101406,0.0681619520629,0.0704503013375,1,0.5,30,20,5,2,20,8.57590534556e-05,2.14397633639e-05,8.57590534556e-05,0.00114504366892,0.00106970707496,0.000354758307739,8.57590534556e-05,2.14397633639e-05,8.57590534556e-05,0.263925938585,0.469195927438,0.263922709184
669,0.0104750976929,0.0705966321189,0.0577252818964,0.072458051595,0.039385065171,0.0805034198009,0.171040366237,0.188339272415,0.0358943768574,0.111886038249,0.0301634973945,0.131532900572,1,0.5,30,20,5,2,20,0.000142690564974,3.56726412435e-05,0.000142690564974,0.0206651547178,0.00135838245261,0.00160489117729,0.000142690564974,3.56726412435e-05,0.000142690564974,0.258283652531,0.459165319411,0.258280492169
670,0.187858485514,0.0199185961533,0.00764218842291,0.0716916340794,0.0616143831253,0.146384736945,0.10467502942,0.0749296125131,0.0754458380259,0.219319400941,0.0161366074506,0.0143834874108,1,0.5,30,20,5,2,20,0.0002366063002,5.915157505e-05,0.0002366063002,0.00649804083303,0.00354303377982,0.000395281015628,0.0002366063002,5.915157505e-05,0.0002366063002,0.261663831977,0.465174453788,0.261660630256
671,0.0303170737515,0.00633986605135,0.0373163267006,0.0569670592232,0.0491061398011,0.185356140931,0.109292837323,0.0147321986169,0.0528959911308,0.340934099322,0.0312878173178,0.0854544498303,1,0.5,30,20,5,2,20,1.53198927835e-06,3.82997319587e-07,1.53198927835e-06,5.38586017407e-06,5.96778069218e-06,6.01853634119e-05,1.53198927835e-06,3.82997319587e-07,1.53198927835e-06,0.2646875021,0.470549801564,0.26468426338
672,0.0317573508587,0.118131752417,0.0117894990353,0.275358184575,0.0895189851862,0.000425020431156,0.000995938847741,0.0733569259371,0.0451188118957,0.148389129855,0.0372013734569,0.167957027505,1,0.5,30,20,5,2,20,0.000281054808685,7.02637021712e-05,0.000281054808685,0.0160936521642,0.00223954354578,0.000598391586403,0.000281054808685,7.02637021712e-05,0.000281054808685,0.259362127457,0.461082584709,0.259358953899
673,0.0845279265365,0.0458444071768,0.0848937668149,0.0868630660843,0.247754578799,0.184997886833,0.0149379232466,0.0886223304741,0.0265781116715,0.0115843335489,0.0644175757069,0.0589780931068,1,0.5,30,20,5,2,20,0.000637286266917,0.000159321566729,0.000637286266917,0.0101406245038,0.00403180214532,0.00806182640478,0.000637286266917,0.000159321566729,0.000637286266917,0.258063546189,0.458774024036,0.25806038852
674,0.00785767987994,0.173380038215,0.00116016867866,0.0872101889368,0.202032752601,0.0621918583845,0.00978828484799,0.151979765245,0.0379130080649,0.0235794766667,0.202196397102,0.0407103813761,1,0.5,30,20,5,2,20,0.000138617449047,3.46543622619e-05,0.000138617449047,0.00270062775406,0.00368107788413,0.000233620956586,0.000138617449047,3.46543622619e-05,0.000138617449047,0.262792013003,0.467180084404,0.262788797477
675,0.00249902915611,0.022210689541,0.148038326982,0.0507705610436,0.0614411074674,0.0545448374725,0.0434723480728,0.26262513063,0.198675105766,0.0691712584195,0.0645677242784,0.0219838811702,1,0.5,30,20,5,2,20,0.000233565021414,5.83912553534e-05,0.000233565021414,0.000358727207648,0.00317193421143,0.000472078615463,0.000233565021414,5.83912553534e-05,0.000233565021414,0.263370485925,0.468208468125,0.26336726332
676,0.0365401234342,0.0201079501034,0.0388144627554,0.000144842519278,0.0615592765256,0.159592989784,0.0836645059866,0.0439766035961,0.0949117032343,0.21338551457,0.242387031597,0.00491499589442,1,0.5,30,20,5,2,20,3.53550171283e-05,8.83875428208e-06,3.53550171283e-05,0.000761958757441,0.000449326369417,7.80313691976e-05,3.53550171283e-05,8.83875428208e-06,3.53550171283e-05,0.264324856776,0.469905106656,0.264321622494
677,0.124003776423,0.0620321086328,0.132747120927,0.0560739119674,0.0891559985179,0.0936288990899,0.0579323406414,0.0472403563283,0.0221167314438,0.187096292675,0.102587051011,0.0253854123418,1,0.5,30,20,5,2,20,6.06278755436e-05,1.51569688859e-05,6.06278755436e-05,0.00302512354412,0.000145015810379,0.00228741536816,6.06278755436e-05,1.51569688859e-05,6.06278755436e-05,0.263191384967,0.467890070317,0.263188164554
678,0.189846494769,0.0891050922975,0.0201378616897,0.00140696827469,0.126556769869,0.0342257607884,0.0344885162905,0.0412010245223,0.329376944985,0.0521087314598,0.0574306914267,0.0241151436275,1,0.5,30,20,5,2,20,0.000763941819675,0.000190985454919,0.000763941819675,0.0760728436088,0.00600799967713,0.00346058095096,0.000763941819675,0.000190985454919,0.000763941819675,0.241154744338,0.428714299672,0.241151793565
679,0.134654935445,0.0186503609055,0.0980623597592,0.0247773623515,0.218742802813,0.168439286364,0.0323891048977,0.0350345376534,0.0396751082703,0.0762831307114,0.070324742659,0.0829662681694,1,0.5,30,20,5,2,20,5.87275559453e-05,1.46818889863e-05,5.87275559453e-05,0.000857421915368,0.00364526601952,0.000392169562612,5.87275559453e-05,1.46818889863e-05,5.87275559453e-05,0.263342599209,0.468158892347,0.263339376945
680,0.310534469069,0.0110891935676,0.0408516080665,0.122088042552,0.111729356901,0.117768256015,0.00219376755348,0.0054599127765,0.164707691533,0.0165188921999,0.0692339668055,0.0278248429592,1,0.5,30,20,5,2,20,0.000742750630354,0.000185687657589,0.000742750630354,0.00584861635075,0.0045390051353,0.00491820533072,0.000742750630354,0.000185687657589,0.000742750630354,0.259771930072,0.461811113776,0.259768751499
681,0.155718059961,0.107226498705,0.0605137995622,0.127458421792,0.0966186498539,0.115861434698,0.0260296319175,0.0301798409336,0.0714414881613,0.0472688749446,0.0878166006728,0.0738666987981,1,0.5,30,20,5,2,20,0.000288413915791,7.21034789478e-05,0.000288413915791,0.045190672046,0.00623422823808,0.00136099546525,0.000288413915791,7.21034789478e-05,0.000288413915791,0.250391846165,0.445135613097,0.250388782367
682,0.0609208004836,0.0541447880905,0.192421004673,0.0540111513211,0.00601195507564,0.0296835428742,0.072154692803,0.0309397031957,0.194724707509,0.232024964044,0.0354836677003,0.03747902223,1,0.5,30,20,5,2,20,0.000188560726322,4.71401815806e-05,0.000188560726322,0.0103246989431,0.00208893510341,0.00161756641188,0.000188560726322,4.71401815806e-05,0.000188560726322,0.260769478115,0.463584510821,0.260766287337
683,0.13288628974,0.0560463897622,0.197789386169,0.287664316443,0.0344387131479,0.00603105875995,0.0033341904896,0.0340133566669,0.0475505915654,0.0839970745298,0.0562714293457,0.059977203381,1,0.5,30,20,5,2,20,0.000650361255523,0.000162590313881,0.000650361255523,0.0260845792398,0.00461161675799,0.00176392227787,0.000650361255523,0.000162590313881,0.000650361255523,0.2553411004,0.453934179632,0.255337976043
684,0.20012838998,0.0747374439833,0.0309701617965,0.0401069722973,0.243601636889,0.038369684652,0.0764691459798,0.032239714627,0.143246210701,0.00869753595995,0.0705654674733,0.0408676356616,1,0.5,30,20,5,2,20,0.000169275113529,4.23187783822e-05,0.000169275113529,0.000170125903333,0.00901859674914,0.00100928266997,0.000169275113529,4.23187783822e-05,0.000169275113529,0.26180712932,0.465429201502,0.261803925845
685,0.204929180699,0.145959775118,0.0447879270835,0.0714559494105,0.131885739032,0.00253412426464,0.0568727964953,0.06979710454,0.069040852314,0.0480858559217,0.106531325328,0.0481193697935,1,0.5,30,20,5,2,20,0.000280436407913,7.01091019783e-05,0.000280436407913,0.00703951370841,0.00602223837215,0.000365322761191,0.000280436407913,7.01091019783e-05,0.000280436407913,0.260819954024,0.463674244671,0.260816762628
686,0.0321700396967,0.01372397397,0.0459357378902,0.219804236555,0.0593967482419,0.0656559492195,0.126854884363,0.0207977404195,0.193780786769,0.151924410797,0.0150899043134,0.0548655877649,1,0.5,30,20,5,2,20,0.00022667402719,5.66685067974e-05,0.00022667402719,0.0584565131233,0.000590058130894,0.00396514527952,0.00022667402719,5.66685067974e-05,0.00022667402719,0.247758530662,0.440454220596,0.247755499086
687,0.00697278838061,0.129891799119,0.123970754983,0.0520496964995,0.111724873326,0.0846181938798,0.157433786182,0.0128243086735,0.157887363641,0.0860459661913,0.0540620040452,0.022518465078,1,0.5,30,20,5,2,20,0.000330055306995,8.25138267487e-05,0.000330055306995,0.00260194158377,0.00446104058688,0.00100096265026,0.000330055306995,8.25138267487e-05,0.000330055306995,0.262180513464,0.466092987413,0.26217730542
688,0.217919916905,0.0308475437096,0.213455978522,0.163881998071,0.0310408594087,0.218235454602,0.0433276237936,0.00959206370061,0.0344066460745,0.00198408619035,0.0205952947519,0.014712534271,1,0.5,30,20,5,2,20,0.00359968119414,0.000899920298535,0.00359968119414,0.0219685660924,0.0361383678534,0.0441586113356,0.00359968119414,0.000899920298535,0.00359968119414,0.233349834879,0.414839074858,0.233346979608
689,0.031958297858,0.155692532899,0.0317739773135,0.00150838907751,0.015982894786,0.0746318342319,0.225058293758,0.0233914408735,0.271535089939,0.0139494709987,0.0893455556119,0.065172222653,1,0.5,30,20,5,2,20,0.000519716902143,0.000129929225536,0.000519716902143,0.00591261128973,0.00360706506697,0.00191447001472,0.000519716902143,0.000129929225536,0.000519716902143,0.2610624708,0.464105380332,0.261059276437
690,0.0562000825031,0.0362812872426,0.0125623850871,0.159267804245,0.00102305153671,0.00132268879222,0.0303810806537,0.188067891817,0.200414224405,0.0758258615796,0.182730933307,0.0559227088313,1,0.5,30,20,5,2,20,0.00031922734929,7.98068373225e-05,0.00031922734929,0.0138685697958,0.00125659536053,0.00152908884441,0.00031922734929,7.98068373225e-05,0.00031922734929,0.259919485759,0.462073431788,0.259916305381
691,0.0442879381709,0.0685731200367,0.0551624115307,0.0385540873491,0.0311643546111,0.0379948713285,0.146984457181,0.101703246424,0.104324595827,0.197181544746,0.00832891263416,0.165740460161,1,0.5,30,20,5,2,20,0.000118203757342,2.95509393355e-05,0.000118203757342,0.00458029829397,0.00163552065899,7.68911184203e-05,0.000118203757342,2.95509393355e-05,0.000118203757342,0.262901728791,0.467375132307,0.262898511923
692,0.110196212311,0.00752972122274,0.14442648894,0.0206604016064,0.023305344374,0.0923723975212,0.148002138324,0.242939767995,0.0439492529578,0.111999183616,0.0375459081121,0.0170731830185,1,0.5,30,20,5,2,20,0.000690087021718,0.00017252175543,0.000690087021718,0.0351843744152,0.00606163093125,0.00276439298531,0.000690087021718,0.00017252175543,0.000690087021718,0.252236324994,0.448414646449,0.252233238627
693,0.120788395494,0.0103411442705,0.125982812368,0.0123627449625,0.0480504350163,0.0925864222316,0.160425512517,0.0665793240766,0.0716369813746,0.0575415505783,0.230394497537,0.00331017957458,1,0.5,30,20,5,2,20,8.77269912913e-05,2.19317478228e-05,8.77269912913e-05,0.0152010813848,0.000680117703206,0.000320673181806,8.77269912913e-05,2.19317478228e-05,8.77269912913e-05,0.260314993983,0.462776551863,0.260311810423
694,0.105841150312,0.0975569769172,0.0696753940325,0.09743636987,0.0219196476007,0.0121161657586,0.340983565703,0.0983481757385,0.0770852419066,0.0308631217174,0.0301792804294,0.0179949100144,1,0.5,30,20,5,2,20,0.000545343272406,0.000136335818101,0.000545343272406,0.235037083782,0.00777103032496,0.00105693931699,0.000545343272406,0.000136335818101,0.000545343272406,0.199505535581,0.354672234412,0.199503131857
695,0.308074943735,0.0401854335601,0.0386512224837,0.0481038046076,0.167802390298,0.289455367454,0.0127965090217,0.00864240649417,0.00716463012157,0.0533524901002,0.0250454831668,0.000725318957788,1,0.5,30,20,5,2,20,0.00123261480087,0.000308153700217,0.00123261480087,0.101557216108,0.0204719619972,0.00496406666356,0.00123261480087,0.000308153700217,0.00123261480087,0.229623827637,0.408215143034,0.229621017957
696,0.040247143853,0.154030383866,0.0190252882846,0.0231806377567,0.0462433213225,0.0800059003045,0.196338550353,0.161777625932,0.113213046906,0.0027529012371,0.0348873188912,0.128297881294,1,0.5,30,20,5,2,20,0.000355468490218,8.88671225544e-05,0.000355468490218,0.00765784218423,0.00625032688132,0.00194508338945,0.000355468490218,8.88671225544e-05,0.000355468490218,0.260088347505,0.462373626774,0.26008516506
697,0.0684672720071,0.13488097974,0.102821852253,0.0930062626881,0.00325591165738,0.117265747096,0.000125842921476,0.151391040814,0.0381289274045,0.0232594060822,0.107879240907,0.15951751643,1,0.5,30,20,5,2,20,0.000177150408053,4.42876020133e-05,0.000177150408053,0.00859858739847,0.000465221359313,0.00281252521936,0.000177150408053,4.42876020133e-05,0.000177150408053,0.261353480906,0.4646227253,0.261350282981
698,0.11502331178,0.00989831547152,0.0471878445023,0.178852847784,0.0838301209638,0.00624338469546,0.0649233099734,0.15019915868,0.0990954371954,0.0154245165228,0.0744548639536,0.154866888477,1,0.5,30,20,5,2,20,0.000174106382485,4.35265956211e-05,0.000174106382485,0.0195464607352,0.00598293993677,0.000365386130657,0.000174106382485,4.35265956211e-05,0.000174106382485,0.257646306599,0.458032273841,0.257643154036
699,0.069740675329,0.0819609597746,0.193235999345,0.00913659462126,0.0292834530301,0.0497273960082,0.176659810962,0.0849842510783,0.0503204580549,0.0915552928752,0.0534265003779,0.109968608544,1,0.5,30,20,5,2,20,0.000135947932548,3.3986983137e-05,0.000135947932548,0.00192924253024,0.00281275396066,0.000827250977546,0.000135947932548,3.3986983137e-05,0.000135947932548,0.263072098687,0.467678008415,0.263068879733
700,0.0413707412482,0.240047575644,0.184354030748,0.0906071708184,0.231111809695,0.0110832042807,0.00828981907845,0.0144955036989,0.100462826606,0.0441373028591,0.00159699053821,0.0324430247855,1,0.5,30,20,5,2,20,0.00202413970706,0.000506034926764,0.00202413970706,0.0400724552859,0.0210496625201,0.0014792166342,0.00202413970706,0.000506034926764,0.00202413970706,0.245726044105,0.436840955375,0.245723037398
701,0.015370603783,0.0846737691658,0.00917768638509,0.0182646657912,0.141684363911,0.0239979142461,0.000466304314393,0.0803536125684,0.00271048658823,0.26262046933,0.318314064753,0.0423660591634,1,0.5,30,20,5,2,20,2.6828431798e-05,6.7071079495e-06,2.6828431798e-05,0.00354213340172,0.000820881135236,0.000150365874879,2.6828431798e-05,6.7071079495e-06,2.6828431798e-05,0.263481577174,0.468405961262,0.26347835321
702,0.0713259489473,0.0259698685832,0.147125502291,0.0642739746278,0.481639792211,0.0312972945836,0.00265861631058,0.0115751278863,0.0874784111278,0.0128250363524,0.0587990665957,0.00503136048414,1,0.5,30,20,5,2,20,0.000777705040604,0.000194426260151,0.000777705040604,0.143590246243,0.00845820884123,0.0048067171772,0.000777705040604,0.000194426260151,0.000777705040604,0.22226101133,0.395125851985,0.222258291741
703,0.187327606616,0.155811974674,0.0396688314678,0.0517778008308,0.0345133433684,0.0924660970485,0.0742816539467,0.00853869536585,0.117031479187,0.195251040631,0.0313123993806,0.0120190774828,1,0.5,30,20,5,2,20,0.000183662408608,4.59156021521e-05,0.000183662408608,0.00773013237928,0.00463674549538,0.000796100759563,0.000183662408608,4.59156021521e-05,0.000183662408608,0.26100513842,0.464003457348,0.261001944758
704,0.0826636658156,0.0710497257252,0.152820771845,0.0197401939646,0.212438204166,0.0292439841115,0.0198186032332,0.117107327536,0.00631293990645,0.0547758074268,0.0799207252005,0.154108051069,1,0.5,30,20,5,2,20,0.000101609557935,2.54023894838e-05,0.000101609557935,0.0294296075345,0.00355211748008,0.00101546144433,0.000101609557935,2.54023894838e-05,0.000101609557935,0.255587891741,0.454372914425,0.255584764364
705,0.00666170505629,0.153807487517,0.0157052224531,0.152675145346,0.027592115975,0.163449429168,0.081593026973,0.0159641018891,0.166244068681,0.064006715843,0.0982959968,0.0540049842976,1,0.5,30,20,5,2,20,0.00015371431316,3.842857829e-05,0.00015371431316,0.000383881626033,7.82187635324e-05,0.000827842720688,0.00015371431316,3.842857829e-05,0.00015371431316,0.264183702829,0.469654169377,0.264180470274
706,0.133563786999,0.0260962301421,0.051520605879,0.0193871178819,0.231484082307,0.0391883374515,0.282340463527,0.0912882830314,0.00277582276463,0.0770404312777,0.0380444972107,0.00727034152753,1,0.5,30,20,5,2,20,0.000553203667693,0.000138300916923,0.000553203667693,0.00237735827719,0.00372466041026,0.00402208081577,0.000553203667693,0.000138300916923,0.000553203667693,0.261369362026,0.464650958058,0.261366163908
707,0.0796868779595,0.00457227037824,0.209814204832,0.206622442413,0.0423427186854,0.0803932045106,0.0484601484673,0.0487915249734,0.210922483124,0.0113077399335,0.0283432836317,0.0287431010911,1,0.5,30,20,5,2,20,0.00220566219088,0.00055141554772,0.00220566219088,0.0344780674966,0.0246040891482,0.00485730001199,0.00220566219088,0.00055141554772,0.00220566219088,0.245155604839,0.435826853533,0.245152605112
708,0.138106049909,0.0952898022257,0.0210742792708,0.0609055475533,0.00948338676452,0.0453591261229,0.214603014655,0.0144413715621,0.0419297716921,0.119739913751,0.143473280721,0.095594455772,1,0.5,30,20,5,2,20,8.91403047556e-05,2.22850761889e-05,8.91403047556e-05,0.00561924357551,0.00161930967655,0.000815153449499,8.91403047556e-05,2.22850761889e-05,8.91403047556e-05,0.262470198443,0.46660797663,0.262466986854
709,0.0543698578299,0.165387832035,0.167742484903,0.0232656948584,0.0110232325978,0.0709644870689,0.0510503590186,0.0140834337725,0.0866991955315,0.0622398154987,0.125429098889,0.167744507997,1,0.5,30,20,5,2,20,0.000127829637472,3.19574093679e-05,0.000127829637472,0.00475428391341,0.000851555185043,0.00176809996257,0.000127829637472,3.19574093679e-05,0.000127829637472,0.262604052317,0.466845936162,0.262600839091
710,0.133807813622,0.0104448037002,0.132594059794,0.0307436528588,0.0610885019803,0.111188207885,0.0141042107753,0.0697892575683,0.255264895484,0.112219848129,0.0124480067226,0.0563067414802,1,0.5,30,20,5,2,20,0.000365522533408,9.13806333519e-05,0.000365522533408,0.0162688947923,0.00861340144609,0.00142707468465,0.000365522533408,9.13806333519e-05,0.000365522533408,0.25730855029,0.457431825528,0.257305401859
711,0.0891258390476,0.0119052742609,0.1065192897,0.0175713639299,0.124023473698,0.102538188887,0.0758717712685,0.00943749277441,0.224837599528,0.137108047472,0.090479449363,0.0105822100699,1,0.5,30,20,5,2,20,0.000107032916951,2.67582292376e-05,0.000107032916951,0.0168419926594,0.00110929703762,0.00165438243005,0.000107032916951,2.67582292376e-05,0.000107032916951,0.259390984279,0.461133885099,0.259387810368
712,0.0490283711132,0.0340273440267,0.0333338862376,0.0249815978892,0.123590269329,0.227530328323,0.00199107176086,0.0429577154207,0.136758378487,0.00935199576364,0.154356935733,0.162092105917,1,0.5,30,20,5,2,20,7.64549851152e-05,1.91137462788e-05,7.64549851152e-05,0.00245974320395,0.00320560255571,0.000595160717674,7.64549851152e-05,1.91137462788e-05,7.64549851152e-05,0.262959983951,0.467478695768,0.26295676637
713,0.224935313806,0.0603188173508,0.0386964392198,0.128069949495,0.012285442336,0.220133017428,0.00854512272278,0.0215938485566,0.0363381308327,0.0805477493833,0.101807334311,0.0667288345577,1,0.5,30,20,5,2,20,0.00045463510255,0.000113658775638,0.00045463510255,0.0361879293957,0.00124962566784,0.0047340567298,0.00045463510255,0.000113658775638,0.00045463510255,0.253003534296,0.449778557407,0.253000438542
714,0.0409992279631,0.0899844528305,0.0921315462678,0.270926177788,0.0215680516844,0.0146195977364,0.0453481098005,0.126444151938,0.0594672648112,0.0330932497416,0.00758507184395,0.197833097594,1,0.5,30,20,5,2,20,0.000202974456025,5.07436140063e-05,0.000202974456025,0.00152225079447,0.00081490148331,0.00160317466075,0.000202974456025,5.07436140063e-05,0.000202974456025,0.263423446276,0.468302618709,0.263420223024
715,0.0903033640237,0.111715313119,0.104539489125,0.00944409620518,0.106709912416,0.197029397996,0.073456544178,0.0544555803308,0.0516635980262,0.0644289707553,0.0906186721236,0.0456350617004,1,0.5,30,20,5,2,20,0.000326262196693,8.15655491732e-05,0.000326262196693,0.00935417089177,0.0030865987694,0.0042433928784,0.000326262196693,8.15655491732e-05,0.000326262196693,0.259903188901,0.462044459951,0.259900008723
716,0.0220610873431,0.0130846714838,0.0167040499864,0.125995266406,0.000683937978997,0.545465233483,0.0548926576541,0.013228724557,0.0308438544465,0.102592753251,0.00765335076991,0.0667944126394,1,0.5,30,20,5,2,20,0.00052655438909,0.000131638597272,0.00052655438909,0.0365468585699,0.00954923186884,0.00416574642325,0.00052655438909,0.000131638597272,0.00052655438909,0.25077631553,0.445819105828,0.250773247028
717,0.0554437725221,0.0250936432244,0.0334496059294,0.184698561986,0.0138652484373,0.175217525812,0.106717526807,0.148742273021,0.149066501097,0.0730334011492,0.00195278749369,0.0327191525218,1,0.5,30,20,5,2,20,0.000158716867871,3.96792169678e-05,0.000158716867871,0.15096577655,0.0045868328456,0.0037232844545,0.000158716867871,3.96792169678e-05,0.000158716867871,0.222357540415,0.395297497491,0.222354842339
718,0.0210686551627,0.0954235963023,0.0545071332304,0.0534037983282,0.120329978741,0.0592315162178,0.380172273541,0.0576133746532,0.0355524554809,0.0829566540394,0.0115857056646,0.0281548586389,1,0.5,30,20,5,2,20,0.000357338946542,8.93347366356e-05,0.000357338946542,0.000783926711606,0.00743695820079,0.000588692858234,0.000357338946542,8.93347366356e-05,0.000357338946542,0.261950638339,0.465684325524,0.261947433107
719,0.143076432179,0.0569614033045,0.147093818832,0.0830689142533,0.147570982872,0.010226756263,0.110514065836,0.0179561591525,0.0113748130351,0.133708092567,0.0321273863267,0.106321175378,1,0.5,30,20,5,2,20,0.000192986338273,4.82465845682e-05,0.000192986338273,0.0141634675469,0.00470772436732,0.000998895178552,0.000192986338273,4.82465845682e-05,0.000192986338273,0.259218604839,0.46082743651,0.259215433037
720,0.00106086822728,0.222772783989,0.047674414322,0.265545664284,0.173689719665,0.0484470371026,0.0732346513881,0.0379957371078,0.0198998758561,0.0622689858415,0.0263477230044,0.0210625392119,1,0.5,30,20,5,2,20,0.000593023740179,0.000148255935045,0.000593023740179,0.102501071184,0.0129587357476,0.00743246515954,0.000593023740179,0.000148255935045,0.000593023740179,0.231471261672,0.41149943002,0.231468429386
721,0.112311663385,0.0426164866381,0.0224420679347,0.204814283552,0.0296641363836,0.249274116804,0.119956241077,0.0326638165379,0.029477448294,0.00743817290717,0.0583365551691,0.0910050113181,1,0.5,30,20,5,2,20,0.000658275962934,0.000164568990733,0.000658275962934,0.0186951179237,0.00410634607874,0.00676334007175,0.000658275962934,0.000164568990733,0.000658275962934,0.256098086098,0.455279915517,0.256094952478
722,0.0181341429341,0.00607049118732,0.0434254249229,0.131804237619,0.0577347445625,0.102477591634,0.252383351574,0.0799073302056,0.00217958580113,0.0535531991294,0.166725309535,0.0856045908951,1,0.5,30,20,5,2,20,0.000130662688157,3.26656720393e-05,0.000130662688157,0.0344744242935,0.00237589502879,0.00163350332472,0.000130662688157,3.26656720393e-05,0.000130662688157,0.254365634348,0.452200038981,0.254362521927
723,0.277461215917,0.0640456957562,0.01557634252,0.0556530877589,0.137717704971,0.0590539207472,0.0129537739409,0.117108708573,0.0376013885459,0.0152381012501,0.0652538330643,0.142336226956,1,0.5,30,20,5,2,20,0.000256667095743,6.41667739359e-05,0.000256667095743,0.0440153952403,0.00418753454277,0.0031406310903,0.000256667095743,6.41667739359e-05,0.000256667095743,0.250811460531,0.445881585065,0.250808391599
724,0.129308282571,0.0740139422002,0.0176543989314,0.0667503408332,0.0337904824242,0.0234970186033,0.212727222744,0.0295110201468,0.00398392759692,0.295703811852,0.00891231910729,0.10414723299,1,0.5,30,20,5,2,20,0.000120666850857,3.01667127143e-05,0.000120666850857,0.00679238466664,0.00159438511296,0.000377081691754,0.000120666850857,3.01667127143e-05,0.000120666850857,0.262244663236,0.466207030057,0.262241454407
725,0.0448081982191,0.0253322586436,0.107019593634,0.0165880394544,0.317335640768,0.0271920025532,0.012860307754,0.150518352527,0.00259935339034,0.0514799047543,0.187473376017,0.0567929722842,1,0.5,30,20,5,2,20,0.000175812400913,4.39531002283e-05,0.000175812400913,0.00227060864309,0.000311163220303,0.00259788337519,0.000175812400913,4.39531002283e-05,0.000175812400913,0.263127740926,0.46777692674,0.263124521291
726,0.020702015541,0.0353911712375,0.0537442490455,0.247135478171,0.0424646727154,0.125630205108,0.0679900479967,0.167098754778,0.0105445531393,0.0489582086736,0.178670986538,0.00166965705504,1,0.5,30,20,5,2,20,0.000305732356688,7.64330891721e-05,0.000305732356688,0.0143380576768,0.00788855851095,0.000506504005798,0.000305732356688,7.64330891721e-05,0.000305732356688,0.258326434704,0.459241375678,0.258323273819
727,0.00410466966243,0.0184100683276,0.0955785920789,0.0524287278982,0.0358501901747,0.0655285544084,0.00795491134711,0.00756931083295,0.170044980197,0.112765453575,0.0559347928425,0.373829748655,1,0.5,30,20,5,2,20,3.42227844851e-05,8.55569612128e-06,3.42227844851e-05,0.000712286539861,0.000309233458315,0.000197947486037,3.42227844851e-05,8.55569612128e-06,3.42227844851e-05,0.264344695088,0.469940374334,0.264341460563
728,0.115545701028,0.0698595645141,0.115503887028,0.0281926943107,0.0438377487193,0.323954168306,0.0570639213702,0.0313896860269,0.0647799652269,0.0301367350007,0.0132418277142,0.106494100754,1,0.5,30,20,5,2,20,0.000336601024002,8.41502560006e-05,0.000336601024002,0.000942027974592,0.0026811235533,0.00056508266581,0.000336601024002,8.41502560006e-05,0.000336601024002,0.263198648922,0.467902983857,0.26319542842
729,0.122478828576,0.160657116778,0.0685985434444,0.146768401804,0.0208525684452,0.186278884828,0.0717575050105,0.0992155146865,0.0617909244881,0.0255127717903,0.0355850808447,0.000503859305715,1,0.5,30,20,5,2,20,0.00259691468743,0.000649228671857,0.00259691468743,0.0633929595468,0.015921432573,0.0167274792622,0.00259691468743,0.000649228671857,0.00259691468743,0.236191775408,0.419891351755,0.236188885362
730,0.0265112306831,0.0479063863919,0.0789856375478,0.301641182026,0.0392860483317,0.0665971129527,0.0443739042295,0.0213161306367,0.164696154434,0.0882070901306,0.0747973784095,0.0456817442269,1,0.5,30,20,5,2,20,0.000285924477095,7.14811192738e-05,0.000285924477095,0.0234871052081,0.00975797765194,0.000522631814788,0.000285924477095,7.14811192738e-05,0.000285924477095,0.255429081248,0.454090588115,0.255425955815
731,0.00979032230258,0.187357466694,0.00281452134601,0.113063637821,0.075868621639,0.290622102894,0.0841704112438,0.0101382271278,0.0394338386386,0.0550282682279,0.0987534180085,0.032959164057,1,0.5,30,20,5,2,20,0.000350187572074,8.75468930186e-05,0.000350187572074,0.0288948549412,0.011248720393,0.000645570585371,0.000350187572074,8.75468930186e-05,0.000350187572074,0.253493900998,0.450650309765,0.253490799243
732,0.00474133214109,0.100451895324,0.214453851399,0.0379770762508,0.0889369010683,0.0286576320896,0.0653657476185,0.0394383154588,0.0960246700676,0.0248189661914,0.192585613199,0.106547999192,1,0.5,30,20,5,2,20,0.000108810256098,2.72025640245e-05,0.000108810256098,0.00509925054639,0.00155809715453,0.000703326505817,0.000108810256098,2.72025640245e-05,0.000108810256098,0.262630219277,0.466892454633,0.262627005731
733,0.0863716182704,0.137677808057,0.0398377271035,0.107298029898,0.184481393681,0.0231248501275,0.109048867174,0.00416761793774,0.163411479078,0.0311170091184,0.0516382833218,0.0618253162326,1,0.5,30,20,5,2,20,0.000592317330066,0.000148079332516,0.000592317330066,0.00543446124108,0.00192980122822,0.00553904648665,0.000592317330066,0.000148079332516,0.000592317330066,0.260587090624,0.463260270359,0.260583902077
734,0.173489636331,0.122481268516,0.0068107748743,0.0202309302626,0.108768695768,0.103195766486,0.0141868695246,0.0290318041597,0.233814671733,0.0928932401623,0.0172085966275,0.0778877455535,1,0.5,30,20,5,2,20,0.000258782550132,6.46956375329e-05,0.000258782550132,0.00713803007531,0.0069063138064,0.00075507604801,0.000258782550132,6.46956375329e-05,0.000258782550132,0.260482476736,0.46307429239,0.260479289469
735,0.0678350814207,0.0422581659095,0.0335287848333,0.368366472709,0.062336049345,0.00306056144192,0.152467274347,0.0339972219631,0.018645937388,0.112615517177,0.0901073666702,0.0147815667956,1,0.5,30,20,5,2,20,0.000465817053047,0.000116454263262,0.000465817053047,0.00892360201845,0.00490669111394,0.000950205040949,0.000465817053047,0.000116454263262,0.000465817053047,0.260240868634,0.462644772131,0.260237684323
736,0.00014141075515,0.0188078439711,0.144323056243,0.292786197766,0.019419792732,0.111340487707,0.0694551687066,0.0694712347592,0.0558471182277,0.0149408698054,0.0295483525273,0.173918466799,1,0.5,30,20,5,2,20,0.000161859967976,4.04649919939e-05,0.000161859967976,0.000867552433622,0.0012163773792,0.00136772454392,0.000161859967976,4.04649919939e-05,0.000161859967976,0.263601776999,0.468619647225,0.263598551564
737,0.014099343154,0.00813505872579,0.102691681422,0.0626196704335,0.279512335285,0.0638413564659,0.0565171305415,0.0174106204658,0.0620852799583,0.162820514703,0.107782371201,0.0624846376437,1,0.5,30,20,5,2,20,0.00017071811078,4.2679527695e-05,0.00017071811078,0.0078283854034,0.00279095481322,0.000289467330488,0.00017071811078,4.2679527695e-05,0.00017071811078,0.261617255217,0.465091651672,0.261614054065
738,0.015415604452,0.139621206434,0.0400989075698,0.139358234259,0.195691273807,0.0216003560732,0.00072463191423,0.0290827338488,0.115493875076,0.178113952862,0.0825375717244,0.042261651979,1,0.5,30,20,5,2,20,0.000300371964033,7.50929910082e-05,0.000300371964033,0.0250458411557,0.00376051712129,0.00114467153886,0.000300371964033,7.50929910082e-05,0.000300371964033,0.25642217961,0.455856074711,0.256419042025
739,0.0766627849307,0.0506304078984,0.141320324674,0.0733148741858,0.261137868766,0.123096219862,0.0107081779367,0.0287054558806,0.122623900132,0.0228056642232,0.0509073370942,0.0380869844155,1,0.5,30,20,5,2,20,0.00068462437863,0.000171156094658,0.00068462437863,0.075582176594,0.022197625362,0.00385720585411,0.00068462437863,0.000171156094658,0.00068462437863,0.236988592272,0.421307897737,0.236985692477
740,0.00521445735174,0.0526528973622,0.0789819588508,0.207410078143,0.21001408767,0.00810902935495,0.127920554251,0.00423804813771,0.0922595263667,0.0895077132258,0.0422339910394,0.0814576582466,1,0.5,30,20,5,2,20,0.00026833027278,6.70825681951e-05,0.00026833027278,0.00423705478578,0.00153457147467,0.00327960381331,0.00026833027278,6.70825681951e-05,0.00026833027278,0.261992696969,0.465759095507,0.261989491223
741,0.00711118654041,0.0646568612328,0.0462622815163,0.0112162285985,0.038976110202,0.122568363588,0.0133592959919,0.187569314267,0.0331943459926,0.0419374965815,0.33796508778,0.0951834277085,1,0.5,30,20,5,2,20,2.61801018832e-05,6.54502547079e-06,2.61801018832e-05,0.00011379784557,0.000103785810553,0.00016126176391,2.61801018832e-05,6.54502547079e-06,2.61801018832e-05,0.264576795036,0.470352991415,0.264573557671
742,0.0460535748359,0.0638719885157,0.13336452588,0.0917290615923,0.0778393613955,0.133104558821,0.00105032310227,0.0123170607438,0.0402175824661,0.109370083857,0.0590804303655,0.232001448425,1,0.5,30,20,5,2,20,3.6943899454e-05,9.23597486349e-06,3.6943899454e-05,0.000122591090972,0.000291978460031,9.72927357617e-05,3.6943899454e-05,9.23597486349e-06,3.6943899454e-05,0.264528762674,0.470267601595,0.264525525897
743,0.139107575834,0.0016857672398,0.0627440624334,0.0576139986371,0.0014705840006,0.0655652061485,0.0916609363225,0.00874632815254,0.256462434806,0.119904832326,0.0747987511859,0.120239522914,1,0.5,30,20,5,2,20,0.000182994119722,4.57485299304e-05,0.000182994119722,0.0199742590397,0.00120015048187,0.0013914460739,0.000182994119722,4.57485299304e-05,0.000182994119722,0.258516915241,0.4595800036,0.258513752025
744,0.0337741022364,0.0948412741789,0.182823083486,0.0205302064998,0.0767472266291,0.0879493705186,0.122948561853,0.157382381273,0.0788576918913,0.0444042175932,0.049437598161,0.0503042856806,1,0.5,30,20,5,2,20,0.000730967540756,0.000182741885189,0.000730967540756,0.00931209411828,0.0035607573501,0.00221511971525,0.000730967540756,0.000182741885189,0.000730967540756,0.259843634123,0.461938586086,0.259840454673
745,0.0387648011224,0.0353572031558,0.0458515073063,0.0507441505599,0.0542648938496,0.0765390912182,0.0269489706324,0.380909736835,0.0506660233599,0.00715675602813,0.0112937433631,0.22150312257,1,0.5,30,20,5,2,20,9.33624753192e-05,2.33406188298e-05,9.33624753192e-05,0.0573839622247,0.00326390308348,0.000194482914582,9.33624753192e-05,2.33406188298e-05,9.33624753192e-05,0.248491579394,0.441757402396,0.248488538848
746,0.132649635071,0.0396780896909,0.180894807327,0.0159156548412,0.0103759744002,0.0493938109421,0.132717706859,0.0520131573632,0.0213184815667,0.201430403887,0.0665004662566,0.0971118117961,1,0.5,30,20,5,2,20,0.000159080968704,3.9770242176e-05,0.000159080968704,0.0112389490711,0.00149698733944,0.000576072066274,0.000159080968704,3.9770242176e-05,0.000159080968704,0.260994970086,0.46398538053,0.260991776548
747,0.301742098523,0.0598797422657,0.0251782775693,0.0221846506265,0.0455105431485,0.0138859925126,0.0137275658349,0.255472213496,0.0355219217702,0.0149016319281,0.0816976753501,0.130297686975,1,0.5,30,20,5,2,20,0.000177219432607,4.43048581518e-05,0.000177219432607,0.000992056418147,0.00157237055074,0.000386454503929,0.000177219432607,4.43048581518e-05,0.000177219432607,0.263716039722,0.46882277847,0.263712812889
748,0.00039681580129,0.0286877391793,0.0144988902444,0.105484981755,0.0169152775176,0.010863273079,0.024667324453,0.204610677031,0.196757377397,0.212183228179,0.018941625515,0.165992789849,1,0.5,30,20,5,2,20,0.000138922333877,3.47305834692e-05,0.000138922333877,0.00368946615977,0.0013860610987,0.000430643351773,0.000138922333877,3.47305834692e-05,0.000138922333877,0.263085252584,0.467701392834,0.263082033469
749,0.0298669972852,0.0200413848303,0.223240181179,0.0229769549775,0.00661662120265,0.192305775421,0.186026769642,0.195413613648,0.0411238117424,0.016110457989,0.058237769075,0.00803966300781,1,0.5,30,20,5,2,20,0.000711495726467,0.000177873931617,0.000711495726467,0.140255532202,0.011967176717,0.0058431797961,0.000711495726467,0.000177873931617,0.000711495726467,0.222019392366,0.394696312416,0.222016675734
750,0.0970499764433,0.0470524450274,0.187789939008,0.14390064667,0.0127272337374,0.0413086200692,0.101952096062,0.132304994782,0.0174056932039,0.0472456679046,0.116573954162,0.0546887329309,1,0.5,30,20,5,2,20,0.000308661192984,7.71652982459e-05,0.000308661192984,0.0117919408882,0.00727766356257,0.000547960668706,0.000308661192984,7.71652982459e-05,0.000308661192984,0.259147659087,0.460701312272,0.259144488153
751,0.0447282226202,0.27767035603,0.0377945953691,0.0666371037726,0.10866141305,0.0685724103841,0.0481670268677,0.0267022614275,0.0576051281329,0.185754107896,0.0272019391848,0.050505435265,1,0.5,30,20,5,2,20,0.000181880314734,4.54700786834e-05,0.000181880314734,0.0202360430936,0.0054717678059,0.00091457488966,0.000181880314734,4.54700786834e-05,0.000181880314734,0.257444444926,0.457673413036,0.257441294833
752,0.000826958950024,0.00675925320809,0.00101919404716,0.289605732781,0.0350886751794,0.048284869564,0.176618794975,0.0838419840278,0.00806120992437,0.119252920463,0.108854718462,0.121785688419,1,0.5,30,20,5,2,20,0.000281338733258,7.03346833144e-05,0.000281338733258,0.0218954538017,0.000997995291782,0.00211199803792,0.000281338733258,7.03346833144e-05,0.000281338733258,0.257753988357,0.458223705736,0.257750834476
753,0.126413330877,0.0543838374284,0.00798122374048,0.00328340060307,0.175327563388,0.0910259351148,0.10878137492,0.00306338181038,0.046452197849,0.268687754257,0.0239954022418,0.0906045977702,1,0.5,30,20,5,2,20,5.07320358488e-05,1.26830089622e-05,5.07320358488e-05,0.0316042924743,0.000582923923627,0.00042536995002,5.07320358488e-05,1.26830089622e-05,5.07320358488e-05,0.256015011485,0.455132229124,0.256011878882
754,0.19652279745,0.00515086745189,0.089804174966,0.0373570096243,0.200147883182,0.0816153152848,0.0843762738938,0.0067532293446,0.158577741644,0.0310949768569,0.0214408888073,0.0871588414939,1,0.5,30,20,5,2,20,0.000858682356289,0.000214670589072,0.000858682356289,0.010540682998,0.00319415761713,0.00329539416542,0.000858682356289,0.000214670589072,0.000858682356289,0.259177368647,0.460754128621,0.259174197349
755,0.026208653637,0.132420062218,0.371064774397,0.0173778647469,0.0407071585038,0.0784902018128,0.0145259732631,0.0538991570973,0.067204647133,0.0193288102796,0.0387801980133,0.139992498897,1,0.5,30,20,5,2,20,0.000250070362591,6.25175906478e-05,0.000250070362591,0.00401708884296,0.00335411008873,0.001355565996,0.000250070362591,6.25175906478e-05,0.000250070362591,0.262100336545,0.465950452413,0.262097129482
756,0.0104494823843,0.00966037537354,0.15052509381,0.0258313186082,0.0101129852479,0.0450013454626,0.243670473953,0.128680595631,0.19097400393,0.116270103377,0.0687913048339,3.29173883424e-05,1,0.5,30,20,5,2,20,0.000188751953303,4.71879883257e-05,0.000188751953303,0.000791413938141,0.00227600297197,0.00153332043473,0.000188751953303,4.71879883257e-05,0.000188751953303,0.263265571847,0.468021956492,0.263262350526
757,0.0387943650354,0.0619395743511,0.126392002409,0.0241652166432,0.14573674741,0.0588921383725,0.0340747843509,0.176892458694,0.0216265775209,0.15890170407,0.086209441403,0.0663749897397,1,0.5,30,20,5,2,20,5.50386778825e-05,1.37596694706e-05,5.50386778825e-05,0.000187518493816,0.00104318820512,5.08964928923e-05,5.50386778825e-05,1.37596694706e-05,5.50386778825e-05,0.264303451627,0.469867053523,0.264300217607
758,0.0919474044101,0.143095901204,0.0874970861085,0.146965589959,0.0171953365973,0.0502570396932,0.0441300147159,0.0820631867368,0.107212007915,0.0115715373624,0.137665910078,0.0803989852203,1,0.5,30,20,5,2,20,0.000120905141724,3.0226285431e-05,0.000120905141724,0.0407292870396,0.00208327670546,0.000711485812573,0.000120905141724,3.0226285431e-05,0.000120905141724,0.25304306246,0.4498488415,0.253039973344
759,0.139857009935,0.0153870003497,0.217483110406,0.0136844620404,0.0229584087614,0.0542017160048,0.0918637810281,0.0762741760921,0.0266793330293,0.0595600059283,0.0492627114427,0.232788284982,1,0.5,30,20,5,2,20,8.74977637461e-05,2.18744409365e-05,8.74977637461e-05,0.00166574653734,0.00104824514173,0.0006664064682,8.74977637461e-05,2.18744409365e-05,8.74977637461e-05,0.263709218411,0.468810651843,0.263705991662
760,0.0620367570105,0.197853191402,0.173577663582,0.0835604425043,0.0318126318002,0.0106609466557,0.00243661031048,0.00210730399648,0.0337827364407,0.0402570248826,0.0449391300013,0.316975561414,1,0.5,30,20,5,2,20,0.000132146654899,3.30366637247e-05,0.000132146654899,0.00563248053378,0.000741203877195,0.00135066051746,0.000132146654899,3.30366637247e-05,0.000132146654899,0.262506154613,0.466671897928,0.262502942584
761,0.254865324574,0.0502534963961,0.00667271130956,0.0208494088568,0.394467289989,0.00768619483274,0.0226345698,0.0402581097797,0.0474737657981,0.0339004019298,0.0528116297879,0.0681270969472,1,0.5,30,20,5,2,20,0.000862040112225,0.000215510028056,0.000862040112225,0.0146648805046,0.00111013466173,0.00679931932717,0.000862040112225,0.000215510028056,0.000862040112225,0.25770579992,0.458138038452,0.257702646629
762,0.136234422327,0.0242550896896,0.0262937513256,0.00145552843104,0.0296510936996,0.105214958717,0.200516116283,0.151199939074,0.158993815819,0.076251210148,0.0108649329568,0.0790691415287,1,0.5,30,20,5,2,20,0.00052009016054,0.000130022540135,0.00052009016054,0.00527885417653,0.00504843729052,0.000819406761703,0.00052009016054,0.000130022540135,0.00052009016054,0.261138116079,0.464239859181,0.261134920789
763,0.00802638409461,0.0457724827121,0.0363138194478,0.0232717057447,0.0999635357594,0.0514083289226,0.0881041613434,0.464761321586,0.0539392804091,0.00444922108451,0.0191156036213,0.104874155275,1,0.5,30,20,5,2,20,0.00085567614619,0.000213919036547,0.00085567614619,0.0342232783635,0.00581714531051,0.00226576278808,0.00085567614619,0.000213919036547,0.00085567614619,0.252490196316,0.448865967721,0.252487106843
764,0.0276325179773,0.177472678726,0.0763703839456,0.0663415784824,0.0275682328007,0.0331696265953,0.0351817068553,0.148901695204,0.0526588462667,0.0267117724733,0.124501202136,0.203489758537,1,0.5,30,20,5,2,20,2.08911836042e-05,5.22279590104e-06,2.08911836042e-05,2.1862389603e-05,4.14827760885e-05,2.08923092695e-05,2.08911836042e-05,5.22279590104e-06,2.08911836042e-05,0.264661080285,0.470502830025,0.264657841889
765,0.00659083217424,0.0435015169344,0.127553166332,0.131576286667,0.0951137928041,0.0964193203327,0.0448818680792,0.113939295313,0.0999860316001,0.0200788562411,0.155798957257,0.0645600762641,1,0.5,30,20,5,2,20,0.000289304064722,7.23260161804e-05,0.000289304064722,0.00682678851784,0.00190412725467,0.00215271393558,0.000289304064722,7.23260161804e-05,0.000289304064722,0.26148266193,0.464852377645,0.261479462425
766,0.158268899889,0.134979623498,0.0450800015056,0.0699405804094,0.182570421194,0.0376875967591,0.127915030361,0.0478699351659,0.0578723031582,0.0166947995244,0.0457763551083,0.0753444534268,1,0.5,30,20,5,2,20,0.000266808060966,6.67020152414e-05,0.000266808060966,0.0622727914054,0.00133996793675,0.00237731281613,0.000266808060966,6.67020152414e-05,0.000266808060966,0.246922320242,0.438967661649,0.246919309677
767,0.0332385701313,0.0628881011927,0.0629265218079,0.0188461268058,0.0502613566487,0.034568071622,0.0813004375584,0.108483035849,0.238020354427,0.0535426545843,0.142954661165,0.112970108209,1,0.5,30,20,5,2,20,7.02298237573e-05,1.75574559393e-05,7.02298237573e-05,0.000355235641049,0.00068718967023,0.000336505027508,7.02298237573e-05,1.75574559393e-05,7.02298237573e-05,0.264259592829,0.46978908328,0.264256359345
768,0.0538246556058,0.118707320172,0.0656523235663,0.0155363601624,0.0711338444076,0.0841801040513,0.0665847531338,0.0511626957794,0.0677611735366,0.274280602733,0.100392969913,0.0307831969389,1,0.5,30,20,5,2,20,8.37545608854e-05,2.09386402213e-05,8.37545608854e-05,0.00778348580693,0.00116276584006,0.00190211464807,8.37545608854e-05,2.09386402213e-05,8.37545608854e-05,0.261736844383,0.465304252031,0.261733641767
769,0.0679474717133,0.162564715874,0.00601447120628,0.00170337518198,0.051936854433,0.046661734181,0.0133987947212,0.0568169190358,0.365017231141,0.0746142514021,0.0655884944635,0.0877356866465,1,0.5,30,20,5,2,20,0.000318756124685,7.96890311713e-05,0.000318756124685,0.0130783600041,0.000381381748809,0.00697330401224,0.000318756124685,7.96890311713e-05,0.000318756124685,0.258919769668,0.460296180484,0.258916601522
770,0.0274095050897,0.0597316931832,0.206963949803,0.0917051960595,0.0429814300377,0.177296165063,0.0221620908712,0.0935686430218,0.12127598558,0.0440922167214,0.0706707335711,0.0421423909983,1,0.5,30,20,5,2,20,0.000139153579098,3.47883947745e-05,0.000139153579098,0.000505142994679,0.00531122571906,0.000201505091301,0.000139153579098,3.47883947745e-05,0.000139153579098,0.262949525063,0.467460102417,0.262946307609
771,0.0231049067511,0.235730643506,0.0827448562511,0.0176887830389,0.00747198762735,0.00675027274849,0.0105498906929,0.0125319797731,0.00102206715804,0.219708063076,0.256890125793,0.125806423584,1,0.5,30,20,5,2,20,4.10887430444e-05,1.02721857611e-05,4.10887430444e-05,0.0023015648488,0.000130450329815,0.000529317923394,4.10887430444e-05,1.02721857611e-05,4.10887430444e-05,0.263875430222,0.469106135892,0.263872201439
772,0.155631749543,0.157787975978,0.0532096548292,0.118795866041,0.0955577089211,0.0158947369374,0.0371679131404,0.0525463144874,0.0178997782554,0.0761479517434,0.178393735872,0.0409666142522,1,0.5,30,20,5,2,20,0.000132134106172,3.3033526543e-05,0.000132134106172,0.00347906150705,0.00197199283386,0.000736039063393,0.000132134106172,3.3033526543e-05,0.000132134106172,0.262913092743,0.46739533464,0.262909875735
773,0.00797909295452,0.102991640672,0.0956289361333,0.155108975301,0.0564176855839,0.04100034482,0.0499923618561,0.0387309764532,0.0619162971262,0.115127671431,0.24466528914,0.0304407285287,1,0.5,30,20,5,2,20,0.000125982903032,3.14957257579e-05,0.000125982903032,0.00101765840009,0.000389713565861,0.000238254653603,0.000125982903032,3.14957257579e-05,0.000125982903032,0.264122583766,0.469545514593,0.264119351958
774,0.120621797829,0.158796468717,0.0406512182756,0.259710900753,0.118098442224,0.0355069024212,0.0527504997815,0.0910062952397,0.102516579279,0.00174697274711,0.0146231413752,0.0039707813572,1,0.5,30,20,5,2,20,0.0142937453338,0.00357343633344,0.0142937453338,0.113758224137,0.0928126020428,0.0212795621128,0.0142937453338,0.00357343633344,0.0142937453338,0.187367856919,0.333094336504,0.187365564283
775,0.0568871706941,0.0777993706686,0.0833750126343,0.0320668575112,0.00166800413028,0.0291610963809,0.0904731016059,0.220874254476,0.0608211676027,0.129215897688,0.0453576334383,0.17230043317,1,0.5,30,20,5,2,20,6.77547511755e-05,1.69386877939e-05,6.77547511755e-05,0.000294015882687,0.000230142815482,0.000313800657127,6.77547511755e-05,1.69386877939e-05,6.77547511755e-05,0.264405740593,0.470048898349,0.264402505322
776,0.169486967634,0.212651431945,0.117795612434,0.0347298452192,0.0689831320686,0.120431185829,0.014778816919,0.0291956457678,0.0072663479762,0.0239693787878,0.196594499003,0.00411713641738,1,0.5,30,20,5,2,20,0.000224258667149,5.60646667872e-05,0.000224258667149,0.00360143335326,0.002030748547,0.00140818785751,0.000224258667149,5.60646667872e-05,0.000224258667149,0.262577485844,0.466798707454,0.262574272943
777,0.0438677219422,0.0717569395895,0.300490723325,0.0611038609681,0.0492332743051,0.0346947788585,0.0519685306548,0.0631218050255,0.0337751845056,0.171463015969,0.0829664141776,0.0355577506792,1,0.5,30,20,5,2,20,0.000329483467447,8.23708668618e-05,0.000329483467447,0.0098487803295,0.000889745792741,0.00156062612329,0.000329483467447,8.23708668618e-05,0.000329483467447,0.261060100227,0.464101166031,0.261056905893
778,0.000605052702501,0.307386859973,0.0387408035298,0.0632290577335,0.000370258473705,0.0619725812946,0.0752801010697,0.21457012343,0.122664859841,0.0936718448787,0.0130653679876,0.00844308908589,1,0.5,30,20,5,2,20,0.000582502009446,0.000145625502362,0.000582502009446,0.108542870094,0.00162238372103,0.00393679507972,0.000582502009446,0.000145625502362,0.000582502009446,0.233810626506,0.415658281957,0.233807783601
779,0.103738368167,0.01621847896,0.0871014454682,0.0289608678648,0.140923314464,0.00374970639203,0.0886036004851,0.083855047152,0.198326340788,0.109288857727,0.0165304905192,0.122703482012,1,0.5,30,20,5,2,20,8.97770179632e-05,2.24442544908e-05,8.97770179632e-05,0.000507047913784,0.00149685033035,0.000586029987077,8.97770179632e-05,2.24442544908e-05,8.97770179632e-05,0.263915747312,0.469177809841,0.263912518035
780,0.057508158809,0.055729611655,0.024632745878,0.0227632407906,0.0725319525815,0.0586875575161,0.0821080424577,0.0738032992506,0.133881459751,0.338869647577,0.0558409342466,0.0236433494863,1,0.5,30,20,5,2,20,2.80168025616e-05,7.00420064041e-06,2.80168025616e-05,0.0142187089852,0.000609343123182,0.000535686632223,2.80168025616e-05,7.00420064041e-06,2.80168025616e-05,0.260607980535,0.463297411272,0.260604793841
781,0.0119605828372,0.0804670455747,0.0855043104063,0.0932166262174,0.0565210042508,0.0567572498287,0.152493724875,0.0685641161379,0.117087714808,0.134307456642,0.0378041001553,0.105316068266,1,0.5,30,20,5,2,20,0.000222753473555,5.56883683888e-05,0.000222753473555,0.0245163860464,0.00313076918043,0.00154721996958,0.000222753473555,5.56883683888e-05,0.000222753473555,0.256714930492,0.456376514356,0.256711789325
782,0.0141854179517,0.106829245745,0.0727387336819,0.152520930643,0.095412523706,0.019427383153,0.0633976508473,0.0810521741573,0.0998507875658,0.0671096893864,0.0901722980334,0.137303165129,1,0.5,30,20,5,2,20,0.00023791917443,5.94797936074e-05,0.00023791917443,0.0368334376609,0.00150215523936,0.000545051523474,0.00023791917443,5.94797936074e-05,0.00023791917443,0.254132829792,0.451786169279,0.25412972022
783,0.251696396605,0.0322570658942,0.000401016647625,0.000413256155742,0.0630565237074,0.0765337259923,0.285636547669,0.0104487901957,0.0279533278093,0.071282635987,0.0970688813868,0.0832518319501,1,0.5,30,20,5,2,20,0.000194616556432,4.86541391079e-05,0.000194616556432,0.0126741341819,0.00224876887289,0.00344578507436,0.000194616556432,4.86541391079e-05,0.000194616556432,0.259614095657,0.461530522694,0.259610919016
784,0.0294783773696,0.00449981336799,0.429379903939,0.0219939624328,0.0696473286124,0.0439167813311,0.00201484933356,0.00444535848098,0.187581671576,0.0571144345063,0.140213019923,0.0097144991284,1,0.5,30,20,5,2,20,0.000256993469649,6.42483674122e-05,0.000256993469649,0.035736012383,0.000709908819472,0.00580286037288,0.000256993469649,6.42483674122e-05,0.000256993469649,0.253218534998,0.450160776201,0.253215436613
785,0.0045005072658,0.21989612331,0.0891663360974,0.0314122194267,0.142505084023,0.211229638156,0.0342392482599,0.0141289027495,0.168268402271,0.0701995620658,0.0117600793588,0.00269389701559,1,0.5,30,20,5,2,20,0.0013040033411,0.000326000835275,0.0013040033411,0.00184741719769,0.00361529276418,0.00184168033289,0.0013040033411,0.000326000835275,0.0013040033411,0.261221419404,0.46438795217,0.261218223096
786,0.0038191555109,0.176676830229,0.026451777262,0.0037673803751,0.0126010196344,0.0212133385919,0.0834710343486,0.210062267458,0.152648924772,0.00311124091953,0.170365914917,0.135811115982,1,0.5,30,20,5,2,20,4.66014735034e-05,1.16503683759e-05,4.66014735034e-05,8.07629381475e-05,0.000102554022356,0.000215600819434,4.66014735034e-05,1.16503683759e-05,4.66014735034e-05,0.26454715604,0.470300300512,0.264543919038
787,0.189791174224,0.335165013985,0.00188351959472,0.0183423369056,0.0216640385664,0.0540813644696,0.0072508688004,0.0181107314229,0.135173444832,0.00771725327961,0.100566347686,0.110253906234,1,0.5,30,20,5,2,20,0.000187870343474,4.69675858686e-05,0.000187870343474,0.00173519893923,0.0035057371336,0.000478453555442,0.000187870343474,4.69675858686e-05,0.000187870343474,0.262970505506,0.467497400525,0.262967287795
788,0.0940843868482,0.244168164658,0.0401784117073,0.0893264176262,0.0412138666918,0.0294504277956,0.10819970082,0.199935959438,0.100146873729,0.00859744923836,0.00811488849028,0.0365834529565,1,0.5,30,20,5,2,20,0.00390098916071,0.000975247290179,0.00390098916071,0.0137032431246,0.0120735633207,0.0238081216909,0.00390098916071,0.000975247290179,0.00390098916071,0.246935915398,0.438991811355,0.246932893887
789,0.00283525597369,0.142551735382,0.133311597533,0.0560035542775,0.00945434954105,0.00223678860068,0.0580154965863,0.0288975925077,0.0667822693023,0.382505157447,0.0458893071822,0.071516895666,1,0.5,30,20,5,2,20,3.32749606061e-05,8.31874015153e-06,3.32749606061e-05,0.00631752708023,0.000516064875268,0.000399644076738,3.32749606061e-05,8.31874015153e-06,3.32749606061e-05,0.262753929892,0.467112381922,0.262750714831
790,0.149307174411,0.0129550026848,0.00513126056529,0.00577245114198,0.0890150669582,0.183292498757,0.164536203218,0.0706270512266,0.0228865047422,0.094969226435,0.112570060472,0.0889374993873,1,0.5,30,20,5,2,20,5.01026961149e-05,1.25256740287e-05,5.01026961149e-05,0.000589327666815,0.00141489894416,0.000556453703083,5.01026961149e-05,1.25256740287e-05,5.01026961149e-05,0.263970749021,0.469275589461,0.263967519072
791,0.027750135605,0.040868499858,0.0946184363549,0.0682857555729,0.111411439718,0.0193304504584,0.0189758627608,0.109271355991,0.247777701445,0.0109157268481,0.0409992584624,0.209795376926,1,0.5,30,20,5,2,20,0.000262645957385,6.56614893462e-05,0.000262645957385,0.0311270348774,0.00046160767984,0.00080050675322,0.000262645957385,6.56614893462e-05,0.000262645957385,0.255821723937,0.454788620764,0.25581859918
792,0.183267778068,0.00105586780519,0.0740886551622,0.0564045161624,0.0627824832697,0.205032419002,0.0914821087268,0.00167084620198,0.132358768571,0.00362926356029,0.0460417705171,0.142185522953,1,0.5,30,20,5,2,20,0.000349314573554,8.73286433885e-05,0.000349314573554,0.0406332926582,0.00128040552855,0.00267452784704,0.000349314573554,8.73286433885e-05,0.000349314573554,0.252489293001,0.448864361846,0.252486203538
793,0.119035148931,0.00979864544004,0.0587311796682,0.188966797068,0.162481521803,0.0614745416614,0.0953183621872,0.0262101935373,0.0754227498263,0.0786427105071,0.115232061045,0.00868608832545,1,0.5,30,20,5,2,20,0.000536572740653,0.000134143185163,0.000536572740653,0.0443928482823,0.00213047597831,0.000692495863784,0.000536572740653,0.000134143185163,0.000536572740653,0.251570687601,0.447231305563,0.251567609379
794,0.0872529010872,0.0256265504808,0.0503465529258,0.0721870346581,0.0752104876007,0.103789514828,0.105726591619,0.0164345140298,0.00517554748935,0.10213225391,0.123737316175,0.232380735196,1,0.5,30,20,5,2,20,3.9748784549e-05,9.93719613726e-06,3.9748784549e-05,0.0167494663415,0.000367422894495,0.000525670074237,3.9748784549e-05,9.93719613726e-06,3.9748784549e-05,0.259990782413,0.462200184798,0.259987603949
795,0.186734170701,0.0204039598923,0.00320412676715,0.0144777709446,0.214496711126,0.0196599418565,0.249062758674,0.017399270388,0.0401781636146,0.000810050153643,0.113531175448,0.120041900433,1,0.5,30,20,5,2,20,0.000182087364502,4.55218411255e-05,0.000182087364502,0.00892556807691,0.00257506741516,0.00269414436168,0.000182087364502,4.55218411255e-05,0.000182087364502,0.260733888283,0.463521240783,0.26073069794
796,0.0242804807699,0.0118531714656,0.0238095094644,0.203515717867,0.115665286433,0.0590978007742,0.175929953328,0.0549598279654,0.0612646703255,0.0116524639539,0.135984351029,0.121986766625,1,0.5,30,20,5,2,20,0.000224093176698,5.60232941745e-05,0.000224093176698,0.0172850439435,0.00359115635138,0.000960569178989,0.000224093176698,5.60232941745e-05,0.000224093176698,0.258660953692,0.459836068825,0.258657788714
797,0.138062216555,0.272841572765,0.0247347072696,0.0313030503412,0.0265165942628,0.0598564892637,0.0233990834717,0.310521554092,0.0248458123563,0.0202557531771,0.033229113297,0.0344340531492,1,0.5,30,20,5,2,20,0.00259108568444,0.000647771421109,0.00259108568444,0.0440173953293,0.0159059482266,0.00308500312448,0.00259108568444,0.000647771421109,0.00259108568444,0.244942965817,0.43544883323,0.244939968692
798,0.0571891743855,0.0514705641852,0.163724081385,0.106290398743,0.0501376034063,0.134397775963,0.00550656416119,0.242540042506,0.01129762876,0.153579923753,0.0092979806229,0.014568262129,1,0.5,30,20,5,2,20,0.000444700435765,0.000111175108941,0.000444700435765,0.0184641936212,0.00707204988572,0.00153896028957,0.000444700435765,0.000111175108941,0.000444700435765,0.257011512297,0.456903764445,0.257008367501
799,0.160652172446,0.0877075795926,0.0981123096478,0.113428394564,0.139938217535,0.0124907040267,0.00595241029751,0.182111840537,0.0415182523735,0.0440146055694,0.0334348478742,0.0806386655363,1,0.5,30,20,5,2,20,0.000391465485002,9.78663712506e-05,0.000391465485002,0.0600469230616,0.00233439301327,0.0042781363333,0.000391465485002,9.78663712506e-05,0.000391465485002,0.246596647358,0.438388675553,0.246593629998
800,0.0222360782228,0.0124672128424,0.218141030137,0.0108812824213,0.0498828856086,0.0486679341929,0.116198247997,0.078048899459,0.0090233785115,0.129191549534,0.247856050685,0.0574054503885,1,0.5,30,20,5,2,20,2.95596537076e-05,7.38991342689e-06,2.95596537076e-05,0.00924668583759,0.000275349792678,0.000202952890862,2.95596537076e-05,7.38991342689e-06,2.95596537076e-05,0.262098766785,0.465947664801,0.262095561451
801,0.0133906691172,0.173136742075,0.0282674360759,0.0152177673125,0.205177912656,0.0829219846794,0.0124879063827,0.0167999313197,0.0617308183844,0.0383514314951,0.194582450449,0.157934950052,1,0.5,30,20,5,2,20,0.000103484808477,2.58712021193e-05,0.000103484808477,0.0136697312873,0.00110982889892,0.000729066872939,0.000103484808477,2.58712021193e-05,0.000103484808477,0.260479732428,0.46306941368,0.260476545195
802,0.0291775958278,0.282245944163,0.0268957218447,0.140838650046,0.0451575611624,0.024362593269,0.0346508969112,0.156287733768,0.050331153895,0.0414268163147,0.120979080116,0.0476462526835,1,0.5,30,20,5,2,20,0.000369631885047,9.24079712619e-05,0.000369631885047,0.0215437636148,0.00481902842553,0.00186015273116,0.000369631885047,9.24079712619e-05,0.000369631885047,0.256797116471,0.456522620976,0.256793974299
803,0.114948014635,0.0034221709851,0.107610793083,0.163768568247,0.106107412071,0.00875949392685,0.0107627485241,0.0863348155401,0.00640981606169,0.0123588449864,0.261165674546,0.118351647393,1,0.5,30,20,5,2,20,0.00014213886908,3.553471727e-05,0.00014213886908,0.00557056492832,0.00231177307757,0.00025082692919,0.00014213886908,3.553471727e-05,0.00014213886908,0.262386033981,0.466458352751,0.262382823422
804,0.10231533324,0.0923740750161,0.0248514614851,0.123576739868,0.197120301669,0.0429224896663,0.0455267762936,0.169489503104,0.0474906055593,0.0630616166255,0.067216443176,0.0240546542961,1,0.5,30,20,5,2,20,0.000215176574203,5.37941435506e-05,0.000215176574203,0.000205148654109,0.000673296845115,0.000824019640516,0.000215176574203,5.37941435506e-05,0.000215176574203,0.264001291781,0.469329887037,0.263998061458
805,0.0822194386786,0.0661302539783,0.0686529583419,0.242640206632,0.0231364226375,0.0547599764013,0.22713585882,0.0660024883899,0.0930579184321,0.0409837912125,0.0348404858597,0.000440200615491,1,0.5,30,20,5,2,20,0.00196418261996,0.00049104565499,0.00196418261996,0.131011057562,0.00754236407427,0.00402069760528,0.00196418261996,0.00049104565499,0.00196418261996,0.224628007191,0.399333793138,0.22462525864
806,0.0873506525513,0.0738576111678,0.184663796567,0.0511657962367,0.293187756795,0.0293545212996,0.00452975175868,0.0359158491602,0.081222815,0.112754561903,0.0317426683417,0.0142542192192,1,0.5,30,20,5,2,20,0.000220034828427,5.50087071066e-05,0.000220034828427,0.000794983730983,0.00205866261472,0.00230456454216,0.000220034828427,5.50087071066e-05,0.000220034828427,0.263080740233,0.467693370976,0.263077521174
807,0.0314712154192,0.0853567338366,0.0042359269847,0.0430235984637,0.206665162779,0.127925205651,0.239319267873,0.0016161864464,0.0557374576959,0.0631607778168,0.0946257030086,0.046862764025,1,0.5,30,20,5,2,20,0.000435261048291,0.000108815262073,0.000435261048291,0.0188186185328,0.00605558139525,0.00173362786499,0.000435261048291,0.000108815262073,0.000435261048291,0.257146474664,0.457143694608,0.257143328217
808,0.18704255235,0.00989806123732,0.11056904371,0.0103364109236,0.0194065052238,0.105726572539,0.0636060685788,0.0297608587784,0.0206267506299,0.272772196901,0.0847182206565,0.0855367584722,1,0.5,30,20,5,2,20,0.000114677525155,2.86693812889e-05,0.000114677525155,0.00328333079272,0.000683256098012,0.000879297005741,0.000114677525155,2.86693812889e-05,0.000114677525155,0.263288916039,0.468063456769,0.263285694433
809,0.0354462834224,0.0205398119209,0.0373135976668,0.12158625136,0.00961172111459,0.0849630481584,0.0418206134965,0.115700515618,0.0313153433401,0.279363636126,0.141857545211,0.0804816325661,1,0.5,30,20,5,2,20,7.46144161742e-05,1.86536040436e-05,7.46144161742e-05,0.0103764866082,0.000418700313917,0.000901750219999,7.46144161742e-05,1.86536040436e-05,7.46144161742e-05,0.26152310829,0.464924281405,0.26151990829
810,0.159623754087,0.0623884751112,0.00477467871468,0.193201452172,0.00424012163101,0.121056941692,0.0679751313095,0.0178701305237,0.256750003369,0.0226101242589,0.0288137667135,0.0606954204176,1,0.5,30,20,5,2,20,0.000980743481728,0.000245185870432,0.000980743481728,0.0251543925358,0.0162200532813,0.00220446750779,0.000980743481728,0.000245185870432,0.000980743481728,0.25200431639,0.448002191755,0.252001232862
811,0.192690134409,0.0886429902522,0.0731096185486,0.154134145233,0.0362699479538,0.0868222648852,0.00472502339844,0.0908569354337,0.0939848354542,0.00357447285768,0.0900889929505,0.085100638624,1,0.5,30,20,5,2,20,0.000274796892285,6.86992230713e-05,0.000274796892285,0.0446344336854,0.0079693428157,0.00199459798996,0.000274796892285,6.86992230713e-05,0.000274796892285,0.249928288488,0.444311520644,0.249925230362
812,0.200427860166,0.0160539073867,0.371243168413,0.0729537229876,0.00255780601176,0.0117855495112,0.122359775463,0.00324146087068,0.0079032711367,0.0248759282653,0.163136206931,0.0034613428564,1,0.5,30,20,5,2,20,0.00033129305467,8.28232636675e-05,0.00033129305467,0.00484747430156,0.00233510294495,0.00348591362592,0.00033129305467,8.28232636675e-05,0.00033129305467,0.261489594211,0.464864701549,0.261486394621
813,0.0306853257538,0.0149851003711,0.165640634867,0.184787036375,0.0351180537752,0.0758277223802,0.123455051152,0.167441059557,0.0490084365032,0.0154985827002,0.0284337741058,0.10911922246,1,0.5,30,20,5,2,20,0.000604316024098,0.000151079006025,0.000604316024098,0.0104921265481,0.00138301512711,0.00683291445111,0.000604316024098,0.000151079006025,0.000604316024098,0.259036233387,0.460503224562,0.259033063816
814,0.0183708441046,0.0158197991435,0.0943205696689,0.102307481231,0.0786530070945,0.0956940665011,0.102226939434,0.19440294455,0.132098827156,0.0113706811282,0.134633624749,0.0201012152386,1,0.5,30,20,5,2,20,0.000259285157773,6.48212894432e-05,0.000259285157773,0.0496180401953,0.0106540196031,0.00330008884012,0.000259285157773,6.48212894432e-05,0.000259285157773,0.247571333447,0.440121430211,0.247568304494
815,0.0978533066549,0.0738429665374,0.0235478655408,0.432688183897,0.112023772528,0.0278091642342,0.0378197031705,0.0302709201263,0.0176077284074,0.0213899875967,0.0585705998616,0.0665758014446,1,0.5,30,20,5,2,20,0.000306804041935,7.67010104838e-05,0.000306804041935,0.0006750990433,0.00205651803451,0.000649800821702,0.000306804041935,7.67010104838e-05,0.000306804041935,0.263447713645,0.46834576017,0.263444490096
816,0.0225576355496,0.124133623128,0.156980496493,0.202085774406,0.172104781467,0.00992702541174,0.0482535859004,0.0184843008098,0.0314293306804,0.0311431420192,0.0391323452395,0.143767958895,1,0.5,30,20,5,2,20,0.000564690073856,0.000141172518464,0.000564690073856,0.00989987928658,0.0040880226236,0.000546598857694,0.000564690073856,0.000141172518464,0.000564690073856,0.260188209904,0.462551157757,0.260185026238
817,0.00543032882899,0.0761326862912,0.0540686896934,0.0298650610771,0.00327358934973,0.0638747509374,0.0160139593371,0.330103420491,0.136164284061,0.0504686822087,0.198289508791,0.0363150389326,1,0.5,30,20,5,2,20,0.000245797533937,6.14493834843e-05,0.000245797533937,0.00958073805339,0.000736161120485,0.00204681603404,0.000245797533937,6.14493834843e-05,0.000245797533937,0.261142695489,0.464248000256,0.261139500144
818,0.17291937767,0.0468404140261,0.106689949218,0.0136834979003,0.0361275407397,0.011932410621,0.0815746985089,0.0167272138022,0.0724559513703,0.352448078909,0.0422223785798,0.0463784886546,1,0.5,30,20,5,2,20,3.62800021989e-05,9.07000054972e-06,3.62800021989e-05,0.0147875345111,0.000896547144285,0.000527060421788,3.62800021989e-05,9.07000054972e-06,3.62800021989e-05,0.260373824401,0.462881135047,0.260370638464
819,0.074741750298,0.0998655984603,0.0150389574649,0.146782384901,0.00605488551143,0.0483491467428,0.0195025250568,0.000856901892904,0.0135972858833,0.0926709251729,0.26668711532,0.215852523296,1,0.5,30,20,5,2,20,2.35217221159e-05,5.88043052898e-06,2.35217221159e-05,0.000476944544264,0.000548805839487,0.000184702139445,2.35217221159e-05,5.88043052898e-06,2.35217221159e-05,0.264359828391,0.469967277655,0.264356593681
820,0.0259602610249,0.06916580666,0.22464979096,0.108082448474,0.0668489902311,0.0507076894823,0.111504273899,0.100950632478,0.0898416134052,0.0532365632009,0.00421192104973,0.094840009135,1,0.5,30,20,5,2,20,0.000288373438015,7.20933595037e-05,0.000288373438015,0.016436439258,0.010173264306,0.00336679957212,0.000288373438015,7.20933595037e-05,0.000288373438015,0.256429729102,0.455869495866,0.256426591425
821,0.202911388609,0.0183814759654,0.0568510524407,0.0509203547604,0.187182156804,0.0122114292912,0.0315121589123,0.108609465667,0.173998592874,0.0121092112286,0.132459284951,0.0128534284956,1,0.5,30,20,5,2,20,0.00081774776285,0.000204436940712,0.00081774776285,0.0233262502896,0.00294908459413,0.00561368802921,0.00081774776285,0.000204436940712,0.00081774776285,0.255292885399,0.453848465123,0.255289761632
822,0.130536575585,0.134279179365,0.0871171297375,0.0012176598687,0.077912760474,0.208114018942,0.00232490460683,0.0964983200426,0.0809832541566,0.0120326817897,0.0360475788828,0.13293593655,1,0.5,30,20,5,2,20,0.000403735747376,0.000100933936844,0.000403735747376,0.00531723838535,0.002010676864,0.0016780585864,0.000403735747376,0.000100933936844,0.000403735747376,0.261843383402,0.465493652415,0.261840179484
823,0.00591755139578,0.0795081405778,0.164210814911,0.10022771239,0.221615679091,0.162463391749,0.0146277079873,0.00755230514371,0.057120551918,0.133839078082,0.0312670364994,0.0216500302555,1,0.5,30,20,5,2,20,0.000433650306672,0.000108412576668,0.000433650306672,0.0556768298076,0.00174872935047,0.00707127281933,0.000433650306672,0.000108412576668,0.000433650306672,0.247118860839,0.439317043714,0.247115837089
824,0.0641860495397,0.089318449643,0.0227826493875,0.0372069667212,0.029786107276,0.0253998351551,0.0797536452739,0.0938163335105,0.0906698145333,0.315285686278,0.126085970673,0.0257084920082,1,0.5,30,20,5,2,20,3.60513382634e-05,9.01283456585e-06,3.60513382634e-05,0.000689731893843,0.000686052205066,7.65432717183e-05,3.60513382634e-05,9.01283456585e-06,3.60513382634e-05,0.264280877002,0.469826921347,0.264277643258
825,0.0851267932776,0.00543124649311,0.0680778172956,0.0569579010496,0.0265332996022,0.107321126193,0.00265253165254,0.324269580139,0.0677471248491,0.0179682839231,0.171364585853,0.0665497096734,1,0.5,30,20,5,2,20,0.00021062814739,5.26570368474e-05,0.00021062814739,0.0284261814078,0.00495252600672,0.000283717150951,0.00021062814739,5.26570368474e-05,0.00021062814739,0.255546644433,0.454299586776,0.255543517562
826,0.0868976244849,0.0153687356136,0.316749617339,0.00677832949052,0.0475969098615,0.0143231977797,0.0560606590186,0.00106765874012,0.0671756484844,0.0834783987392,0.0299364674445,0.274566753004,1,0.5,30,20,5,2,20,3.62780165112e-05,9.06950412779e-06,3.62780165112e-05,0.000387394410565,0.000695652461085,0.000101097798458,3.62780165112e-05,9.06950412779e-06,3.62780165112e-05,0.264351597163,0.469952644539,0.264348362553
827,0.0726678892238,0.143936097028,0.0150458865427,0.00047197132349,0.0769487614736,0.136249818748,0.0865327737696,0.000555529008398,0.186126360632,0.138199665309,0.0511069907735,0.0921582561682,1,0.5,30,20,5,2,20,0.000296096305928,7.4024076482e-05,0.000296096305928,0.0195263353543,0.00219359451205,0.00197163733489,0.000296096305928,7.4024076482e-05,0.000296096305928,0.258084204201,0.458810748941,0.25808104628
828,0.0200898077948,0.161517147885,0.06768740401,0.00806185154493,0.110404976744,0.0859246542609,0.0633062520579,0.270570590839,0.0734769263442,0.00966939049526,0.0316635920744,0.0976274059499,1,0.5,30,20,5,2,20,0.000312552661106,7.81381652765e-05,0.000312552661106,0.00282957377047,0.00957662657005,0.00105911163073,0.000312552661106,7.81381652765e-05,0.000312552661106,0.26077157587,0.463588240117,0.260768385066
829,0.0682843454099,0.0167348636726,0.0775199838405,0.125583846312,0.0495466959723,0.105259244766,0.0236347790692,0.204222709184,0.0876949329071,0.108547312414,0.126364103059,0.00660718339376,1,0.5,30,20,5,2,20,0.000387417586759,9.68543966898e-05,0.000387417586759,0.00950326365979,0.00286139117932,0.000973754633995,0.000387417586759,9.68543966898e-05,0.000387417586759,0.26071598987,0.463489421771,0.260712799746
830,0.122376727289,0.0963807607935,0.00923404023906,0.0614232834024,0.0119592113012,0.151754807599,0.0241725818416,0.0821543504686,0.141384182116,0.11973951127,0.131306079209,0.0481144644712,1,0.5,30,20,5,2,20,0.000265690794827,6.64226987068e-05,0.000265690794827,0.00891078951344,0.00320589158204,0.00084378599312,0.000265690794827,6.64226987068e-05,0.000265690794827,0.260961033737,0.463925049982,0.260957840615
831,0.115451533012,0.152889452373,0.00240601428721,0.0210242599987,0.0195850024694,0.0761034906764,0.056626341527,0.0388511936033,0.27331743179,0.0170691644038,0.0316919359701,0.194984179889,1,0.5,30,20,5,2,20,0.000244750904382,6.11877260955e-05,0.000244750904382,0.00418691318614,0.00300091558583,0.000567375524613,0.000244750904382,6.11877260955e-05,0.000244750904382,0.262363853144,0.466418920634,0.262360642856
832,0.011716434699,0.141778733554,0.0485775411264,0.00309376314819,0.033666066024,0.0238769870208,0.130227675996,0.0780370306032,0.0428828917235,0.000290944320286,0.420156233413,0.0656956983717,1,0.5,30,20,5,2,20,1.18273095853e-05,2.95682739633e-06,1.18273095853e-05,0.000214638357631,0.000687962533768,1.83834972459e-05,1.18273095853e-05,2.95682739633e-06,1.18273095853e-05,0.264450383233,0.470128262071,0.264447147415
833,0.147075750398,0.0777507207084,0.113226719994,0.0864292681826,0.285408297083,0.0111571357911,0.0180208471598,0.0135233310936,0.140398337447,0.018418034786,0.0135117135216,0.0750798438344,1,0.5,30,20,5,2,20,0.000857389155699,0.000214347288925,0.000857389155699,0.0666144735934,0.00432340623843,0.0127633326118,0.000857389155699,0.000214347288925,0.000857389155699,0.241530550337,0.429382391052,0.241527594967
834,0.0483719506038,0.204984778706,0.0451014691803,0.0315857872777,0.0141784888577,0.0734431599692,0.106220015341,0.0990038733705,0.08649370787,0.157672785176,0.0417479458175,0.0911960378293,1,0.5,30,20,5,2,20,0.000155146714203,3.87866785508e-05,0.000155146714203,0.0178525529496,0.00166862348193,0.00182426255079,0.000155146714203,3.87866785508e-05,0.000155146714203,0.258873141077,0.460213286225,0.258869973502
835,0.0149713866764,0.0717072436987,0.0210182000855,0.0426716419994,0.135199624565,0.0222996827288,0.00339699017371,0.00230257168682,0.118172277588,0.309444482479,0.192309878145,0.0665060201732,1,0.5,30,20,5,2,20,2.16601637586e-05,5.41504093965e-06,2.16601637586e-05,0.000148282377645,9.90694190857e-05,0.000103395604915,2.16601637586e-05,5.41504093965e-06,2.16601637586e-05,0.264589616906,0.470375785572,0.264586379384
836,0.0439442955684,0.112097853457,0.113023083038,0.075549526674,0.115974917225,0.0606594897933,0.0516084541614,0.206685565939,0.0175370055759,0.0586668248152,0.0259976066635,0.11825537709,1,0.5,30,20,5,2,20,0.000181735996826,4.54339992064e-05,0.000181735996826,0.0113758684443,0.00467103096437,0.00357214684851,0.000181735996826,4.54339992064e-05,0.000181735996826,0.259298458685,0.460969397166,0.259295285906
837,0.017275931301,0.0925410958317,0.0858907634939,0.0769224016742,0.0225444342994,0.0161121828228,0.044568238317,0.0914145410799,0.166039979566,0.270847319366,0.0880844197389,0.0277586925091,1,0.5,30,20,5,2,20,6.45185990761e-05,1.6129649769e-05,6.45185990761e-05,0.000779000255056,0.000247485106366,0.000852544777801,6.45185990761e-05,1.6129649769e-05,6.45185990761e-05,0.264134015417,0.469565837279,0.264130783469
838,0.0629043698113,0.20550935654,0.165592272381,0.155337616396,0.211730378229,0.0208272396294,0.068089631269,0.0105631492207,0.0799630867046,0.0131794873037,0.00349135678607,0.00281205572953,1,0.5,30,20,5,2,20,0.00847113653049,0.00211778413262,0.00847113653049,0.31869853102,0.0211694733274,0.06035773257,0.00847113653049,0.00211778413262,0.00847113653049,0.148674494642,0.264306978594,0.148672675459
839,0.149682851838,0.000332103080903,0.0657502262835,0.112017955105,0.0814573239649,0.0345190990782,0.0295296008714,0.0666787425761,0.173920306912,0.230015772931,0.0182517674193,0.03784424994,1,0.5,30,20,5,2,20,7.20913007109e-05,1.80228251777e-05,7.20913007109e-05,0.00156148153737,0.00189396929861,0.000931680501256,7.20913007109e-05,1.80228251777e-05,7.20913007109e-05,0.263461079797,0.468369521928,0.263457856084
840,0.115469611195,0.0217037235471,0.000152458961413,0.0287915720719,0.0931772171981,0.00600384447062,0.21183025517,0.0161165847471,0.161355202706,0.0663191411319,0.00363264445205,0.275447744348,1,0.5,30,20,5,2,20,0.000125606996538,3.14017491345e-05,0.000125606996538,0.00360820037607,0.000553516449162,0.00128400243468,0.000125606996538,3.14017491345e-05,0.000125606996538,0.263117115615,0.46775803753,0.263113896111
841,0.101179888628,0.0348825695061,0.10585358049,0.104988920613,0.1846537197,0.00788235862214,0.045303043755,0.202579907372,0.0240421124148,0.0271392297987,0.0203726171023,0.141122051998,1,0.5,30,20,5,2,20,0.000812979928148,0.000203244982037,0.000812979928148,0.0185650541342,0.00354004003508,0.00176954541786,0.000812979928148,0.000203244982037,0.000812979928148,0.257420038279,0.457630023972,0.257416888484
842,0.0208704998772,0.106577587045,0.0784241678908,0.00273228563822,0.021276426715,0.395393124678,0.135658836053,0.114047770776,0.0142901284925,0.0638599127133,0.0112650020668,0.0356042580552,1,0.5,30,20,5,2,20,0.000665801116359,0.00016645027909,0.000665801116359,0.0583345372525,0.00973721998547,0.0113831118527,0.000665801116359,0.00016645027909,0.000665801116359,0.242882809732,0.431786378338,0.242879837815
843,0.0138949397332,0.0175172169742,0.330083782979,0.00140519049172,0.0288825896428,0.292941797833,0.106849201054,0.00163888734282,0.0641419266972,0.0100995496859,0.0315826695892,0.100962247977,1,0.5,30,20,5,2,20,0.000269084969988,6.7271242497e-05,0.000269084969988,0.00236437972195,0.00679011402205,0.00151021692794,0.000269084969988,6.7271242497e-05,0.000269084969988,0.261564696335,0.464998214802,0.261561495826
844,0.1077192317,0.0988581438097,0.0360177716408,0.0757406379224,0.00166232036269,0.0460955124412,0.103200604554,0.0341919592679,0.0875526157634,0.109677112306,0.0312952567781,0.267988833453,1,0.5,30,20,5,2,20,6.01425949561e-05,1.5035648739e-05,6.01425949561e-05,0.000753195286195,0.000151317586083,0.000978171237866,6.01425949561e-05,1.5035648739e-05,6.01425949561e-05,0.26413826082,0.469573384571,0.264135028821
845,0.037227874077,0.0190118265224,0.0775566681883,0.176084629847,0.140264486775,0.134652554816,0.059183444855,0.0512707099947,0.0194259122948,0.0535801070621,0.0962764445183,0.13546534105,1,0.5,30,20,5,2,20,0.000147300778494,3.68251946234e-05,0.000147300778494,0.0062423685522,0.0034047023383,0.00181914395032,0.000147300778494,3.68251946234e-05,0.000147300778494,0.261497599326,0.464878932691,0.261494399639
846,0.00941004228759,0.00401969565228,0.0580520903358,0.0103646337755,0.0836983593943,0.00389177727377,0.282458162569,0.0264641245087,0.0435065478378,0.193716409413,0.244262166368,0.0401559905844,1,0.5,30,20,5,2,20,6.04656789522e-05,1.5116419738e-05,6.04656789522e-05,0.00749007186819,0.000405712029408,0.00105646693245,6.04656789522e-05,1.5116419738e-05,6.04656789522e-05,0.262266503233,0.466245856244,0.262263294137
847,0.147488433223,0.0490454313309,0.053135749553,0.00661905753928,0.0447550371739,0.0447181484151,0.0367340631168,0.169653061945,0.0492250063907,0.0832068056827,0.299461782912,0.0159574227182,1,0.5,30,20,5,2,20,0.00010854526398,2.71363159951e-05,0.00010854526398,0.00418464218141,0.000656811405093,0.000506904556073,0.00010854526398,2.71363159951e-05,0.00010854526398,0.263163211625,0.467839984989,0.263159991556
848,0.21099637864,0.0437093410289,0.133854155626,0.0230742782711,0.0467406014446,0.0513418216406,0.0511090825608,0.172569856601,0.0163910842723,0.0231366346638,0.190731884815,0.0363448804365,1,0.5,30,20,5,2,20,0.000250337507382,6.25843768455e-05,0.000250337507382,0.00750746856724,0.00133477297423,0.0011857743395,0.000250337507382,6.25843768455e-05,0.000250337507382,0.261755566445,0.46533753529,0.261752363601
849,0.0480261335117,0.286339797143,0.0739885058422,0.00555406143797,0.0696873754582,0.0637686927176,0.0663894306459,0.0826026423267,0.152853299779,0.0202315143376,0.126499488966,0.0040590578335,1,0.5,30,20,5,2,20,0.000268084254486,6.70210636216e-05,0.000268084254486,0.0647015643556,0.00997781224144,0.00147969784071,0.000268084254486,6.70210636216e-05,0.000268084254486,0.244228989043,0.434179556719,0.244226000654
850,0.0468249883779,0.00563531958289,0.04160803523,0.0696882398519,0.0268769238608,0.0189639473603,0.0498378776135,0.00278060159756,0.122360346592,0.381033738421,0.144421155645,0.0899688258672,1,0.5,30,20,5,2,20,5.85993770642e-05,1.4649844266e-05,5.85993770642e-05,0.000882647481211,0.000124679793981,0.00030721514452,5.85993770642e-05,1.4649844266e-05,5.85993770642e-05,0.264290490882,0.469844012481,0.26428725702
851,0.210043174503,0.0119019625114,0.0207172298449,0.0812368141855,0.0321278974704,0.139575813709,0.0132612508686,0.173911444464,0.0421746568163,0.0747094827369,0.0356692375631,0.164671035326,1,0.5,30,20,5,2,20,0.000139196851519,3.47992128797e-05,0.000139196851519,0.0229906121341,0.000629844629818,0.000640319977786,0.000139196851519,3.47992128797e-05,0.000139196851519,0.258120423625,0.458875144833,0.258117268968
852,0.0088586179978,0.0136150614756,0.0068551680205,0.0475104416851,0.0617629844979,0.224153442221,0.0179862820622,0.122032998365,0.125967751767,0.0644371067489,0.0439705342184,0.26284961094,1,0.5,30,20,5,2,20,4.72708780181e-05,1.18177195045e-05,4.72708780181e-05,0.000745248143281,0.00158694362768,7.16793924415e-05,4.72708780181e-05,1.18177195045e-05,4.72708780181e-05,0.264015630924,0.469355378535,0.264012400426
853,0.115609035345,0.14487532588,0.161203501556,0.0609033637565,0.0547036363966,0.0221159136469,0.00512593986941,0.0106904988681,0.0743560711487,0.0142175074451,0.27185276653,0.0643464395579,1,0.5,30,20,5,2,20,9.29649700385e-05,2.32412425096e-05,9.29649700385e-05,0.00325891980907,0.000559614371746,0.00140110923592,9.29649700385e-05,2.32412425096e-05,9.29649700385e-05,0.263215842523,0.467933549885,0.26321262181
854,0.00757232208656,0.0189424716819,0.00940661236736,0.0603686107316,0.150268980931,0.0236410924003,0.330777253802,0.0210965683431,0.0508203667239,0.10550095041,0.156780568587,0.0648242019345,1,0.5,30,20,5,2,20,6.73913588603e-05,1.68478397151e-05,6.73913588603e-05,0.0287611177083,0.00255929310535,0.000450793881552,6.73913588603e-05,1.68478397151e-05,6.73913588603e-05,0.256217887789,0.455492893696,0.256214752704
855,0.208319980585,0.220836786525,0.0181693802161,0.0634896289987,0.0622568399836,0.0251525841252,0.0162725158006,0.0931357455328,0.0843288326623,0.195031902952,0.0124887516771,0.000517050941206,1,0.5,30,20,5,2,20,0.000258813545056,6.4703386264e-05,0.000258813545056,0.00732959225637,0.000327705789389,0.00419356503729,0.000258813545056,6.4703386264e-05,0.000258813545056,0.261262947179,0.464461778422,0.261259750363
856,0.0835737643701,0.0561859867691,0.0210738089221,0.193582295306,0.111855576498,0.125055948491,0.0420194903053,0.0305956239554,0.00100583652487,0.0107852441138,0.200474814772,0.123791609971,1,0.5,30,20,5,2,20,0.00024210280148,6.052570037e-05,0.00024210280148,0.0228532691922,0.00221428413546,0.000418620533373,0.00024210280148,6.052570037e-05,0.00024210280148,0.257673473358,0.458080569711,0.257670320463
857,0.0242655068593,0.0775580258909,0.0630974207712,0.0158834740919,0.109656167273,0.0604605565121,0.175464119826,0.0133604148257,0.0489781535094,0.166218400513,0.0124617088076,0.23259605112,1,0.5,30,20,5,2,20,0.000177085318634,4.42713296585e-05,0.000177085318634,0.0155277533349,0.00119491526939,0.00129168162432,0.000177085318634,4.42713296585e-05,0.000177085318634,0.259728774813,0.461734394256,0.259725596769
858,0.0196006895,0.00868669814739,0.0403605941823,0.508306773384,0.0445734523716,0.0165759995591,0.165112041516,0.0620439548659,0.00789517020753,0.0532538787824,0.0667383598734,0.00685238761092,1,0.5,30,20,5,2,20,0.000663008950339,0.000165752237585,0.000663008950339,0.00431153968373,0.00375423411608,0.00374096826835,0.000663008950339,0.000165752237585,0.000663008950339,0.260793153988,0.463626600747,0.26078996292
859,0.199918962986,0.0285710239498,0.148727584171,0.0266032168444,0.0476773032559,0.0139054802996,0.0814751108305,0.130067353291,0.128770488813,0.00861299775772,0.0608544896362,0.124815988164,1,0.5,30,20,5,2,20,0.000248464906505,6.21162266263e-05,0.000248464906505,0.00810157147973,0.00148911670752,0.000240901872347,0.000248464906505,6.21162266263e-05,0.000248464906505,0.261809792601,0.465433936166,0.261806589094
860,0.126981148184,0.000714767363862,0.016701172046,0.0236417828625,0.0887753267379,0.323911487993,0.166101359222,0.119368120879,0.0290142955775,0.0112178718657,0.0401800915508,0.0533925757165,1,0.5,30,20,5,2,20,0.00119099932975,0.000297749832437,0.00119099932975,0.0192625177557,0.00587212646216,0.00876413856525,0.00119099932975,0.000297749832437,0.00119099932975,0.254316272233,0.45211228672,0.25431316128
861,0.0233744653302,0.0804516232004,0.00726936427777,0.212594799079,0.0263025337251,0.173845761708,0.0818448632223,0.09551117685,0.0252909260308,0.0894874147821,0.180769162612,0.00325790918193,1,0.5,30,20,5,2,20,5.16827932225e-05,1.29206983056e-05,5.16827932225e-05,0.00213455102885,0.0032258454628,0.0018940314649,5.16827932225e-05,1.29206983056e-05,5.16827932225e-05,0.26272639304,0.467063428118,0.262723178316
862,0.0664161397497,0.059233750163,0.00253129882194,0.0884554273925,0.0324649835843,0.267282042186,0.149096524624,0.00909565094075,0.100793855558,0.0547962762315,0.0580590083182,0.11177504243,1,0.5,30,20,5,2,20,0.000276536424235,6.91341060587e-05,0.000276536424235,0.0244370497739,0.00500877188564,0.00287614697752,0.000276536424235,6.91341060587e-05,0.000276536424235,0.2558229651,0.454790817506,0.255819834847
863,0.0572541019736,0.0940620670785,0.254330524259,0.0229431921881,0.0159855721929,0.0591651200388,0.0867793964531,0.0209872387021,0.0131039749981,0.106262012127,0.180699889509,0.0884269104792,1,0.5,30,20,5,2,20,5.04867391726e-05,1.26216847932e-05,5.04867391726e-05,0.000267481421762,0.000211511490249,0.000114991435577,5.04867391726e-05,1.26216847932e-05,5.04867391726e-05,0.264490892229,0.470200277182,0.264487655915
864,0.013557634495,0.291102722059,0.104893884266,0.240858356111,0.0356968230038,0.055006491507,0.0339335767994,0.0744913806402,0.0348604463962,0.0255691108974,0.0331565905006,0.0568729833238,1,0.5,30,20,5,2,20,0.000715109977293,0.000178777494323,0.000715109977293,0.0586164092524,0.0142535946693,0.00254590683112,0.000715109977293,0.000178777494323,0.000715109977293,0.243893219299,0.433582640032,0.243890235018
865,0.0608409611073,0.0141924455398,0.00829131130771,0.354905025162,0.0433768125207,0.0150157985893,0.0194677600514,0.272486886239,0.0532755200999,0.0267544651849,0.0105772373228,0.120815776876,1,0.5,30,20,5,2,20,0.000556260834383,0.000139065208596,0.000556260834383,0.083719719277,0.00710218809881,0.00145213906728,0.000556260834383,0.000139065208596,0.000556260834383,0.23961995053,0.425985810734,0.239617018538
866,0.320407018029,0.0863013476991,0.0717755583151,0.0607577117976,0.151370910064,0.0109237418011,0.0934541908852,0.0843970034933,0.0288727967125,0.0710152233051,0.00849874144571,0.0122257564518,1,0.5,30,20,5,2,20,0.00192044495195,0.000480111237989,0.00192044495195,0.0144175291707,0.00603029066534,0.00482090685506,0.00192044495195,0.000480111237989,0.00192044495195,0.255731813755,0.454628772653,0.255728684617
867,0.0016124641999,0.179192022428,0.223071429084,0.0626329517374,0.025803599509,0.0881472660208,0.108255336167,0.0119623220241,0.0902281717228,0.0804035159755,0.0506713269134,0.0780195942182,1,0.5,30,20,5,2,20,0.000488893782772,0.000122223445693,0.000488893782772,0.0363611763108,0.00462525171542,0.00135836334842,0.000488893782772,0.000122223445693,0.000488893782772,0.252916883729,0.449624513839,0.252913789035
868,0.0846453782524,0.244758297278,0.0138975913541,0.0721677947407,0.0736905847363,0.0411130361269,0.0106580816043,0.00393639253386,0.19813826683,0.0836506631131,0.135644680771,0.03769923266,1,0.5,30,20,5,2,20,0.000206688857712,5.1672214428e-05,0.000206688857712,0.0211789490731,0.00208144218407,0.00315990977636,0.000206688857712,5.1672214428e-05,0.000206688857712,0.257468386812,0.457715975868,0.257465236426
869,0.11469919904,0.0650852544179,0.0817729052726,0.0749885154488,0.0449915879413,0.155432893484,0.0188447875683,0.112916230482,0.121271970262,0.00735875243053,0.182847537399,0.0197903662545,1,0.5,30,20,5,2,20,0.000272059156507,6.80147891268e-05,0.000272059156507,0.0457384181235,0.000941588589419,0.00230231547166,0.000272059156507,6.80147891268e-05,0.000272059156507,0.2514181651,0.446960157767,0.251415088744
870,0.0892743527457,0.038080731164,0.0408250685751,0.00620101018779,0.132647330103,0.127932113596,0.0489093604959,0.0673182833421,0.0237421318369,0.00444373472112,0.128475130825,0.292150752407,1,0.5,30,20,5,2,20,0.000114413050779,2.86032626948e-05,0.000114413050779,0.0105606980687,0.00163032220886,0.000200937857151,0.000114413050779,2.86032626948e-05,0.000114413050779,0.261291722866,0.464512934573,0.261288525697
871,0.288501528721,0.140805430475,0.00222006345817,0.0416263920349,0.0886750278024,0.0848601181056,0.116698399962,0.0355979037172,0.0250369431398,0.0918466490544,0.0765927780378,0.0075387654911,1,0.5,30,20,5,2,20,0.000275622259233,6.89055648083e-05,0.000275622259233,0.0591153634829,0.00354625398227,0.00601632730276,0.000275622259233,6.89055648083e-05,0.000275622259233,0.246200326716,0.437684114144,0.246197314206
872,0.195236481867,0.0486202034549,0.0539146518493,0.116268906473,0.0151175148161,0.212686809916,0.0848302485256,0.0351986911916,0.0621361497746,0.0669501159749,0.0317077605186,0.0773324656388,1,0.5,30,20,5,2,20,0.000367723800152,9.1930950038e-05,0.000367723800152,0.00849352644189,0.00188357072128,0.00518190770978,0.000367723800152,9.1930950038e-05,0.000367723800152,0.260151638903,0.462486143439,0.260148455684
873,0.0870648675617,0.186953094574,0.050172754284,0.0418098842145,0.0387565552659,0.296852656006,0.033408389152,0.0501844261013,0.0500100459111,0.0376678472123,0.0719642813981,0.0551551983187,1,0.5,30,20,5,2,20,0.00065634025199,0.000164085062997,0.00065634025199,0.020492772816,0.0057442553374,0.00333379162602,0.00065634025199,0.000164085062997,0.00065634025199,0.256098799485,0.455281183745,0.256095665857
874,0.0683251196982,0.029953644105,0.208570418928,0.01252454375,0.143967337845,0.112543013847,0.028313663455,0.0744085483551,0.217446533612,0.0827037342362,0.00980273773037,0.0114407044378,1,0.5,30,20,5,2,20,0.00103771244521,0.000259428111303,0.00103771244521,0.00771867157965,0.0056653938043,0.00707865987257,0.00103771244521,0.000259428111303,0.00103771244521,0.258055501703,0.458759722903,0.258052344133
875,0.0570667224125,0.182248036543,0.0709416200725,0.138879456623,0.167705810326,0.151755032388,0.00258713086646,0.00575387520248,0.0435132168077,0.0127309383778,0.0235131716494,0.143304988731,1,0.5,30,20,5,2,20,0.000786494438482,0.000196623609621,0.000786494438482,0.0184548030378,0.00314545316972,0.00329686149735,0.000786494438482,0.000196623609621,0.000786494438482,0.257180929048,0.457204946095,0.257177782179
876,0.0367294668233,0.0763934709395,0.00380474471516,0.0532114595931,0.263032959808,0.0497894026408,0.0366338043355,0.163385937497,0.196397239736,0.0452618561806,0.0244633864322,0.0508962712988,1,0.5,30,20,5,2,20,0.00037565159257,9.39128981424e-05,0.00037565159257,0.0786698687686,0.00181475513868,0.0182164863255,0.00037565159257,9.39128981424e-05,0.00037565159257,0.238133793047,0.423343785314,0.238130879239
877,0.00089883399869,0.0408159689893,0.102133603759,0.0681236987874,0.234709388591,0.0436049084632,0.0566723792146,0.0381940120725,0.0406168104654,0.122085628873,0.0919562813887,0.160188485397,1,0.5,30,20,5,2,20,0.000114466350026,2.86165875065e-05,0.000114466350026,0.0290867775741,0.00143971941344,0.000661892928582,0.000114466350026,2.86165875065e-05,0.000114466350026,0.256316085613,0.455667472574,0.256312953323
878,0.120852716803,0.165616251138,0.0506906015353,0.00198297627985,0.0978808793888,0.111933893026,0.101180342962,0.0588260011688,0.0015090579398,0.0160929672443,0.107922767371,0.165511545142,1,0.5,30,20,5,2,20,0.000142568422069,3.56421055173e-05,0.000142568422069,0.00314385322547,0.00101575717303,0.000794415971994,0.000142568422069,3.56421055173e-05,0.000142568422069,0.263227066553,0.467953503473,0.263223845704
879,0.192624725926,0.014433632397,0.104144795975,0.00130991871576,0.00169554492451,0.02708859605,0.128898317194,0.0898998412993,0.166328624991,0.107566502407,0.0317761082374,0.134233391882,1,0.5,30,20,5,2,20,0.000280555401483,7.01388503708e-05,0.000280555401483,0.0163594606966,0.00193204615995,0.00400580604883,0.000280555401483,7.01388503708e-05,0.000280555401483,0.258471786962,0.459499776529,0.258468624298
880,0.125402978034,0.0239658441098,0.0698852455773,0.00175631898276,0.2596115794,0.0676902671084,0.0980181325184,0.040519267689,0.0186652101332,0.0135775909882,0.137027792671,0.143879772788,1,0.5,30,20,5,2,20,0.000155165229988,3.87913074969e-05,0.000155165229988,0.00312767171013,0.00267776552595,0.000842236914335,0.000155165229988,3.87913074969e-05,0.000155165229988,0.262763738834,0.467129819828,0.262760523653
881,0.239095312555,0.132380647144,0.0584628354838,0.000162033462051,0.140697027108,0.0761097774888,0.0468333784193,0.0460910308194,0.047699577059,0.115035107362,0.0374033322979,0.060029940801,1,0.5,30,20,5,2,20,0.000316272097622,7.90680244055e-05,0.000316272097622,0.00807320913914,0.0030138554928,0.000429631811209,0.000316272097622,7.90680244055e-05,0.000316272097622,0.261282959959,0.464497356262,0.261279762897
882,0.141422321518,0.0517461808291,0.00212520990913,0.0225444004391,0.00217690162223,0.0444475929796,0.0084124781473,0.127629328227,0.13281174547,0.0369040490978,0.0735443019945,0.356235489767,1,0.5,30,20,5,2,20,3.02532315086e-05,7.56330787716e-06,3.02532315086e-05,0.000322317747064,0.000409860892942,0.00021052679655,3.02532315086e-05,7.56330787716e-06,3.02532315086e-05,0.26442268477,0.470079020961,0.264419449291
883,0.164698165457,0.0751827956581,0.00104072635474,0.13318322163,0.0555524900526,0.000805404524955,0.00325034451776,0.221855016508,0.0201226606709,0.155763485335,0.0905037155447,0.078041973746,1,0.5,30,20,5,2,20,0.000168043668953,4.20109172382e-05,0.000168043668953,0.0172018799328,0.000571589840681,0.0040095624591,0.000168043668953,4.20109172382e-05,0.000168043668953,0.25874194384,0.459980049547,0.25873877787
884,0.0309594199968,0.117214987808,0.0648752192969,0.0791276742495,0.0128467799708,0.0562581047199,0.152312182506,0.159077930684,0.134988880013,0.0160275862965,0.0107086733665,0.165602561091,1,0.5,30,20,5,2,20,0.000413052503478,0.000103263125869,0.000413052503478,0.0394620827681,0.00676500970538,0.00173351474299,0.000413052503478,0.000103263125869,0.000413052503478,0.251520672027,0.447142390074,0.251517594417
885,0.0869044318426,0.00736930768988,0.123820522728,0.0116701531725,0.354106675028,0.0245791777217,0.189800046569,0.0283724895893,0.0935364835271,0.0215578206313,0.0459482496999,0.012334641801,1,0.5,30,20,5,2,20,0.00106118704711,0.000265296761778,0.00106118704711,0.00581791655361,0.0171222165721,0.00425450287391,0.00106118704711,0.000265296761778,0.00106118704711,0.256245546653,0.455542064407,0.256242411229
886,0.0580625860776,0.0674654319547,0.0300330853186,0.0937011670587,0.0585019703829,0.147808258574,0.0674946146144,0.0225061275656,0.0397790675861,0.210262813479,0.0309400176338,0.173444859754,1,0.5,30,20,5,2,20,4.54466743318e-05,1.1361668583e-05,4.54466743318e-05,0.000176494722627,0.000189082562563,0.000204115898249,4.54466743318e-05,1.1361668583e-05,4.54466743318e-05,0.264503325961,0.470222381325,0.264500089495
887,0.284823128131,0.0671633862897,0.105414859632,0.0655654081399,0.0347660372313,0.04018708233,0.115393331914,0.0249510349077,0.0562553691471,0.0258874437935,0.0414696811966,0.138123237288,1,0.5,30,20,5,2,20,0.000186739467406,4.66848668515e-05,0.000186739467406,0.0759822044993,0.002400725126,0.00208898262848,0.000186739467406,4.66848668515e-05,0.000186739467406,0.243184231729,0.432322258185,0.243181270229
888,0.0332263467953,0.0311049240105,0.0951015373088,0.00156906177508,0.00101148005332,0.0672240999143,0.00505423503308,0.1857868687,0.170427702976,0.265019362664,0.00906384176295,0.135410539006,1,0.5,30,20,5,2,20,1.73914589077e-05,4.34786472693e-06,1.73914589077e-05,2.5816777051e-05,0.000213032309496,8.72731285959e-05,1.73914589077e-05,4.34786472693e-06,1.73914589077e-05,0.264601220223,0.470396413438,0.264597982559
889,0.0989621138022,0.0413651694503,0.116496030408,0.116136162353,0.228992610618,0.0327602826889,0.0159989735267,0.0913211461978,0.0296365092701,0.116228459041,0.0989429088151,0.0131596338286,1,0.5,30,20,5,2,20,0.000249970370561,6.24925926402e-05,0.000249970370561,0.00270804749768,0.000685196192667,0.00191505266132,0.000249970370561,6.24925926402e-05,0.000249970370561,0.263005352537,0.467559350044,0.2630021344
890,0.0176615832677,0.0459672592275,0.263821752912,0.0136908323313,0.0367179820742,0.164168740905,0.0675486401793,0.000608539244515,0.183784948846,0.0515532369067,0.145067570093,0.0094089140124,1,0.5,30,20,5,2,20,0.000361249726797,9.03124316992e-05,0.000361249726797,0.0201247393978,0.00587605148228,0.00133666549004,0.000361249726797,9.03124316992e-05,0.000361249726797,0.257041497288,0.456957070445,0.257038352126
891,0.00834886899083,0.117600423663,0.0971681446776,0.0291737156723,0.0690172292875,0.0393786457433,0.201811322,0.139375707931,0.00540293061737,0.221670576275,0.0380126284037,0.0330398067388,1,0.5,30,20,5,2,20,3.52584902099e-05,8.81462255248e-06,3.52584902099e-05,2.51118321238e-05,0.000139417285209,5.59972970036e-05,3.52584902099e-05,8.81462255248e-06,3.52584902099e-05,0.264607889325,0.470408269475,0.26460465158
892,0.00847996594689,0.00309632481316,0.15604222094,0.0153511597455,0.0398953613379,0.277183994583,0.0182142444158,0.0246878505733,0.00576347694926,0.036079344744,0.176696252601,0.23850980335,1,0.5,30,20,5,2,20,6.94648547613e-05,1.73662136903e-05,6.94648547613e-05,0.00660165043479,0.000611293692217,0.00010388310585,6.94648547613e-05,1.73662136903e-05,6.94648547613e-05,0.262688693672,0.466996407839,0.26268547941
893,0.179323776421,0.0366491052572,0.0592027388027,0.265871533989,0.0247229131268,0.0463573815515,0.0719264091933,0.116532829313,0.124926213066,0.0153197139919,0.0478690366775,0.0112983486089,1,0.5,30,20,5,2,20,0.000771113993438,0.000192778498359,0.000771113993438,0.00875242457529,0.00148204576376,0.0288559635033,0.000771113993438,0.000192778498359,0.000771113993438,0.253442161962,0.450558330384,0.253439060841
894,0.167786731435,0.128547113546,0.0178010847784,0.0400487210667,0.20369226967,0.0126429535133,0.0186604400342,0.0670967808924,0.163235947942,0.0904220785337,0.0137599437767,0.0763059348118,1,0.5,30,20,5,2,20,0.000201427115039,5.03567787596e-05,0.000201427115039,0.000525094874148,0.00164652657767,0.000660912599568,0.000201427115039,5.03567787596e-05,0.000201427115039,0.263718531381,0.468827208032,0.263715304518
895,0.0352395244115,0.193490909294,0.0699142118863,0.0125459235129,0.110961123009,0.253802575386,0.137951884007,0.0326673528672,0.0863654268118,0.00387405549065,0.00505071424536,0.0581362990789,1,0.5,30,20,5,2,20,0.00211070253296,0.00052767563324,0.00211070253296,0.0333431513011,0.0192443772518,0.00317762432954,0.00211070253296,0.00052767563324,0.00211070253296,0.247432525328,0.43987466265,0.247429497741
896,0.0453878115988,0.0132391799574,0.177798903106,0.0869531771694,0.152299189695,0.107420827226,0.135475245008,0.0259316326208,0.0143681490951,0.0987002542139,0.0964990382005,0.0459265921102,1,0.5,30,20,5,2,20,0.000197490569631,4.93726424079e-05,0.000197490569631,0.0163650999399,0.00107160438271,0.0013282950993,0.000197490569631,4.93726424079e-05,0.000197490569631,0.259505765295,0.461337937741,0.259502589979
897,0.214525639348,0.272814624577,0.00302959148417,0.049071316665,0.00349326341089,0.00270271287279,0.0820449501429,0.22091890798,0.0230987887131,0.0140911889292,0.102270870446,0.0119381454311,1,0.5,30,20,5,2,20,0.000670744048488,0.000167686012122,0.000670744048488,0.100614924655,0.0037004880384,0.00571672770393,0.000670744048488,0.000167686012122,0.000670744048488,0.234782865371,0.417386653449,0.234779992565
898,0.321635330389,0.00855551886019,0.0400688999411,0.213324494669,0.0142788010418,0.0732449066228,0.0860395257951,0.0361641407767,0.0695066145563,0.0305127898003,0.0357276277463,0.0709413498008,1,0.5,30,20,5,2,20,0.000457799906274,0.000114449976569,0.000457799906274,0.00391251046256,0.0082869950788,0.000838334502463,0.000457799906274,0.000114449976569,0.000457799906274,0.260711714565,0.463481821321,0.260708524493
899,0.105800246765,0.00199596358439,0.219801726181,0.150767941064,0.0193463192596,0.0905566594782,0.0590881335164,0.00147780934852,0.0774973241828,0.0169600361071,0.212490535139,0.0442173053737,1,0.5,30,20,5,2,20,0.000408357845625,0.000102089461406,0.000408357845625,0.00964577593859,0.00218841169581,0.000724844527573,0.000408357845625,0.000102089461406,0.000408357845625,0.260897353717,0.463811842442,0.260894161374
900,0.016713856892,0.0478831732029,0.197400996012,0.103988365981,0.0108211767734,0.0984520847898,0.0197501129934,0.0272557970231,0.0231324130747,0.174723056477,0.0546252758304,0.22525369095,1,0.5,30,20,5,2,20,4.14660627554e-05,1.03665156889e-05,4.14660627554e-05,0.00129268890935,0.00182599165188,4.01155366257e-05,4.14660627554e-05,1.03665156889e-05,4.14660627554e-05,0.263822710677,0.469012413403,0.263819482539
901,0.0276622496338,0.174440171932,0.0712834558705,0.00790424772546,0.199859516321,0.0347287189634,0.073467881037,0.273875392111,0.0177465546132,0.0729556565713,0.0154137722765,0.030662382944,1,0.5,30,20,5,2,20,0.000564836476247,0.000141209119062,0.000564836476247,0.00162488127394,0.00167599551513,0.00512476344342,0.000564836476247,0.000141209119062,0.000564836476247,0.261805101379,0.465425596317,0.261801897928
902,0.193033388042,0.0161171489432,0.103668743502,0.285729384908,0.0563628633705,0.00835563630461,0.0205361276381,0.00437686861868,0.110114532113,0.000476607616024,0.131367077494,0.0698616214496,1,0.5,30,20,5,2,20,0.000299722937995,7.49307344989e-05,0.000299722937995,0.00183768901304,0.00156321997379,0.000868524380707,0.000299722937995,7.49307344989e-05,0.000299722937995,0.263221083533,0.467942867122,0.263217862756
903,0.352413793082,0.0941808493592,0.062763359821,0.0563120930284,0.0887508942482,0.0163547108788,0.00933572292654,0.0136731919205,0.0279247449736,0.112430213323,0.0761665051555,0.0896939212842,1,0.5,30,20,5,2,20,0.000209352945076,5.23382362689e-05,0.000209352945076,0.00569995616482,0.0010188698551,0.00207933933091,0.000209352945076,5.23382362689e-05,0.000209352945076,0.262129938329,0.466003077163,0.262126730904
904,0.0458449120719,0.0516833949719,0.103958532005,0.0630666010153,0.101155261427,0.0598252741428,0.0536756913043,0.0450993360249,0.224634854946,0.139512452782,0.068778194131,0.0427654951789,1,0.5,30,20,5,2,20,0.00014579135613,3.64478390325e-05,0.00014579135613,0.00132073255012,0.000633509451303,0.00182015174634,0.00014579135613,3.64478390325e-05,0.00014579135613,0.263535485939,0.468501797895,0.263532261316
905,0.107868344517,0.1180033889,0.0130198311957,0.00365820352988,0.0522043367114,0.0257220066606,0.0440174547464,0.142872095336,0.243386841757,0.0288670297334,0.187725676179,0.0326547907332,1,0.5,30,20,5,2,20,0.000139078290147,3.47695725367e-05,0.000139078290147,0.0016140594266,0.00318707399132,0.000175908413955,0.000139078290147,3.47695725367e-05,0.000139078290147,0.263225131571,0.467950063547,0.263221910745
906,0.0260100241426,0.108856187481,0.0492825398141,0.0475859630636,0.214588177925,0.0074575513093,0.0405159560875,0.154414612696,0.119153748207,0.00832609398918,0.00483085345014,0.218978291835,1,0.5,30,20,5,2,20,0.000156676847809,3.91692119523e-05,0.000156676847809,0.00159869292045,0.0030063777734,0.000222987569883,0.000156676847809,3.91692119523e-05,0.000156676847809,0.263243605576,0.467982905821,0.263240384524
907,0.0521172462631,0.0148067259422,0.146173095023,0.0187181615015,0.214709924521,0.0446484224774,0.124822866238,0.00593381142594,0.00981774813816,0.0266244916061,0.0781018160317,0.263525690832,1,0.5,30,20,5,2,20,0.000132436954194,3.31092385486e-05,0.000132436954194,0.00150426906666,0.000548476687804,0.00034956377135,0.000132436954194,3.31092385486e-05,0.000132436954194,0.263914595564,0.469175762314,0.263911366302
908,0.037073066367,0.00427921954666,0.21483304726,0.00375358935717,0.204700731523,0.0595593698391,0.0510622739845,0.244001901644,0.0492726591466,0.0112627341762,0.0580684780147,0.0621329291408,1,0.5,30,20,5,2,20,0.000777041536685,0.000194260384171,0.000777041536685,0.00829782359769,0.00563267048142,0.00274529707227,0.000777041536685,0.000194260384171,0.000777041536685,0.259368442303,0.461093810964,0.259365268667
909,0.0457957054175,0.098660128363,0.0141088902932,0.171318057226,0.101750157109,0.0272475302435,0.0946250790987,0.0133137755414,0.0414007528491,0.0161330290082,0.157257009602,0.218389885248,1,0.5,30,20,5,2,20,8.46361809036e-05,2.11590452259e-05,8.46361809036e-05,0.0387305142151,0.00050493147804,0.000364382397661,8.46361809036e-05,2.11590452259e-05,8.46361809036e-05,0.25412504135,0.451772331357,0.254121936388
910,0.0680443567926,0.194287244672,0.147042017849,0.118291590072,0.0194801899033,0.00726345565573,0.0791656171946,0.0895686269919,0.0704494387856,0.0168641435511,0.0680832287152,0.121460089817,1,0.5,30,20,5,2,20,0.00058189428966,0.000145473572415,0.00058189428966,0.0156094676691,0.00255552864688,0.00236650821338,0.00058189428966,0.000145473572415,0.00058189428966,0.258580260008,0.459692615142,0.258577096017
911,0.134661015523,0.223106490778,0.22369656212,0.0595777101536,0.0291334607404,0.0494828139359,0.12023026694,0.0709676860173,0.0535985420438,0.0074353060121,0.00331980822268,0.0247903375138,1,0.5,30,20,5,2,20,0.00297703019948,0.00074425754987,0.00297703019948,0.119320021623,0.101225912278,0.00609772755337,0.00297703019948,0.00074425754987,0.00297703019948,0.201167613561,0.357626937016,0.201165152071
912,0.139319018335,0.195632881696,0.177310503014,0.07377456545,0.0375626014524,0.144464465821,0.016221323826,0.0284791007428,0.105863528577,0.0105356328644,0.0567472262381,0.0140891519825,1,0.5,30,20,5,2,20,0.00177906650325,0.000444766625814,0.00177906650325,0.0185941062293,0.0114236898397,0.00742142812672,0.00177906650325,0.000444766625814,0.00177906650325,0.252678590686,0.449200886947,0.252675498907
913,0.0376629593282,0.0281763071864,0.00605594691949,0.139885205309,0.0941304379107,0.14985557472,0.106098654988,0.222589714508,0.0234137339704,0.102918594401,0.0697315711833,0.0194812995755,1,0.5,30,20,5,2,20,0.000353607666136,8.8401916534e-05,0.000353607666136,0.00226422151202,0.00189874180922,0.000245019065358,0.000353607666136,8.8401916534e-05,0.000353607666136,0.263120221665,0.467763559329,0.263117002122
914,0.0696457637484,0.036700524294,0.0253091879515,0.0431696472707,0.107851947943,0.174070994431,0.121355069308,0.0673136298266,0.0243595027665,0.00100479621714,0.191845151343,0.1373737849,1,0.5,30,20,5,2,20,0.000174128266987,4.35320667466e-05,0.000174128266987,0.00713524362736,0.00105606746728,0.00100701952761,0.000174128266987,4.35320667466e-05,0.000174128266987,0.26206597046,0.465889357898,0.262062763818
915,0.0100492713008,0.123514645156,0.0289221569272,0.214590847518,0.0411391658047,0.143948768212,0.225248370584,0.0963106645494,0.0510526187144,0.0611949646143,0.00308880100068,0.00093972561752,1,0.5,30,20,5,2,20,0.001432522206,0.0003581305515,0.001432522206,0.0951322831901,0.040183834226,0.0049339136225,0.001432522206,0.0003581305515,0.001432522206,0.225876519618,0.401553343627,0.22587375579
916,0.0285629866212,0.000892949227054,0.0514364679876,0.0717675789267,0.185333941464,0.0198888793971,0.222834659392,0.0268420221218,0.0199095963791,0.106834207908,0.106086142641,0.159610567934,1,0.5,30,20,5,2,20,0.000166069623027,4.15174057567e-05,0.000166069623027,0.00733023136069,0.00158705851682,0.00111209568928,0.000166069623027,4.15174057567e-05,0.000166069623027,0.261855582702,0.465515339794,0.261852378634
917,0.0666993169728,0.0969322529738,0.0591473399147,0.0499013704935,0.0265460722404,0.0664858218963,0.0951941977936,0.118653700353,0.138285380166,0.0392139766541,0.0179783654893,0.224962205053,1,0.5,30,20,5,2,20,9.3180948907e-05,2.32952372268e-05,9.3180948907e-05,0.0025806446526,0.00117940123485,0.00217056428898,9.3180948907e-05,2.32952372268e-05,9.3180948907e-05,0.263027386475,0.46759852101,0.263024168068
918,0.103599328534,0.0580677329154,0.00526784305886,0.073538289795,0.0315236247572,0.115367290995,0.183161856025,0.123538457711,0.0246745063515,0.0774329523474,0.144072833082,0.0597552844271,1,0.5,30,20,5,2,20,0.000192996459141,4.82491147853e-05,0.000192996459141,0.0064146583497,0.00170264679754,0.00154204642076,0.000192996459141,4.82491147853e-05,0.000192996459141,0.261921458857,0.465632451525,0.261918253983
919,0.140783080168,0.058862955927,0.0200241442209,0.0513706331226,0.044888817165,0.119741202084,0.0599788276821,0.157379706859,0.0184761851066,0.038624333728,0.102569989857,0.187300124079,1,0.5,30,20,5,2,20,5.93279437355e-05,1.48319859339e-05,5.93279437355e-05,0.000236965379155,0.000972295264318,0.000156792867245,5.93279437355e-05,1.48319859339e-05,5.93279437355e-05,0.264275987611,0.469818229204,0.264272753927
920,0.11544963012,0.0313111234456,0.0398939607714,0.132478061813,0.0796692305034,0.0507050750816,0.0649007220766,0.00207277794662,0.000617909907633,0.354359783574,0.117317792788,0.0112239319718,1,0.5,30,20,5,2,20,2.85940424102e-05,7.14851060255e-06,2.85940424102e-05,0.000222540978522,0.000616161200752,1.67515486748e-05,2.85940424102e-05,7.14851060255e-06,2.85940424102e-05,0.264447757423,0.470123594021,0.264444521637
921,0.0296001140999,0.105882647318,0.0260503016795,0.0638438087903,0.0702905839034,0.210546635204,0.00577499420436,0.0830806933077,0.0571295216125,0.221421733692,0.0727660134203,0.0536129527683,1,0.5,30,20,5,2,20,0.000157069201818,3.92673004544e-05,0.000157069201818,0.0361312864768,0.00209102732232,0.000832700355602,0.000157069201818,3.92673004544e-05,0.000157069201818,0.254182980135,0.451875324353,0.254179869949
922,0.0579025476135,0.00705966617594,0.174278741781,0.0242138392517,0.0333601787808,0.00992325494485,0.141657106281,0.0522191709636,0.111626317758,0.101494544878,0.180467792124,0.105796839448,1,0.5,30,20,5,2,20,9.78570989799e-05,2.4464274745e-05,9.78570989799e-05,0.00171478019877,0.000381736902169,0.00055495022026,9.78570989799e-05,2.4464274745e-05,9.78570989799e-05,0.263889832517,0.469131739658,0.263886603558
923,0.0260326376164,0.02537284088,0.00330216044358,0.203698137785,0.326743660051,0.0880025833585,0.0609174956884,0.11623912882,0.00150285547919,0.0171507334969,0.0474777023835,0.0835600639972,1,0.5,30,20,5,2,20,0.000206969628171,5.17424070427e-05,0.000206969628171,0.00460676704393,0.0112184544291,0.000286913650973,0.000206969628171,5.17424070427e-05,0.000206969628171,0.260196709065,0.46256626719,0.260193525294
924,0.179825550955,0.218319733458,0.0280264619007,0.0560080959622,0.0575998778589,0.222842116041,0.00564862946815,0.0732514163602,0.055867354904,0.0467456171843,0.0224983975325,0.0333667483753,1,0.5,30,20,5,2,20,0.000860112095327,0.000215028023832,0.000860112095327,0.0165193620821,0.014462290234,0.00288907414664,0.000860112095327,0.000215028023832,0.000860112095327,0.254717848242,0.452826189354,0.254714731512
925,0.0744377895645,0.0724278957356,0.0175424825975,0.0959920876597,0.152100661001,0.363871561274,0.0243666069029,0.0460130680405,0.00613950632062,0.0858554120081,0.0355356229258,0.0257173059699,1,0.5,30,20,5,2,20,0.000380986271362,9.52465678406e-05,0.000380986271362,0.00574229825576,0.00690723559544,0.00181726143773,0.000380986271362,9.52465678406e-05,0.000380986271362,0.26042495772,0.462972037613,0.260421771157
926,0.0463018475774,0.115672639487,0.0481881156685,0.0317497836782,0.165540193252,0.220740544222,0.0422409110755,0.046615317327,0.0880462324944,0.00763278166438,0.131891159847,0.0553804737066,1,0.5,30,20,5,2,20,0.000605605391694,0.000151401347924,0.000605605391694,0.0207581035643,0.00448769199208,0.00225288003788,0.000605605391694,0.000151401347924,0.000605605391694,0.25670774789,0.456363745442,0.256704606811
927,0.0562782358585,0.0900245333349,0.126195083728,0.00270971807881,0.0181259715938,0.100745812183,0.138364171902,0.150869576714,0.052005792657,0.0726184006325,0.141449686433,0.0506130168844,1,0.5,30,20,5,2,20,0.000203483995667,5.08709989167e-05,0.000203483995667,0.00725875304933,0.00297490404662,0.00170443077314,0.000203483995667,5.08709989167e-05,0.000203483995667,0.261305765727,0.464537899791,0.261302568632
928,0.18794577268,0.00723281127506,0.126564345221,0.00336215098045,0.00342757034296,0.145283986128,0.171817104289,0.0621309895638,0.197868944142,0.0319941630658,0.0495354947023,0.0128366676095,1,0.5,30,20,5,2,20,0.00137857186375,0.000344642965937,0.00137857186375,0.00761478920122,0.0107263448122,0.0017446768049,0.00137857186375,0.000344642965937,0.00137857186375,0.257749246698,0.458215276222,0.257746092875
929,0.0590026534755,0.0930177369899,0.0133968911975,0.0935042487686,0.0366838352052,0.423473066726,0.105821847955,0.00170774852456,0.0248550911246,0.0781995567394,0.0633636566756,0.0069736666178,1,0.5,30,20,5,2,20,0.000728385370016,0.000182096342504,0.000728385370016,0.0148716226695,0.00742449004619,0.00373980247985,0.000728385370016,0.000182096342504,0.000728385370016,0.256948698719,0.456792097229,0.256945554691
930,0.118818730353,0.0744579374129,0.0687451455818,0.141737338877,0.1147721305,0.0348077807588,0.051824799077,0.0776233704676,0.0588986909015,0.000477086087925,0.0252705054671,0.232566484515,1,0.5,30,20,5,2,20,0.000163355353728,4.08388384319e-05,0.000163355353728,0.0341579089958,0.00387732041775,0.000981610673225,0.000163355353728,4.08388384319e-05,0.000163355353728,0.254185597143,0.451879976755,0.254182486924
931,0.0332802253042,0.0191411900518,0.192533435435,0.0620865833223,0.125025849532,0.0684951827278,0.0109202329296,0.051708691067,0.10373054062,0.00257158070121,0.0663218759899,0.264184612319,1,0.5,30,20,5,2,20,0.000270699198087,6.76747995219e-05,0.000270699198087,0.00880820456895,0.000673996209442,0.00242829410518,0.000270699198087,6.76747995219e-05,0.000270699198087,0.261233004111,0.464408546953,0.261229807661
932,0.0903723440536,0.0991754350946,0.0764855543534,0.138732650552,0.0587831429431,0.0237377158387,0.00810827667842,0.0596362028899,0.0503330298427,0.181919200902,0.0155548625581,0.197161584294,1,0.5,30,20,5,2,20,3.29162544867e-05,8.22906362169e-06,3.29162544867e-05,9.20806609823e-05,0.000318478670952,5.61507926261e-05,3.29162544867e-05,8.22906362169e-06,3.29162544867e-05,0.264545512504,0.470297378705,0.264542275522
933,0.0275938684892,0.0674649046766,0.101569248957,0.00128695596765,0.094012859929,0.0691731232099,0.0981162962831,0.351956431285,0.0527677025972,0.0206381920994,0.0582996616573,0.0571207548489,1,0.5,30,20,5,2,20,0.000601496606513,0.000150374151628,0.000601496606513,0.0205302590068,0.00917158251407,0.00191274019974,0.000601496606513,0.000150374151628,0.000601496606513,0.255623127857,0.454435555643,0.255620000049
934,0.037361750055,0.141889034203,0.0316693952442,0.240946421069,0.0445076962253,0.0157961434369,0.0735109993458,0.0955535109062,0.0506117767749,0.0272866253743,0.118840440559,0.122026206807,1,0.5,30,20,5,2,20,0.000272241014285,6.80602535713e-05,0.000272241014285,0.0214654247139,0.00612574121277,0.000406052347028,0.000272241014285,6.80602535713e-05,0.000272241014285,0.256972878898,0.456835083689,0.256969734575
935,0.0736543963139,0.216683434473,0.082627549362,0.0139140090032,0.0268716583304,0.0999159592983,0.0771937215699,0.0249021165964,0.201729859151,0.0892909088738,0.00369521464021,0.089521172388,1,0.5,30,20,5,2,20,0.000343451191211,8.58627978028e-05,0.000343451191211,0.0337283817011,0.0051042850943,0.00503121210125,0.000343451191211,8.58627978028e-05,0.000343451191211,0.25268801806,0.449217646517,0.252684926166
936,0.0115344586186,0.0238964464328,0.29982537551,0.0274585811062,0.122766354163,0.0232896487034,0.0157678018316,0.221193444416,0.0814646679102,0.0570645101057,0.0805696657207,0.0351690454819,1,0.5,30,20,5,2,20,0.000267011517727,6.67528794319e-05,0.000267011517727,0.0310997539628,0.0111895158196,0.000798707628682,0.000267011517727,6.67528794319e-05,0.000267011517727,0.252984459555,0.449744647171,0.252981364034
937,0.00822547641035,0.026557831586,0.152014770216,0.243219560685,0.246626305924,0.0924622012024,0.0567435037531,0.0174334012904,0.0611496488067,0.0638380156939,0.00945622957105,0.0222730548611,1,0.5,30,20,5,2,20,0.00126476901881,0.000316192254702,0.00126476901881,0.0273647807076,0.0168058153159,0.00246313101611,0.00126476901881,0.000316192254702,0.00126476901881,0.250857354374,0.445963173121,0.250854284881
938,0.0530413521106,0.0817569548064,0.0821068644386,0.0554602300284,0.109912102694,0.035030143163,0.141596627475,0.0117302813807,0.0213968081622,0.0353989251639,0.259253169174,0.113316541403,1,0.5,30,20,5,2,20,0.000103624329414,2.59060823535e-05,0.000103624329414,0.00630194521326,0.00171413529765,0.0005774274529,0.000103624329414,2.59060823535e-05,0.000103624329414,0.262310055403,0.466323281376,0.262306845774
939,0.0334459337356,0.0576138696003,0.127797852406,0.00497373412235,0.268775351516,0.0930430614199,0.0427475824456,0.13452953051,0.0805130257734,0.0150489397173,0.00689921025226,0.134611908501,1,0.5,30,20,5,2,20,0.000191668895012,4.7917223753e-05,0.000191668895012,0.00108140475886,0.00376877724337,0.00179945940772,0.000191668895012,4.7917223753e-05,0.000191668895012,0.262719735386,0.467051592433,0.262716520744
940,0.12817813783,0.197794974397,0.110739664367,0.0285808588243,0.0700686159759,0.00372387071393,0.0396076353865,0.121735399774,0.00334023026244,0.179796546811,0.0873741292791,0.0290599363788,1,0.5,30,20,5,2,20,9.85093799331e-05,2.46273449833e-05,9.85093799331e-05,0.00397090578023,0.000877853166681,0.00132199019084,9.85093799331e-05,2.46273449833e-05,9.85093799331e-05,0.262957472548,0.467474231107,0.262954254997
941,0.0383003858941,0.0521021086976,0.00704998266298,0.101942349079,0.0214248271808,0.0213960016824,0.0223634395698,0.0715082812904,0.159946882584,0.179469246199,0.263113890979,0.0613826041802,1,0.5,30,20,5,2,20,6.6053129874e-05,1.65132824685e-05,6.6053129874e-05,0.000779184760291,0.000520464611989,4.71402773822e-05,6.6053129874e-05,1.65132824685e-05,6.6053129874e-05,0.264273075959,0.469813052996,0.26426984231
942,0.0369752460305,0.0675077336594,0.0135745932253,0.130320382321,0.174815517116,0.121259897366,0.0293241580586,0.0215815205565,0.116436514476,0.0935969054716,0.145231296014,0.049376235705,1,0.5,30,20,5,2,20,7.26074927563e-05,1.81518731891e-05,7.26074927563e-05,0.000151714777495,0.000273159744393,0.000184277327585,7.26074927563e-05,1.81518731891e-05,7.26074927563e-05,0.264460527308,0.47014629576,0.264457291365
943,0.196430554762,0.00037813074429,0.100554521258,0.0396418611891,0.379232933632,0.0199834137955,0.00488246153256,0.00862953484741,0.0172815103314,0.0835702381836,0.0339614113645,0.11545342836,1,0.5,30,20,5,2,20,0.000348634447309,8.71586118271e-05,0.000348634447309,0.0273377142064,0.00558495611058,0.000594256335584,0.000348634447309,8.71586118271e-05,0.000348634447309,0.255420767597,0.454075808472,0.255417642265
944,0.0106509023918,0.180862517463,0.0477141019336,0.0986860462122,0.0185666822128,0.300613688136,0.107972813909,0.0294185166231,0.117437866268,0.00619941843586,0.034465338557,0.0474121078574,1,0.5,30,20,5,2,20,0.00181966058887,0.000454915147217,0.00181966058887,0.0280506925066,0.00694050796956,0.0111899408821,0.00181966058887,0.000454915147217,0.00181966058887,0.250316177815,0.445001093233,0.250313114944
945,0.156229433672,0.118918467099,0.139229716122,0.039433394854,0.000646461929726,0.158487777628,0.0470141047829,0.0794753735211,0.155981405294,0.0582352786717,0.0395722572693,0.0067763291558,1,0.5,30,20,5,2,20,0.00110258229493,0.000275645573734,0.00110258229493,0.120877508496,0.00198864027361,0.00528672582169,0.00110258229493,0.000275645573734,0.00110258229493,0.229471757095,0.407944798712,0.229468949275
946,0.0608770427049,0.0983443307635,0.0762358455334,0.107823517385,0.11862922737,0.0553853273601,0.0166149495292,0.0547795849955,0.0515342824015,0.0968400357585,0.202302192249,0.0606336639492,1,0.5,30,20,5,2,20,0.000172207465775,4.30518664436e-05,0.000172207465775,0.00338539036839,0.0018340749745,0.000435097064667,0.000172207465775,4.30518664436e-05,0.000172207465775,0.263006323226,0.467561075693,0.263003105077
947,0.238506636304,0.0137415532758,0.0861212213728,0.00726054022392,0.134522995736,0.138849221733,0.00718735078463,0.00406340697516,0.0859348129725,0.0150353454018,0.0255800600723,0.243196855148,1,0.5,30,20,5,2,20,0.000139296845894,3.48242114736e-05,0.000139296845894,0.0331734963223,0.00127638118137,0.0008683378197,0.000139296845894,3.48242114736e-05,0.000139296845894,0.255193307889,0.453671450228,0.255190190753
948,0.0422264527907,0.0943037692041,0.257503072982,0.231820399067,0.160896327824,0.0374937802868,0.00454083030571,0.0849035586928,0.00717844750619,0.026969261937,0.00551871850137,0.0466453809027,1,0.5,30,20,5,2,20,0.000994244250942,0.000248561062736,0.000994244250942,0.0490421913148,0.0271388465615,0.0100244616519,0.000994244250942,0.000248561062736,0.000994244250942,0.240704624815,0.427914096978,0.24070167955
949,0.0127891745277,0.115152087882,0.0395946518277,0.098281598975,0.0436835407844,0.0206669716196,0.0581220970606,0.253915397675,0.0537818922503,0.144276316218,0.0287831280413,0.130953143139,1,0.5,30,20,5,2,20,0.000280499108576,7.01247771439e-05,0.000280499108576,0.0180082720104,0.000532890203365,0.00189480456066,0.000280499108576,7.01247771439e-05,0.000280499108576,0.25896456772,0.460375820491,0.258961399026
950,0.0730621413836,0.0650554312608,0.0419376915435,0.0823045360545,0.0493118602466,0.0722577874482,0.0816342145838,0.0512276001959,0.0917385953474,0.214148570056,0.134922299228,0.0423992726511,1,0.5,30,20,5,2,20,6.0254165395e-05,1.50635413487e-05,6.0254165395e-05,0.0101419653848,0.00224869843652,0.000194733727177,6.0254165395e-05,1.50635413487e-05,6.0254165395e-05,0.261305031225,0.464536593589,0.261301833894
951,0.0656785689177,0.0327863036952,0.0863349083628,0.0498641390635,0.0629785044406,0.0312371221561,0.0281226957991,0.10048045989,0.300665939431,0.126489959903,0.0439550847135,0.0714063136268,1,0.5,30,20,5,2,20,0.000190824333145,4.77060832862e-05,0.000190824333145,0.0215599614891,0.00513652091755,0.00108761934698,0.000190824333145,4.77060832862e-05,0.000190824333145,0.25712627511,0.457107784728,0.257123128909
952,0.0345340937287,0.0885417053693,0.0429410791574,0.0367984967903,0.0980551717538,0.165122185108,0.0966375396273,0.0259232805577,0.100930966378,0.099141410303,0.175668162946,0.0357059082809,1,0.5,30,20,5,2,20,8.55978084879e-05,2.1399452122e-05,8.55978084879e-05,0.000619819859262,0.000637034902873,9.14407107233e-05,8.55978084879e-05,2.1399452122e-05,8.55978084879e-05,0.264249395984,0.469770955779,0.264246162626
953,0.194671076587,0.0477237572386,0.0641491583044,0.074133325492,0.0910323387807,0.0640960879772,0.0747303588459,0.0154668966204,0.149313343255,0.084076761551,0.0878071153265,0.0527997800211,1,0.5,30,20,5,2,20,0.000378003614845,9.45009037112e-05,0.000378003614845,0.00567579202744,0.00138374639489,0.0014651034935,0.000378003614845,9.45009037112e-05,0.000378003614845,0.262001447726,0.465774652219,0.261998241873
954,0.00984295928789,0.0364394245466,0.196043436223,0.05756027365,0.0754424705363,0.0508509259044,0.0901849498321,0.118282078253,0.0295165156705,0.133635972195,0.168635634223,0.0335653596784,1,0.5,30,20,5,2,20,4.89183522122e-05,1.22295880531e-05,4.89183522122e-05,0.000152263219434,0.000334974701217,0.00025938039862,4.89183522122e-05,1.22295880531e-05,4.89183522122e-05,0.264452356998,0.470131770943,0.264449121155
955,0.154881859067,0.0782625263576,0.0330920871252,0.0336987028532,0.0400970485749,0.210020670025,0.12698971902,0.0476764763161,0.0165737118567,0.0538988299044,0.161308256432,0.0435001124685,1,0.5,30,20,5,2,20,0.000117739197505,2.94347993762e-05,0.000117739197505,0.00154164841966,0.00228052510943,0.00044568277214,0.000117739197505,2.94347993762e-05,0.000117739197505,0.263438277695,0.468328985353,0.263435054261
956,0.16590448425,0.0134878744998,0.028263733949,0.133908491082,0.00475591480722,0.190304661716,0.0642360527101,0.00495067920248,0.125613553396,0.0384136181575,0.128306113104,0.101854823126,1,0.5,30,20,5,2,20,0.000151573030796,3.78932576989e-05,0.000151573030796,0.000880844463893,0.0010023582288,0.000310807664904,0.000151573030796,3.78932576989e-05,0.000151573030796,0.263946939426,0.46923326181,0.263943709768
957,0.0960441055694,0.174683717414,0.0451738368126,0.00478188406827,0.0843273837619,0.0368156825432,0.0554413302125,0.132561465889,0.205830838369,0.0755929025951,0.056278638035,0.0324682147297,1,0.5,30,20,5,2,20,0.000286304922017,7.15762305042e-05,0.000286304922017,0.0197999218331,0.00641876458737,0.0078487162034,0.000286304922017,7.15762305042e-05,0.000286304922017,0.25534929819,0.453948753303,0.255346173733
958,0.193150270836,0.00368020282847,0.039293603768,0.00825688128786,0.0810729336884,0.0385818679458,0.0423184722682,0.0270720059813,0.042424817259,0.209546365419,0.280436939563,0.0341656391548,1,0.5,30,20,5,2,20,3.8810372908e-05,9.702593227e-06,3.8810372908e-05,0.000506673599812,0.000214133774311,0.000280873717328,3.8810372908e-05,9.702593227e-06,3.8810372908e-05,0.264396880269,0.470033146855,0.264393645106
959,0.134874891661,0.1961608855,0.143066089832,0.135264826837,0.0182312085479,0.0285072154909,0.00335275232092,0.0388690388266,0.0791932306025,0.0538787765456,0.123286864064,0.0453142197723,1,0.5,30,20,5,2,20,0.000240098460394,6.00246150986e-05,0.000240098460394,0.0477963316531,0.00171559717729,0.00195548430222,0.000240098460394,6.00246150986e-05,0.000240098460394,0.25079841202,0.445858388336,0.250795343439
960,0.0544708867694,0.00932947979701,0.0324860591122,0.0458527011516,0.017252885316,0.00481473995397,0.0363701613166,0.0807377282036,0.213223262632,0.309319657749,0.119772436688,0.0763700013115,1,0.5,30,20,5,2,20,5.51315019316e-05,1.37828754829e-05,5.51315019316e-05,0.00122278089787,0.000247228404185,0.00026762025222,5.51315019316e-05,1.37828754829e-05,5.51315019316e-05,0.26418262711,0.469652257009,0.264179394568
961,0.0985959482213,0.0685621610756,0.0535757488835,0.0877327827672,0.0387879886693,0.0386548208882,0.436003602384,0.0610837043832,0.0294656956884,0.0187986593603,0.0331816592858,0.0355572283936,1,0.5,30,20,5,2,20,0.00138278380842,0.000345695952104,0.00138278380842,0.0358416020276,0.024070688346,0.00423862107001,0.00138278380842,0.000345695952104,0.00138278380842,0.246079833196,0.437469906062,0.24607682216
962,0.0222622551987,0.199132709055,0.0193987864465,0.128109466894,0.171713280437,0.177769686079,0.0105334376604,0.0185844664341,0.0664519067906,0.0803326032028,0.0315219022543,0.074189499547,1,0.5,30,20,5,2,20,0.000173434656487,4.33586641217e-05,0.000173434656487,0.0698598750635,0.0023179157096,0.0048662985894,0.000173434656487,4.33586641217e-05,0.000173434656487,0.244107463668,0.43396351425,0.244104476766
963,0.0557615854833,0.10213633834,0.27356501432,0.000910236099112,0.0506089588982,0.0902624457381,0.0698814977815,0.254920092659,0.00433483573715,0.0597134893576,0.0318774058649,0.00602809972032,1,0.5,30,20,5,2,20,0.000903116376148,0.000225779094037,0.000903116376148,0.042458168803,0.0206927230625,0.00740682111095,0.000903116376148,0.000225779094037,0.000903116376148,0.244955273584,0.435470713438,0.244952276309
964,0.126115410606,0.070530627844,0.108039645765,0.205016467396,0.0828766002012,0.115008607152,0.00868212347039,0.0201768186232,0.231702717159,0.00641070488066,0.0117435244795,0.0136967524241,1,0.5,30,20,5,2,20,0.0109259757757,0.00273149394394,0.0109259757757,0.0353621059193,0.0351188713166,0.0222662423777,0.0109259757757,0.00273149394394,0.0109259757757,0.227142426103,0.403803816507,0.227139646785
965,0.00162533355637,0.0912918784483,0.0213262837101,0.0419087697277,0.10844901463,0.0970516182427,0.221033242047,0.251391816975,0.106706937448,0.00702390638479,0.0268651965306,0.0253260022999,1,0.5,30,20,5,2,20,0.000941265748422,0.000235316437105,0.000941265748422,0.161768437387,0.016108861802,0.0171717080128,0.000941265748422,0.000235316437105,0.000941265748422,0.21195595617,0.376805978087,0.211953362674
966,0.032535074477,0.120813123244,0.0682246966155,0.0187442260017,0.0933243881114,0.0748632766703,0.0236868830504,0.0568906963949,0.141959981358,0.0912210738427,0.07216717021,0.205569410024,1,0.5,30,20,5,2,20,0.000175771551984,4.39428879961e-05,0.000175771551984,0.00434368760502,0.00122750627147,0.000482854251764,0.000175771551984,4.39428879961e-05,0.000175771551984,0.262896330561,0.467365535569,0.262893113758
967,0.190781901394,0.114291780762,0.00449049850809,0.057277346156,0.0195800304362,0.0414253166538,0.185404669537,0.0155982704682,0.137456875678,0.0349415448267,0.0624394103263,0.136312355253,1,0.5,30,20,5,2,20,0.000204827881165,5.12069702912e-05,0.000204827881165,0.0105626487627,0.00525686049201,0.00172301317012,0.000204827881165,5.12069702912e-05,0.000204827881165,0.259820624947,0.461897681384,0.259817445779
968,0.0735852171983,0.00618293741752,0.0360223083048,0.127897708687,0.194749428087,0.115062813433,0.100297416605,0.0202841268425,0.0334270793923,0.136958623359,0.119177727325,0.0363546133485,1,0.5,30,20,5,2,20,8.74140619163e-05,2.18535154791e-05,8.74140619163e-05,0.000245487201236,0.000276177753082,0.00041958830824,8.74140619163e-05,2.18535154791e-05,8.74140619163e-05,0.264354979924,0.469958658263,0.264351745273
969,0.0581368633899,0.0139016833531,0.0352312433553,0.0412110862445,0.0407932644191,0.0224519344823,0.0413706490318,0.203333134386,0.0473003797329,0.0604702507511,0.195020016378,0.240779494476,1,0.5,30,20,5,2,20,2.34496650719e-05,5.86241626798e-06,2.34496650719e-05,0.000168477587507,0.000219933004106,0.000177802857676,2.34496650719e-05,5.86241626798e-06,2.34496650719e-05,0.264530449631,0.470270600593,0.264527212834
970,0.0944701179273,0.0987415373425,0.0742918203403,0.072305693426,0.072531654237,0.0181303339137,0.190910999752,0.0803555575117,0.101417660539,0.0574354107714,0.0740581506373,0.0653510636011,1,0.5,30,20,5,2,20,8.06058558863e-05,2.01514639716e-05,8.06058558863e-05,0.0438574865626,0.00681618344348,0.0010329915034,8.06058558863e-05,2.01514639716e-05,8.06058558863e-05,0.250925066686,0.44608354909,0.250921996363
971,0.0883702024903,0.0637564119398,0.0970823548355,0.0541270120224,0.00879372901762,0.310799367545,0.030585208867,0.107218644371,0.0421266291705,0.0149386853974,0.0230222934794,0.159179460865,1,0.5,30,20,5,2,20,0.000147920027532,3.6980006883e-05,0.000147920027532,0.000270024453774,0.000449114687142,0.00132815640651,0.000147920027532,3.6980006883e-05,0.000147920027532,0.263990127459,0.469310039596,0.263986897273
972,0.0303746789594,0.0208677245553,0.023104347343,0.247424967037,0.0577228976639,0.126959640688,0.195248707663,0.0344354204951,0.0247109581826,0.174111827686,0.0227126498714,0.042326179856,1,0.5,30,20,5,2,20,0.000518049988337,0.000129512497084,0.000518049988337,0.0345279701669,0.00139747008961,0.0030508331582,0.000518049988337,0.000129512497084,0.000518049988337,0.253773827772,0.451147951274,0.253770722592
973,0.239404920049,0.0594236659129,0.0539089756536,0.0763800200602,0.0396660078806,0.0437501076434,0.0687018622644,0.0561164573489,0.184749932053,0.103760433483,0.0723766811382,0.00176093651305,1,0.5,30,20,5,2,20,0.000218914282836,5.47285707089e-05,0.000218914282836,0.000977528591697,0.00198510137624,0.000859332726569,0.000218914282836,5.47285707089e-05,0.000218914282836,0.263435790952,0.468324564531,0.263432567549
974,0.0132759087052,0.219841929121,0.0170176831928,0.0152017139208,0.06443415958,0.104350269725,0.105154361057,0.00744879123721,0.154589676519,0.0160497590516,0.258426330633,0.0242094172574,1,0.5,30,20,5,2,20,0.00019074629703,4.76865742575e-05,0.00019074629703,0.00374774750916,0.000993731865868,0.00105830967417,0.00019074629703,4.76865742575e-05,0.00019074629703,0.262945797316,0.467453475391,0.262942579908
975,0.211516904832,0.0994112312658,0.00432907387579,0.0321220512978,0.0300651837244,0.181765876005,0.00612708743807,0.0991562270394,0.0444397755188,0.0644422420576,0.172308827063,0.0543155198823,1,0.5,30,20,5,2,20,5.32085991279e-05,1.3302149782e-05,5.32085991279e-05,7.01114366925e-05,0.000306842159703,5.88574353545e-05,5.32085991279e-05,1.3302149782e-05,5.32085991279e-05,0.264529519768,0.470268947523,0.264526282982
976,0.204622161742,0.186742858482,0.0616155704861,0.0633105541477,0.0112256979638,0.0466077564615,0.245552563853,0.0258161580371,0.0629193413866,0.0466626890878,0.0214809567378,0.0234436916142,1,0.5,30,20,5,2,20,0.00218655177094,0.000546637942734,0.00218655177094,0.0935124151045,0.0152751688478,0.00763837844538,0.00218655177094,0.000546637942734,0.00218655177094,0.231284757111,0.411167870414,0.231281927108
977,0.0536474849139,0.057810095738,0.0727469544474,0.0847726151733,0.0218009291441,0.0793794231212,0.321231379355,0.112816457339,0.0334478733103,0.00506025249747,0.11051361882,0.0467729161403,1,0.5,30,20,5,2,20,0.000681183307006,0.000170295826751,0.000681183307006,0.0184624635773,0.00381832459988,0.00454533560005,0.000681183307006,0.000170295826751,0.000681183307006,0.25679575047,0.456520192558,0.256792608314
978,0.00902337031528,0.00926614606917,0.087341483906,0.00344083829046,0.0829700406449,0.0273755336522,0.113760625455,0.138291879025,0.0083033836475,0.21685586416,0.287153619625,0.0162172152094,1,0.5,30,20,5,2,20,1.63993759311e-05,4.09984398277e-06,1.63993759311e-05,0.0136475557029,0.000361426638503,0.000108467689622,1.63993759311e-05,4.09984398277e-06,1.63993759311e-05,0.260951721769,0.463908499845,0.260948531163
979,0.160141486193,0.0397200083567,0.0717159376448,0.15856776902,0.0156812088223,0.241403682696,0.0482099501058,0.0158801238456,0.0106219861421,0.230885889053,0.000598546321447,0.00657341179909,1,0.5,30,20,5,2,20,8.67430823337e-05,2.16857705834e-05,8.67430823337e-05,0.000490942085949,0.00123641100263,0.00139291553333,8.67430823337e-05,2.16857705834e-05,8.67430823337e-05,0.263778975813,0.468934663485,0.26377574821
980,0.0056479757785,0.0216080245276,0.12814455748,0.0130334149929,0.000143038793054,0.202670008616,0.0621452098193,0.0513326579095,0.26620438928,0.229900725522,0.00695555141452,0.0122144458664,1,0.5,30,20,5,2,20,0.000134052119583,3.35130298958e-05,0.000134052119583,0.0197179189019,0.00153106438754,0.00120308507266,0.000134052119583,3.35130298958e-05,0.000134052119583,0.258605334746,0.459737191907,0.258602170448
981,0.275232212362,0.0326394375513,0.00723323511756,0.0529048119339,0.0152180087962,0.165215474251,0.012716008574,0.0263012011369,0.188700815985,0.132160524903,0.0605869946268,0.0310912747627,1,0.5,30,20,5,2,20,0.000608276635839,0.00015206915896,0.000608276635839,0.0238964911709,0.00289941983958,0.00222798516606,0.000608276635839,0.00015206915896,0.000608276635839,0.256300827446,0.45564034017,0.256297691346
982,0.0485985516573,0.11287362984,0.302647573715,0.0889385122492,0.181699321222,0.000611886360252,0.0367322573013,0.0842353083331,0.0797280843849,0.0339672594025,0.00311638385261,0.0268512316817,1,0.5,30,20,5,2,20,0.00184465698826,0.000461164247065,0.00184465698826,0.139577968863,0.0258463003862,0.00420250112411,0.00184465698826,0.000461164247065,0.00184465698826,0.217609324276,0.386856287298,0.217606661605
983,0.183970359821,0.144522013444,0.00361744462374,0.0679339631411,0.0813932925558,0.0501833944784,0.00442750453932,0.127713973808,0.135473954169,0.0175867424383,0.127509699393,0.0556676575893,1,0.5,30,20,5,2,20,0.000185574452957,4.63936132392e-05,0.000185574452957,0.0127719273158,0.00623067055437,0.0012171423614,0.000185574452957,4.63936132392e-05,0.000185574452957,0.259134877706,0.460678590095,0.259131706929
984,0.0151737502167,0.011292716863,0.145864981466,0.319929312613,0.0477646525939,0.0184885519019,0.0417577146253,0.136944104803,0.0210495074406,0.0926695993147,0.0207382051344,0.128326903028,1,0.5,30,20,5,2,20,0.000379516021516,9.4879005379e-05,0.000379516021516,0.0143903954987,0.00432590747459,0.00151237667141,0.000379516021516,9.4879005379e-05,0.000379516021516,0.258901490658,0.460263684864,0.258898322736
985,0.0251081681293,0.0633885173554,0.00167265366335,0.164122211569,0.0479015856025,0.263797503252,0.0711380936657,0.0553367334677,0.0618654184491,0.0531496124035,0.0929855711218,0.0995339313207,1,0.5,30,20,5,2,20,0.000188648269495,4.71620673738e-05,0.000188648269495,0.00272910456938,0.00364609181119,0.0004131108219,0.000188648269495,4.71620673738e-05,0.000188648269495,0.262686627535,0.466992734752,0.262683413298
986,0.0874704294924,0.0275459046013,0.10559872082,0.0456941025983,0.0880058442085,0.0591977665267,0.116329434419,0.127452596121,0.0179667341601,0.0511746818614,0.00817614021877,0.265387644974,1,0.5,30,20,5,2,20,0.00011184356578,2.7960891445e-05,0.00011184356578,0.00335085578172,0.00188387457999,0.00136648861272,0.00011184356578,2.7960891445e-05,0.00011184356578,0.262827640114,0.467243420714,0.262824424152
987,0.172272242068,0.149134021726,0.0138874342705,0.160809335481,0.0410676876359,0.0562819333955,0.0899141870783,0.0384488146829,0.0976623051453,0.0339991162136,0.0561998772532,0.0903230450504,1,0.5,30,20,5,2,20,0.000261263834294,6.53159585734e-05,0.000261263834294,0.0305390572223,0.00792500118875,0.00163953320673,0.000261263834294,6.53159585734e-05,0.000261263834294,0.253781297704,0.451161230991,0.253778192433
988,0.0067847303454,0.00460062710031,0.192718747645,0.0942126218624,0.00234277945654,0.00280246294043,0.0631258479974,0.138274977824,0.0759553430486,0.130027141055,0.026345817968,0.262808902757,1,0.5,30,20,5,2,20,1.73077211564e-05,4.32693028911e-06,1.73077211564e-05,2.49298965373e-05,7.58411616706e-05,1.74148979778e-05,1.73077211564e-05,4.32693028911e-06,1.73077211564e-05,0.264656362416,0.470494442805,0.264653124078
989,0.040311014244,0.0508699704499,0.0985432446998,0.179088179983,0.0623197929853,0.084397979578,0.120713295634,0.0406215781405,0.124838247418,0.0223763185248,0.00844648363197,0.167473894711,1,0.5,30,20,5,2,20,0.000638778808819,0.000159694702205,0.000638778808819,0.030413855104,0.00231729299562,0.0032613456011,0.000638778808819,0.000159694702205,0.000638778808819,0.254419848295,0.452296418153,0.254416735211
990,0.192692665298,0.0939077153857,0.120428052187,0.0764153591987,0.166212217148,0.0190561207388,0.0859688949071,0.00912643906483,0.0841134014356,0.00696293897005,0.0756245709233,0.0694916247432,1,0.5,30,20,5,2,20,0.000434193052934,0.000108548263234,0.000434193052934,0.0213452445901,0.00827396665579,0.0025854187497,0.000434193052934,0.000108548263234,0.000434193052934,0.255666227052,0.454512175497,0.255663098717
991,0.176555026286,0.141485525076,0.0057872678908,0.00435193598309,0.0613521629624,0.067757400849,0.110771105145,0.114039907935,0.103992444947,0.0642349646449,0.0096979248552,0.139974333425,1,0.5,30,20,5,2,20,0.000356497832833,8.91244582082e-05,0.000356497832833,0.0152305189531,0.00537275056151,0.00135178115281,0.000356497832833,8.91244582082e-05,0.000356497832833,0.258471924953,0.459500021844,0.258468762287
992,0.0401043155639,0.0182710025385,0.0329981739751,0.0094982518,0.0566190558164,0.0952909881677,0.245638477508,0.0417769616742,0.189923492476,0.0640692525731,0.0321902276465,0.17361980026,1,0.5,30,20,5,2,20,0.000110966960584,2.7741740146e-05,0.000110966960584,0.000681092110497,0.00098415240015,0.000502527441947,0.000110966960584,2.7741740146e-05,0.000110966960584,0.264002254379,0.469331598301,0.263999024044
993,0.0278090714372,0.167978048771,0.141941569752,0.0207569248095,0.0887935771744,0.0171110445605,0.0431875951574,0.0932714324602,0.00178524235984,0.103356511647,0.221279339605,0.072729642265,1,0.5,30,20,5,2,20,1.63502703881e-05,4.08756759703e-06,1.63502703881e-05,1.53297523368e-05,7.1366986686e-05,1.8558206413e-05,1.63502703881e-05,4.08756759703e-06,1.63502703881e-05,0.264660925865,0.470502555503,0.26465768747
994,0.060975185741,0.088750241478,0.0619180355836,0.240399908356,0.0425664990088,0.0420537098655,0.0376222798274,0.0309519416911,0.0458979574617,0.0272305327453,0.193069036806,0.128564671436,1,0.5,30,20,5,2,20,0.000177267406736,4.4316851684e-05,0.000177267406736,0.0162719589659,0.00434291456857,0.000358242200686,0.000177267406736,4.4316851684e-05,0.000177267406736,0.258945348232,0.46034165293,0.258942179773
995,0.126927213628,0.00325344778118,0.0404806668628,0.0925095868008,0.126448599012,0.103225433929,0.0671635074018,0.159428749505,0.0714927613291,0.0889475147879,0.0216595246833,0.0984629942786,1,0.5,30,20,5,2,20,0.000178443715626,4.46109289065e-05,0.000178443715626,0.00195372042395,0.00283907992848,0.0012481861994,0.000178443715626,4.46109289065e-05,0.000178443715626,0.262896605021,0.467366023493,0.262893388215
996,0.0144765555678,0.0319336761066,0.0842193492602,0.41742416229,0.0317228157759,0.0135003722611,0.0338009291928,0.0408522488653,0.0292816834996,0.193624160086,0.104007817182,0.00515622991261,1,0.5,30,20,5,2,20,0.000122384984677,3.05962461693e-05,0.000122384984677,0.000854617325549,0.0017112785656,0.000265122052786,0.000122384984677,3.05962461693e-05,0.000122384984677,0.26381308668,0.468995304285,0.26380985866
997,0.00958656943443,0.0653196408906,0.0840263369379,0.274358196692,0.143923722016,0.116534954707,0.0141059617677,0.0295207335537,0.0142850174803,0.0792380542512,0.13849493728,0.0306058749883,1,0.5,30,20,5,2,20,0.000327156722804,8.17891807009e-05,0.000327156722804,0.0084626606126,0.00484000548234,0.00132473754555,0.000327156722804,8.17891807009e-05,0.000327156722804,0.260446564431,0.463010449073,0.260443377603
998,0.0124134448758,0.115929806444,0.148485789448,0.00712522074269,0.0662351877017,0.0219098711237,0.0734245953239,0.0508970845954,0.0204999461958,0.367448506301,0.0734190070094,0.0422115402379,1,0.5,30,20,5,2,20,6.61465119747e-05,1.65366279937e-05,6.61465119747e-05,0.00329161147587,0.000425721357464,0.000933147698437,6.61465119747e-05,1.65366279937e-05,6.61465119747e-05,0.263398450445,0.46825818222,0.263395227499
999,0.114917663674,0.13443188465,0.0602771606216,0.179907613825,0.080875589302,0.136089170262,0.00973173379797,0.143415589541,0.00291448110831,0.0157254865204,0.0997812015193,0.0219324251785,1,0.5,30,20,5,2,20,0.000597739277665,0.000149434819416,0.000597739277665,0.0456998948997,0.0132880806819,0.00248820629377,0.000597739277665,0.000149434819416,0.000597739277665,0.247722991203,0.44039104011,0.247719960062
