run_ID,t1_initial,t2_initial,t3_initial,t4_initial,t5_initial,t6_initial,t7_initial,t8_initial,t9_initial,t10_initial,t11_initial,t12_initial,alpha,prior_cost_c,lambda,k,sample_amount,learning_parameter,generations,t1_final,t2_final,t3_final,t4_final,t5_final,t6_final,t7_final,t8_final,t9_final,t10_final,t11_final,t12_final
0,0.0354583328241,0.041929610649,0.0101489706556,0.201192650334,0.098365843874,0.153087984453,0.00691125792479,0.0824901000205,0.0923479684033,0.182562987335,0.0287763942403,0.0667278992857,1,0.7,30,20,15,10,20,3.15388522243e-05,1.86233768499e-10,3.15388522243e-05,0.0594395770697,0.000921236969461,0.00119606886375,3.15388522243e-05,1.86233768499e-10,3.15388522243e-05,0.0123018498728,0.91371401418,0.0123010972633
1,0.0258617227173,0.0107085905256,0.0469175776962,0.165614227555,0.0579040845941,0.0078847530843,0.321106615148,0.057667063235,0.00860575963616,0.20475694066,0.0432486196957,0.0497240454523,1,0.7,30,20,15,10,20,3.39495282585e-05,2.00468569414e-10,3.39495282585e-05,0.0200753872844,0.00416080291666,0.000502973034954,3.39495282585e-05,2.00468569414e-10,3.39495282585e-05,0.0127844239445,0.949556972494,0.0127836418118
2,0.0225228829707,0.131761597863,0.260233376492,0.00991384088243,0.0179796160495,0.212895970014,0.0254542860442,0.0194775332642,0.0211876189456,0.00704257056807,0.000725460110929,0.270805246795,1,0.7,30,20,15,10,20,0.000104992323161,6.19969169032e-10,0.000104992323161,0.0245470580534,0.00127145275795,0.00397783417303,0.000104992323161,6.19969169032e-10,0.000104992323161,0.0127143958678,0.944355670596,0.0127136180193
3,0.117310734129,0.0870763234486,0.126215815482,0.0630890624588,0.115869548188,0.0227029612725,0.229081548207,0.096338411176,0.0127411249535,0.0658749674427,0.0625848691781,0.00111463406273,1,0.7,30,20,15,10,20,0.000191156332197,1.12875902599e-09,0.000191156332197,0.0876388747581,0.0110218355219,0.00374915688678,0.000191156332197,1.12875902599e-09,0.000191156332197,0.0117578741326,0.873310476312,0.0117571548028
4,0.106417355217,0.058346706185,0.0025573613936,0.0453251405419,0.0878726756499,0.197108244763,0.0226486903888,0.142940046233,0.045197308167,0.122726555218,0.0361590835795,0.132700832663,1,0.7,30,20,15,10,20,1.52769491215e-05,9.02088568678e-11,1.52769491215e-05,0.032875633329,0.000742699489097,0.00046143228527,1.52769491215e-05,9.02088568678e-11,1.52769491215e-05,0.0126629427661,0.940534016088,0.0126621680655
5,0.0191243200965,0.00974678734433,0.171574850042,0.15206826284,0.0226959382852,0.0517524837595,0.0616259756633,0.0316291101243,0.00465638532919,0.252517875137,0.163767643653,0.0588403677255,1,0.7,30,20,15,10,20,3.66358134602e-05,2.16330814901e-10,3.66358134602e-05,0.0136919250288,0.00223935601518,0.000524647269933,3.66358134602e-05,2.16330814901e-10,3.66358134602e-05,0.0128928808212,0.957612555125,0.0128920920532
6,0.0667161331735,0.00901501067254,0.0523446369818,0.0794107945295,0.0442365054504,0.0991725763353,0.178596206037,0.118685058994,0.0634189938134,0.164774184836,0.0626782073563,0.0609516918205,1,0.7,30,20,15,10,20,5.32264867944e-05,3.14297081872e-10,5.32264867944e-05,0.0171461672573,0.00258290397566,0.000289730927696,5.32264867944e-05,3.14297081872e-10,5.32264867944e-05,0.0128452995375,0.954078478045,0.0128445136806
7,0.0528067960583,0.00615086117139,0.00939526943558,0.0400714549776,0.156599968421,0.109345955554,0.23451000867,0.0518027724897,0.0976836778901,0.00955502732018,0.162808967545,0.0692692404667,1,0.7,30,20,15,10,20,8.76023404378e-05,5.17283060051e-10,8.76023404378e-05,0.0296905036832,0.00579109200392,0.00145773874396,8.76023404378e-05,5.17283060051e-10,8.76023404378e-05,0.0126216593309,0.937467708686,0.0126208871559
8,0.0814491614839,0.00732482924795,0.0221517442328,0.178068632204,0.272136883653,0.0237443871605,0.177526276762,0.00217397070487,0.0669732126925,0.0210580885874,0.0535632566973,0.0938295565744,1,0.7,30,20,15,10,20,0.000194569686675,1.14891454285e-09,0.000194569686675,0.0315319156854,0.00492146188219,0.00936949825945,0.000194569686675,1.14891454285e-09,0.000194569686675,0.0124995816133,0.928400444608,0.0124988169068
9,0.195489881413,0.0265675791363,0.0589525077683,0.0572579833444,0.0100594137006,0.110668293439,0.0721699841663,0.105654733584,0.0161846015825,0.0336044636372,0.256261438612,0.0571291196165,1,0.7,30,20,15,10,20,6.58702432249e-05,3.88957199219e-10,6.58702432249e-05,0.0273223908558,0.00154977729439,0.000964336175858,6.58702432249e-05,3.88957199219e-10,6.58702432249e-05,0.0127159210105,0.944468949844,0.0127151430687
10,0.0441892446605,0.112224858476,0.000687213220814,0.19112584073,0.00892991845039,0.036806113233,0.0400747288536,0.0606575014557,0.270756968491,0.104221844299,0.0801480893555,0.0501776787748,1,0.7,30,20,15,10,20,3.80284774851e-05,2.24554356701e-10,3.80284774851e-05,0.055188480397,0.00294677392551,0.00150906073667,3.80284774851e-05,2.24554356701e-10,3.80284774851e-05,0.0123265843548,0.915551155995,0.012325830232
11,0.00901207944338,0.0385264613275,0.040637054613,0.482093302259,0.0788578577502,0.0225414168075,0.000318554455326,0.195692066746,0.00383820403441,0.125803691129,0.00240597706762,0.000273334366948,1,0.7,30,20,15,10,20,0.000112816605927,6.66170776337e-10,0.000112816605927,0.145706023001,0.00872839499522,0.00422633957022,0.000112816605927,6.66170776337e-10,0.000112816605927,0.0110245024345,0.818839644272,0.0110238279712
12,0.237193986867,0.0339930827004,0.0798776170728,0.176616649823,0.015238391854,0.0639595338359,0.0248222413283,0.117179622401,0.130504156298,0.0258113053534,0.010187563151,0.0846158493153,1,0.7,30,20,15,10,20,0.000277757108017,1.64012794713e-09,0.000277757108017,0.119515989893,0.0100850987055,0.00310142483203,0.000277757108017,1.64012794713e-09,0.000277757108017,0.0113561793816,0.843474790849,0.0113554846269
13,0.0238591566917,0.0203130441182,0.0179597289894,0.0438929635369,0.0738122435538,0.0210551064173,0.0763226877713,0.454562365029,0.0574799123896,0.0363920232314,0.0834588593748,0.0908919088968,1,0.7,30,20,15,10,20,7.96167855839e-05,4.70129157195e-10,7.96167855839e-05,0.0434351659191,0.00858107331247,0.00297642587306,7.96167855839e-05,4.70129157195e-10,7.96167855839e-05,0.0123853890478,0.919918846437,0.0123846313275
14,0.139376335143,0.16750708719,0.320869071257,0.0168855228179,0.0180191646739,0.0298387753174,0.0149104325302,0.044026537685,0.0796947243488,0.0487351890269,0.045988755447,0.0741484045628,1,0.7,30,20,15,10,20,0.000173965384081,1.02724819646e-09,0.000173965384081,0.0743241607721,0.0108997884043,0.000685712268021,0.000173965384081,1.02724819646e-09,0.000173965384081,0.0119751024109,0.889445002762,0.0119743697914
15,0.00929655918717,0.083369263372,0.0879499974981,0.0562171629534,0.025315891435,0.219789867301,0.00939367198871,0.0542835281396,0.0163701507836,0.181309484671,0.160344584349,0.0963598383213,1,0.7,30,20,15,10,20,1.4171444165e-05,8.36809606498e-11,1.4171444165e-05,0.00961296709542,0.00128910534349,0.000212893196816,1.4171444165e-05,8.36809606498e-11,1.4171444165e-05,0.0129640818548,0.962900977835,0.0129632887309
16,0.0300137830913,0.198580567771,0.210675216402,0.0059350039037,0.0388779006723,0.00243884893822,0.299028576446,0.0727958038563,0.0226036988904,0.00104769427,0.0960706678446,0.0219322379144,1,0.7,30,20,15,10,20,0.000121776072918,7.19075532971e-10,0.000121776072918,0.129960369635,0.0125483017231,0.00618508853136,0.000121776072918,7.19075532971e-10,0.000121776072918,0.0111547053838,0.828510406042,0.0111540229549
17,0.0598963399142,0.111034629715,0.118156066173,0.0526317264245,0.0873389722876,0.132763061415,0.0652850830847,0.118812915364,0.0674987215848,0.0698834830966,0.0902357509014,0.0264632500386,1,0.7,30,20,15,10,20,0.000128744893157,7.60225719603e-10,0.000128744893157,0.0570463695105,0.0102432574807,0.00164515612014,0.000128744893157,7.60225719603e-10,0.000128744893157,0.0122000238425,0.90615093449,0.0121992774625
18,0.00321867883016,0.00193961013355,0.0737992311083,0.00645412981319,0.0948032621895,0.223733398982,0.201810147042,0.0278985340495,0.022705691877,0.269148408615,0.0639269373019,0.0105619700574,1,0.7,30,20,15,10,20,1.39358177362e-05,8.22896101502e-11,1.39358177362e-05,0.0154244571915,0.000251524259108,0.000781057351376,1.39358177362e-05,8.22896101502e-11,1.39358177362e-05,0.0128940567032,0.957699893196,0.0128932678633
19,0.0312098149979,0.195226455044,0.189681520775,0.0598779091805,0.0651152805939,0.092662587279,0.085331125594,0.0168227951056,0.0055681536969,0.031265892175,0.131012903544,0.0962255620138,1,0.7,30,20,15,10,20,8.86603832568e-05,5.23530697093e-10,8.86603832568e-05,0.0136808216482,0.00699642963566,0.000309222324169,8.86603832568e-05,5.23530697093e-10,8.86603832568e-05,0.0128307545975,0.952998159584,0.0128299696304
20,0.0485568827957,0.136219812741,0.0160168926533,0.329136441697,0.0169468453333,0.00707372766113,0.161566503936,0.0628130396185,0.0051102498135,0.0140808861248,0.129823280888,0.0726554367374,1,0.7,30,20,15,10,20,5.34575541549e-05,3.15661511529e-10,5.34575541549e-05,0.0372099858271,0.01181474159,0.000581209797678,5.34575541549e-05,3.15661511529e-10,5.34575541549e-05,0.0124573838557,0.925266226351,0.0124566217308
21,0.0147158335646,0.178401541781,0.082204778126,0.0437473073426,0.0963540354407,0.0397285394015,0.108828913868,0.053488098139,0.152244885445,0.0959071983653,0.117567999192,0.0168108693331,1,0.7,30,20,15,10,20,4.56681394297e-05,2.69665796519e-10,4.56681394297e-05,0.0164227926113,0.00781487861416,0.000407312666846,4.56681394297e-05,2.69665796519e-10,4.56681394297e-05,0.0127850441358,0.94960303691,0.0127842619652
22,0.0499237530401,0.0385572600686,0.022428946583,0.117175711419,0.111875907899,0.0535203062134,0.0478265276466,0.124970444573,0.138645718832,0.077156366351,0.0807982328549,0.137120824521,1,0.7,30,20,15,10,20,6.96481517463e-05,4.11265371247e-10,6.96481517463e-05,0.00686353331752,0.00447911527803,0.000700635723055,6.96481517463e-05,4.11265371247e-10,6.96481517463e-05,0.012949001759,0.961780910935,0.0129482095577
23,0.0177353063684,0.202294270866,0.203637897396,0.130169717831,0.0364826397429,0.169213935669,0.0140377257978,0.101234195254,0.0592287011522,0.0357130437439,0.020754131422,0.00949843475685,1,0.7,30,20,15,10,20,0.000350492347153,2.06962226071e-09,0.000350492347153,0.113733997704,0.0334901776793,0.00709550282795,0.000350492347153,2.06962226071e-09,0.000350492347153,0.0110689520912,0.822141121261,0.0110682749086
24,0.069620518792,0.0461624301374,0.00531246984257,0.0855952080954,0.104497268213,0.205753355909,0.00311462487294,0.0296920203124,0.00827916821531,0.149427184849,0.156723253894,0.135822496868,1,0.7,30,20,15,10,20,8.25191054009e-06,4.87267065482e-11,8.25191054009e-06,0.0190827913734,2.07031518129e-05,0.00160485163811,8.25191054009e-06,4.87267065482e-11,8.25191054009e-06,0.01283861781,0.953582195925,0.0128378323618
25,0.0589350353972,0.0526258556885,0.070422102231,0.0605911440694,0.0737003160338,0.0131423833379,0.00328488069559,0.14608500701,0.150730161569,0.0457451214381,0.313873740401,0.010864252128,1,0.7,30,20,15,10,20,2.45129038638e-05,1.44746246025e-10,2.45129038638e-05,0.0147308618874,0.00346572936418,6.57909995959e-06,2.45129038638e-05,1.44746246025e-10,2.45129038638e-05,0.0128706092738,0.955958346601,0.0128698218684
26,0.259104440925,0.0497199611907,0.0176851824358,0.00787121998481,0.0844814433561,0.181147173145,0.00333739866789,0.139606204624,0.0294499907462,0.0528993728578,0.118493022348,0.056204589718,1,0.7,30,20,15,10,20,4.70419118449e-05,2.77777785253e-10,4.70419118449e-05,0.0586448439494,0.000567140723021,0.00205573621567,4.70419118449e-05,2.77777785253e-10,4.70419118449e-05,0.0123048279285,0.913935207844,0.0123040751368
27,0.0340784256018,0.103588271139,0.0198253942619,0.0303214765619,0.215902059205,0.0590312355896,0.0614568151979,0.0489207066121,0.0767697472141,0.00466557387032,0.0792743326134,0.266165962133,1,0.7,30,20,15,10,20,7.03769049538e-05,4.15568586062e-10,7.03769049538e-05,0.0159784943681,0.00310807380818,0.00151384632896,7.03769049538e-05,4.15568586062e-10,7.03769049538e-05,0.0128367748726,0.953445312634,0.0128359895371
28,0.070614615845,0.106576227997,0.003350800841,0.0456860463506,0.042176207564,0.081233618753,0.0369116481059,0.0276956224069,0.034187522487,0.0962221435176,0.0438015789332,0.411543967199,1,0.7,30,20,15,10,20,1.01487291001e-05,5.99272304633e-11,1.01487291001e-05,0.00361246839758,0.000386801605832,0.00129191750687,1.01487291001e-05,5.99272304633e-11,1.01487291001e-05,0.01304064574,0.968587723781,0.013039847932
29,0.0320674040809,0.145638602078,0.0319100066069,0.052782165586,0.0928851769597,0.208414518387,0.161671668601,0.0803964899756,0.12302805619,0.0398776868392,0.0291215844671,0.00220664022874,1,0.7,30,20,15,10,20,0.000471777324323,2.7857979224e-09,0.000471777324323,0.0877930857826,0.0271919295483,0.0168396954695,0.000471777324323,2.7857979224e-09,0.000471777324323,0.0113575129797,0.843573843208,0.0113568181433
30,0.0956135048718,0.121698958919,0.143944167326,0.187060300216,0.0254714228087,0.0122139521055,0.0054917296934,0.0162272814711,0.00550889835134,0.0683727670987,0.311979765691,0.00641725144731,1,0.7,30,20,15,10,20,4.78508305135e-05,2.82554369099e-10,4.78508305135e-05,0.0239160123895,0.00340759563228,0.000121153831155,4.78508305135e-05,2.82554369099e-10,4.78508305135e-05,0.0127482230461,0.946868168086,0.0127474431281
31,0.0884752207517,0.0208163855894,0.21652951425,0.0768502487354,0.0284834707481,0.0445790091517,0.148277879667,0.0167729625932,0.0256444639348,0.0833446656697,0.158985899684,0.0912402792254,1,0.7,30,20,15,10,20,5.05149922129e-05,2.98285977518e-10,5.05149922129e-05,0.02137441447,0.00260047464266,0.000943326994881,5.05149922129e-05,2.98285977518e-10,5.05149922129e-05,0.0127812077313,0.9493180898,0.0127804257954
32,0.0612804432704,0.0538522071427,0.165667346455,0.131741276529,0.00835929789599,0.155426720152,0.0131578102923,0.136084271977,0.0660217377985,0.17050445339,0.00807281921584,0.0298316158815,1,0.7,30,20,15,10,20,3.93147662032e-05,2.32149762953e-10,3.93147662032e-05,0.0355702464765,0.00387435125524,0.0080984201664,3.93147662032e-05,2.32149762953e-10,3.93147662032e-05,0.0124851715401,0.927330143317,0.0124844077152
33,0.113568459845,0.170843760684,0.0662312542648,0.202870568166,0.0433481852544,0.029726536321,0.0933790258231,0.113879709117,0.0688293570351,0.00200935768052,0.0622269968969,0.0330867889124,1,0.7,30,20,15,10,20,5.101151747e-05,3.01217909509e-10,5.101151747e-05,0.169511706738,0.00416429351149,0.00101631701324,5.101151747e-05,3.01217909509e-10,5.101151747e-05,0.0108175611002,0.803469175668,0.0108168992973
34,0.0239418291451,0.0321864522388,0.0907425847795,0.0035783558554,0.132070415419,0.0234209709945,0.07050260076,0.210526328934,0.0775713589911,0.116212815758,0.0464523671302,0.172793919994,1,0.7,30,20,15,10,20,1.61312232304e-05,9.52532600529e-11,1.61312232304e-05,0.0125375616846,0.00139692831265,0.00111095351308,1.61312232304e-05,9.52532600529e-11,1.61312232304e-05,0.0129124483592,0.959065924653,0.0129116583942
35,0.0023881567958,0.0377343520328,0.0690621717137,0.0415944329044,0.00414634547687,0.0438557769384,0.0104931016724,0.132075224728,0.122215781507,0.225501901191,0.113557308601,0.197375446438,1,0.7,30,20,15,10,20,1.61997050282e-05,9.56576382211e-11,1.61997050282e-05,0.0044290023461,0.00174484827774,5.48703043506e-05,1.61997050282e-05,9.56576382211e-11,1.61997050282e-05,0.0130280368354,0.967651203426,0.0130272397988
36,0.0374153369665,0.0536163344984,0.114901031906,0.0898285216442,0.0385993295462,0.0382667252785,0.260567474823,0.161439761649,0.0433327890873,0.0257902174976,0.125398868838,0.0108436082646,1,0.7,30,20,15,10,20,0.00031764977618,1.87569016337e-09,0.00031764977618,0.0204127204497,0.00333744576667,0.0112543474801,0.00031764977618,1.87569016337e-09,0.00031764977618,0.012634961664,0.938455733108,0.0126341886751
37,0.0657938233196,0.068835899489,0.0268936073313,0.0317157026158,0.102459129454,0.0487033998752,0.0697616928874,0.0870941148578,0.170335473839,0.167983025782,0.0968989934641,0.0635251370847,1,0.7,30,20,15,10,20,2.23255528725e-05,1.31830157157e-10,2.23255528725e-05,0.0193648201595,0.00322284857147,0.000245699194857,2.23255528725e-05,1.31830157157e-10,2.23255528725e-05,0.0128100195546,0.951458074188,0.012809235856
38,0.115263358925,0.143282548006,0.00447435930568,0.107520900261,0.0974897034317,0.117899402334,0.0487373085348,0.0662879855609,0.135797444501,0.0297353453644,0.078469047962,0.0550425958137,1,0.7,30,20,15,10,20,5.51173077988e-05,3.25462190821e-10,5.51173077988e-05,0.0506916548411,0.010464853428,0.00242745967573,5.51173077988e-05,3.25462190821e-10,5.51173077988e-05,0.0122740371668,0.911648238747,0.0122732862588
39,0.0114446153065,0.128176091534,0.111170937801,0.0445399228226,0.0724965840116,0.234878432913,0.091929099699,0.162188106407,0.00832470524672,0.0181140057659,0.032802664605,0.0839348338865,1,0.7,30,20,15,10,20,0.000137798554184,8.136866826e-10,0.000137798554184,0.101071647692,0.00188755312741,0.00871411166654,0.000137798554184,8.136866826e-10,0.000137798554184,0.0116392234922,0.864497756756,0.0116385114212
40,0.383353472699,0.0735868043294,0.0116513781362,0.108593811774,0.0969775153818,0.0763848562768,0.0641554228655,0.000865778137337,0.0400395310939,0.0521136533533,0.050750218675,0.0415275572772,1,0.7,30,20,15,10,20,0.000239281738677,1.41293473871e-09,0.000239281738677,0.0517963115929,0.011754033546,0.00428318690606,0.000239281738677,1.41293473871e-09,0.000239281738677,0.0122086650361,0.906792755011,0.0122079181275
41,0.0745814483879,0.00672453385197,0.119912338612,0.00587346180244,0.00549685995488,0.0571542664958,0.337524506716,0.0972947179102,0.131476761793,0.0548906644371,0.0505486617288,0.0585217783101,1,0.7,30,20,15,10,20,8.98963317204e-05,5.30828849176e-10,8.98963317204e-05,0.0164312415627,0.0113611609052,0.0031796918696,8.98963317204e-05,5.30828849176e-10,8.98963317204e-05,0.0126997728183,0.943269550591,0.0126989958644
42,0.0418464935942,0.0206936646781,0.343026490747,0.0761045133239,0.116692021655,0.0165167183322,0.122531122339,0.000314209799409,0.0762709417476,0.0194777276428,0.0336020724407,0.1329240237,1,0.7,30,20,15,10,20,0.000155010103559,9.15319160504e-10,0.000155010103559,0.00757086617549,0.00136543017402,0.0106138152358,0.000155010103559,9.15319160504e-10,0.000155010103559,0.0128461065561,0.954138418964,0.0128453206498
43,0.019856575874,0.095159506055,0.0175443346873,0.179171790825,0.119398386287,0.013438807505,0.111227700178,0.125357602875,0.0793185434794,0.0196482411545,0.202473243532,0.0174052675473,1,0.7,30,20,15,10,20,0.000121823092735,7.19353180291e-10,0.000121823092735,0.029143226911,0.00753085071038,0.00128202711513,0.000121823092735,7.19353180291e-10,0.000121823092735,0.0126065342981,0.936344304107,0.0126057630484
44,0.0217102052936,0.0357445800367,0.0647625814445,0.07226671338,0.128443937885,0.0133934408996,0.0678539321325,0.026066516263,0.295838264354,0.0263561053891,0.138110709005,0.109453013917,1,0.7,30,20,15,10,20,7.9661469114e-07,4.70393008971e-12,7.9661469114e-07,1.44773911298e-05,1.93522014703e-05,9.89121182695e-05,7.9661469114e-07,4.70393008971e-12,7.9661469114e-07,0.0131087662398,0.973647341317,0.0131079642643
45,0.0691353784883,0.199218770464,0.0759820504406,0.0619111943336,0.00695151220362,0.205502578943,0.0241466629839,0.0520164131984,0.0770464433704,0.00147516883422,0.175688761787,0.0509250649534,1,0.7,30,20,15,10,20,4.74165129441e-05,2.79989767284e-10,4.74165129441e-05,0.0419255728896,0.00156484237649,0.00158448245955,4.74165129441e-05,2.79989767284e-10,4.74165129441e-05,0.0125171050743,0.929701991293,0.0125163392958
46,0.0693060106843,0.0565196042001,0.0648384050642,0.140103891146,0.0212496259447,0.00848173253946,0.129895481748,0.21477125244,0.0292423516762,0.0145880334072,0.00751141488469,0.243492196265,1,0.7,30,20,15,10,20,0.000106613816241,6.29543923521e-10,0.000106613816241,0.0227927985655,0.00294575320501,0.00346083553586,0.000106613816241,6.29543923521e-10,0.000106613816241,0.0127221372754,0.944930659941,0.0127213589533
47,0.0646055571699,0.0106957298878,0.172172443802,0.0455338274465,0.0191210457066,0.0868814356046,0.0036653092605,0.0533182782586,0.0513632628583,0.00693960633474,0.0334865503841,0.452216953287,1,0.7,30,20,15,10,20,7.19586317923e-06,4.24908524871e-11,7.19586317923e-06,0.00495952102435,0.00154770614562,0.000147395383645,7.19586317923e-06,4.24908524871e-11,7.19586317923e-06,0.0130229252142,0.967271540204,0.0130221284903
48,0.0687143288696,0.0741936275047,0.0600201465149,0.0741639527928,0.0249835245259,0.0625361355198,0.111497250617,0.0310841759581,0.192247921444,0.13151266512,0.0239424591126,0.145103812021,1,0.7,30,20,15,10,20,3.88623895027e-05,2.29478523774e-10,3.88623895027e-05,0.0184933187843,0.00277807207419,0.000929099217613,3.88623895027e-05,2.29478523774e-10,3.88623895027e-05,0.0128174496997,0.952009944661,0.0128166655465
49,0.15093181916,0.0219716261714,0.0523723273852,0.13892698813,0.000978496922997,0.0443920220131,0.0516112168358,0.278052879956,0.0946971393891,0.145757907533,0.0077938630598,0.0125137134442,1,0.7,30,20,15,10,20,0.000113973931804,6.73004669911e-10,0.000113973931804,0.0614034552683,0.0119565159385,0.000493203904698,0.000113973931804,6.73004669911e-10,0.000113973931804,0.0121363156503,0.901419038997,0.012135573168
50,0.105889748938,0.121476990046,0.130766487906,0.0310043132505,0.151603264703,0.140732864281,0.0264901986375,0.0360689671937,0.0511365696862,0.125035812779,0.0534026962828,0.0263920862966,1,0.7,30,20,15,10,20,3.42175041615e-05,2.02050940323e-10,3.42175041615e-05,0.0676452711378,0.00245772287475,0.00109138558893,3.42175041615e-05,2.02050940323e-10,3.42175041615e-05,0.0121753565317,0.904318781785,0.0121746116609
51,0.142046975944,0.0591048444,0.0886753794405,0.0398526323292,0.0632414223564,0.0401482094797,0.00298880927059,0.19681225779,0.0241738808025,0.0716177407107,0.247032992086,0.0243048553903,1,0.7,30,20,15,10,20,1.10830496123e-05,6.54442996557e-11,1.10830496123e-05,0.016822326205,0.000321131898687,0.00107199309355,1.10830496123e-05,6.54442996557e-11,1.10830496123e-05,0.0128711525583,0.955998698795,0.0128703651197
52,0.0461851651539,0.128411341168,0.00560877438015,0.0257654095615,0.105486325904,0.00701059094108,0.0984881169702,0.198828628528,0.186102147672,0.0526222052041,0.123417092859,0.0220742016585,1,0.7,30,20,15,10,20,0.000295071058518,1.74236509344e-09,0.000295071058518,0.0554680761906,0.00604105399913,0.00232324509168,0.000295071058518,1.74236509344e-09,0.000295071058518,0.0122581966723,0.910471693594,0.0122574467334
53,0.0939693905292,0.0295556176814,0.0533616883026,0.093041679531,0.00971234401384,0.00693471914194,0.211722391772,0.168486929896,0.0616704898883,0.0129123122214,0.0314805958791,0.227151841144,1,0.7,30,20,15,10,20,5.3677634212e-05,3.16961062258e-10,5.3677634212e-05,0.00854097769424,0.003518723569,0.00252092888495,5.3677634212e-05,3.16961062258e-10,5.3677634212e-05,0.0129165732953,0.959372302308,0.0129157830779
54,0.109611030926,0.0719814946203,0.0849881900561,0.0134664173265,0.0633087130782,0.230266787523,0.0720413652408,0.0126539172756,0.167827331946,0.134618041966,0.0225070596258,0.0167296504153,1,0.7,30,20,15,10,20,2.01248304534e-05,1.18835111344e-10,2.01248304534e-05,0.0134624969891,0.00445556789566,0.00300909218254,2.01248304534e-05,1.18835111344e-10,2.01248304534e-05,0.0128351264352,0.953322875737,0.0128343412006
55,0.0955833938548,0.0179113386944,0.105813537665,0.0377595105509,0.0925558677295,0.0199536889651,0.179911263763,0.0439660878899,0.0065157513347,0.204053797631,0.0871218087173,0.108853953205,1,0.7,30,20,15,10,20,1.08513468322e-05,6.40761179095e-11,1.08513468322e-05,0.00202434877168,0.00202115136283,3.10039644812e-05,1.08513468322e-05,6.40761179095e-11,1.08513468322e-05,0.0130565340587,0.969767821048,0.0130557352787
56,0.118810084991,0.147412374451,0.0308075645248,0.0439534336021,0.0557336397908,0.0389584951563,0.00998615340085,0.142834468136,0.0737586531568,0.0725712512202,0.252558411764,0.0126154698066,1,0.7,30,20,15,10,20,4.70614356781e-05,2.77893071535e-10,4.70614356781e-05,0.0235660221049,0.00162539623402,4.76425659499e-05,4.70614356781e-05,2.77893071535e-10,4.70614356781e-05,0.0127771823927,0.949019109701,0.0127764007031
57,0.185446285979,0.0301533147873,0.134478071444,0.0711475212288,0.011246915875,0.104202887988,0.0219764109338,0.101296578468,0.119660925319,0.148151018242,0.00099247374586,0.0712475959883,1,0.7,30,20,15,10,20,9.31499949921e-05,5.50041405429e-10,9.31499949921e-05,0.0378391191885,0.00171726185264,0.00337258710329,9.31499949921e-05,5.50041405429e-10,9.31499949921e-05,0.0125428410166,0.931613516095,0.0125420736636
58,0.00716514409243,0.127408847502,0.200330946983,0.0355973294996,0.0176781970509,0.0709271370094,0.109114765692,0.0078143877017,0.181140604857,0.106683924362,0.0641475547305,0.0719911605205,1,0.7,30,20,15,10,20,0.000213271742821,1.25934831418e-09,0.000213271742821,0.0221049531897,0.00289912702932,0.00242288200281,0.000213271742821,1.25934831418e-09,0.000213271742821,0.012739781348,0.946241164994,0.0127390019464
59,0.0703737731324,0.0317072824234,0.118490530881,0.0150437091699,0.0437510503089,0.0250062900541,0.188255962179,0.068508190692,0.0914546150677,0.208643799376,0.0885165726625,0.0502482240535,1,0.7,30,20,15,10,20,2.12122862164e-05,1.25256428879e-10,2.12122862164e-05,0.012214098868,0.00407020837945,6.16262510789e-05,2.12122862164e-05,1.25256428879e-10,2.12122862164e-05,0.0128951317595,0.957779742493,0.0128943428539
60,0.0460013400308,0.0451414339241,0.0659965243615,0.00941984531414,0.190748474523,0.0913785710824,0.0950065153777,0.0433631277944,0.0261787311759,0.00690792345635,0.267306171158,0.112551341801,1,0.7,30,20,15,10,20,2.6057581971e-05,1.53867415781e-10,2.6057581971e-05,0.0177429086651,0.00173916731789,0.000796937809612,2.6057581971e-05,1.53867415781e-10,2.6057581971e-05,0.0128433128215,0.953930915664,0.0128425270861
61,0.129246016428,0.213541731632,0.140294156964,0.069889476496,0.12023337353,0.0161617237815,0.00397651087061,0.144178291353,0.0453374853016,0.0612925350315,0.00502495686624,0.0508237417453,1,0.7,30,20,15,10,20,0.000209547068452,1.2373544845e-09,0.000209547068452,0.0759020795277,0.00568459102234,0.0115871662311,0.000209547068452,1.2373544845e-09,0.000209547068452,0.011877999102,0.882232700945,0.0118772724231
62,0.21248166893,0.0683963472649,0.349393140467,0.0928392795814,0.030828219883,0.0213918591634,0.00185831536217,0.0356157091135,0.0585157841683,0.00080702340575,0.0605557577759,0.0673168948848,1,0.7,30,20,15,10,20,0.000221681286209,1.30900582694e-09,0.000221681286209,0.00454884364687,0.00715975655114,0.00550354254378,0.000221681286209,1.30900582694e-09,0.000221681286209,0.0128732622163,0.956155392631,0.0128724746486
63,0.0484395605296,0.0263961743939,0.138654377193,0.0208194380739,0.020274812103,0.230737841719,0.0836458536992,0.0115517172101,0.0123664453372,0.168187414479,0.196184492765,0.0427418724974,1,0.7,30,20,15,10,20,4.69286786568e-05,2.771091546e-10,4.69286786568e-05,0.00636595413619,0.00321981452032,0.000598396298879,4.69286786568e-05,2.771091546e-10,4.69286786568e-05,0.0129745672958,0.96367977895,0.0129737735304
64,0.0420343875311,0.0524270232223,0.0069106660556,0.0438231670318,0.0938537185409,0.175945574317,0.144998010593,0.138534630674,0.0373830560065,0.141519989862,0.00390353538897,0.118666240777,1,0.7,30,20,15,10,20,5.99029679294e-05,3.53721035326e-10,5.99029679294e-05,0.000552431977737,0.00347390712317,0.000131806364987,5.99029679294e-05,3.53721035326e-10,5.99029679294e-05,0.0130528913134,0.969497257885,0.0130520927562
65,0.0719833390816,0.163037859336,0.0625491136856,0.175155817307,0.0593681443365,0.0814643362147,0.0905234141183,0.0842747353778,0.0363632678143,0.152420238731,0.00616255068208,0.0166971833146,1,0.7,30,20,15,10,20,4.46354757252e-05,2.6356802061e-10,4.46354757252e-05,0.104633290104,0.0030263462741,0.000736779463482,4.46354757252e-05,2.6356802061e-10,4.46354757252e-05,0.0116870710946,0.868051614537,0.0116863560964
66,0.0278269468254,0.221709186611,0.0439656173928,0.0541986617911,0.0261533866504,0.11921501278,0.0362105455395,0.0186601828703,0.0711962618414,0.201974011481,0.134919659841,0.0439705263761,1,0.7,30,20,15,10,20,8.32580083588e-05,4.91630213558e-10,8.32580083588e-05,0.0157529452793,0.00263597306771,0.000993096824066,8.32580083588e-05,4.91630213558e-10,8.32580083588e-05,0.0128520732406,0.954581591602,0.0128512869692
67,0.0609982466452,0.0760370050403,0.00219501230641,0.0229854998114,0.0293751092117,0.136712029434,0.0571843687062,0.0548358473339,0.199237122876,0.128533081988,0.0240420396451,0.207864637002,1,0.7,30,20,15,10,20,2.06393480499e-05,1.218732863e-10,2.06393480499e-05,0.0168970670792,0.00329312321945,0.00118857803378,2.06393480499e-05,1.218732863e-10,2.06393480499e-05,0.0128291785814,0.95288110174,0.0128283937107
68,0.111550487425,0.0358855480499,0.0916832307776,0.0510866384534,0.0741462378104,0.103278269096,0.17411735289,0.155301819094,0.0491891253806,0.0420398251068,0.0364107820799,0.0753106838371,1,0.7,30,20,15,10,20,0.000129889244098,7.66982997475e-10,0.000129889244098,0.0273142901591,0.0182613112388,0.00158044652021,0.000129889244098,7.66982997475e-10,0.000129889244098,0.0124854949904,0.927354167435,0.0124847311458
69,0.0992285084901,0.0254168034443,0.178411798024,0.0917865424731,0.241123712793,0.0174669287141,0.162658992859,0.0709489589979,0.0227120923254,0.0317558451706,0.0451812821861,0.0133085345221,1,0.7,30,20,15,10,20,0.00047172419111,2.78548417608e-09,0.00047172419111,0.0745570317751,0.0146090710755,0.00867793068839,0.00047172419111,2.78548417608e-09,0.00047172419111,0.0118030210777,0.876663744062,0.0118022989858
70,0.00311882885961,0.0912298798622,0.101653424884,0.00183568147722,0.10878408301,0.00758274714065,0.445888956585,0.0606029814615,0.0624362334693,0.0294878416608,0.00887715902084,0.0785021825686,1,0.7,30,20,15,10,20,7.65752275988e-05,4.52169061448e-10,7.65752275988e-05,0.176219431499,0.00295814991852,0.00144631653681,7.65752275988e-05,4.52169061448e-10,7.65752275988e-05,0.0107384542039,0.797593548786,0.0107377972406
71,0.0635085786053,0.0661407301615,0.12839488707,0.0452330147516,0.0696361171821,0.229639211636,0.0191565548042,0.0221975943092,0.207693747437,0.0316817310774,0.0912153170225,0.0255025159428,1,0.7,30,20,15,10,20,9.27651485427e-05,5.4776892563e-10,9.27651485427e-05,0.134432705064,0.00158526941468,0.00104999918247,9.27651485427e-05,5.4776892563e-10,9.27651485427e-05,0.011308647217,0.839944362062,0.0113079553702
72,0.0780062325371,0.32257748464,0.100428482873,0.00353987940207,0.0941160035985,0.00874456126044,0.00964128648973,0.0153907507696,0.199349199047,0.0409105864958,0.0548399328001,0.0724556000869,1,0.7,30,20,15,10,20,4.07803016631e-05,2.4080360329e-10,4.07803016631e-05,0.00614164104449,0.0123959967883,0.000311886033377,4.07803016631e-05,2.4080360329e-10,4.07803016631e-05,0.0128612821243,0.955265577032,0.0128604952895
73,0.176248079833,0.0390063416501,0.00569832875152,0.0152291820157,0.0130908335314,0.00420918163664,0.224640501565,0.0627425388549,0.11299068231,0.0307327578826,0.255488863625,0.0599227083437,1,0.7,30,20,15,10,20,2.96992450071e-05,1.75371071843e-10,2.96992450071e-05,0.0235743961179,0.00146276536705,0.00027927977518,2.96992450071e-05,1.75371071843e-10,2.96992450071e-05,0.0127770784079,0.949011386277,0.0127762967246
74,0.324732835303,0.0113149938469,0.23410285428,0.0687853257265,0.0536549431991,0.0504219145402,0.0687010463559,0.00322677880195,0.0180776720207,0.0233646980257,0.0223194674404,0.12129747046,1,0.7,30,20,15,10,20,0.000374242256224,2.20986309878e-09,0.000374242256224,0.0642851158924,0.0105480956137,0.00300087140284,0.000374242256224,2.20986309878e-09,0.000374242256224,0.0120704746842,0.896528732732,0.0120697362299
75,0.0566550540379,0.139410716005,0.0127634620593,0.0628197532731,0.0672425916142,0.114956904999,0.00523103756951,0.149118365262,0.0519735674994,0.067009832752,0.0636357161,0.209182998829,1,0.7,30,20,15,10,20,1.18699008783e-05,7.0090577696e-11,1.18699008783e-05,0.000357749522032,0.00255068054068,3.29907252521e-05,1.18699008783e-05,7.0090577696e-11,1.18699008783e-05,0.0130713622079,0.97086917474,0.0130705625207
76,0.144039608573,0.105464057068,0.139731631587,0.270366610269,0.0143377026233,0.0159401705104,0.0776755036459,0.072785274583,0.0116212828806,0.00555323624407,0.0785466764441,0.0639382455714,1,0.7,30,20,15,10,20,0.000105566190101,6.23357795927e-10,0.000105566190101,0.0930998465578,0.00590583909619,0.00281305083113,0.000105566190101,6.23357795927e-10,0.000105566190101,0.011770112728,0.87421949213,0.0117693926494
77,0.0331029573806,0.00195226031458,0.0156823147437,0.0622399914184,0.134926703525,0.0751660707236,0.0432128894479,0.026028060012,0.456572745693,0.0170283569579,0.00938334117654,0.124704308607,1,0.7,30,20,15,10,20,0.000181189492021,1.06990583144e-09,0.000181189492021,0.045172913226,0.0191016388368,0.000600830732906,0.000181189492021,1.06990583144e-09,0.000181189492021,0.0122504944886,0.909899617587,0.0122497450209
78,0.0721353709316,0.0194016518873,0.146224357459,0.0842262300816,0.0399888653107,0.0360322381727,0.125492789715,0.0377108408786,0.305340023929,0.0699488760187,0.0394999697679,0.0239987858472,1,0.7,30,20,15,10,20,0.000117041225726,6.91116733791e-10,0.000117041225726,0.106411642997,0.00559822422668,0.00101693643126,0.000117041225726,6.91116733791e-10,0.000117041225726,0.0116225670439,0.863260607024,0.0116218559919
79,0.0301328491201,0.05562865567,0.0217850427619,0.110760729959,0.386183975287,0.0183635668817,0.00243536725343,0.1005051429,0.0103173501523,0.105968418592,0.13780452128,0.0201143801413,1,0.7,30,20,15,10,20,7.77439496176e-05,4.59070248097e-10,7.77439496176e-05,0.0170559174872,0.00266912839926,0.00157484217022,7.77439496176e-05,4.59070248097e-10,7.77439496176e-05,0.0128272180457,0.952735483886,0.0128264332949
80,0.117977636939,0.171276699168,0.0752789241582,0.100152296417,0.0345716706243,0.0167549132138,0.0671493252818,0.1030924502,0.0650648548109,0.0453929502385,0.154544670087,0.0487436088619,1,0.7,30,20,15,10,20,4.73509576326e-05,2.79602669725e-10,4.73509576326e-05,0.0110397764868,0.005377642037,0.00248961378427,4.73509576326e-05,2.79602669725e-10,4.73509576326e-05,0.0128601835765,0.955183982917,0.0128593968089
81,0.0146031854108,0.197985088631,0.0455772841457,0.202131140389,0.0170432471809,0.0043717978953,0.125951282589,0.0188764118368,0.0857102827982,0.0139107958323,0.0270753029727,0.246764180318,1,0.7,30,20,15,10,20,5.00217609584e-05,2.95373496283e-10,5.00217609584e-05,0.03076195714,0.00395157734972,0.00044312066903,5.00217609584e-05,2.95373496283e-10,5.00217609584e-05,0.0126470020475,0.939350026837,0.0126462283221
82,0.0395162896271,0.0768546256362,0.0755063333001,0.051910743358,0.0571237992154,0.0301129761239,0.135868797342,0.103122192947,0.0300662293691,0.0129331616471,0.163877858167,0.223106993267,1,0.7,30,20,15,10,20,3.99747198879e-05,2.36046723466e-10,3.99747198879e-05,0.00670535164712,0.00212398269274,0.00103370511277,3.99747198879e-05,2.36046723466e-10,3.99747198879e-05,0.0129791421092,0.964019571023,0.0129783480639
83,0.0165632830399,0.0456293480585,0.014970739314,0.0336883421639,0.183923893492,0.112380988263,0.0762960549193,0.0382030633575,0.190063147254,0.0971354032989,0.132744867111,0.058400869728,1,0.7,30,20,15,10,20,1.55021245613e-05,9.15384953221e-11,1.55021245613e-05,0.0420711529775,0.00157674377339,0.000141150327746,1.55021245613e-05,9.15384953221e-11,1.55021245613e-05,0.0125356369468,0.931078437259,0.0125348700345
84,0.0710350918177,0.012045616718,0.0246125652098,0.0622528991315,0.0974105115449,0.0501229037665,0.0470023220718,0.179419729832,0.0216566046981,0.0816437551198,0.285560506747,0.0672374933431,1,0.7,30,20,15,10,20,5.22642711982e-05,3.08615294998e-10,5.22642711982e-05,0.0041911767684,0.00107319926637,0.00178547016037,5.22642711982e-05,3.08615294998e-10,5.22642711982e-05,0.0130153801224,0.96671113212,0.0130145838601
85,0.0633513847997,0.0756868822116,0.109026789089,0.0469477095678,0.0569121215307,0.25621468348,0.102466832526,0.00580839021456,0.00307559222894,0.0200372191877,0.0947741099036,0.16569828526,1,0.7,30,20,15,10,20,2.06571537313e-05,1.21978427068e-10,2.06571537313e-05,0.0358599023061,0.0011471732276,0.0021121877276,2.06571537313e-05,1.21978427068e-10,2.06571537313e-05,0.0125965900314,0.935605698458,0.0125958193901
86,0.0660855057154,0.018315162936,0.0740034741077,0.0227205321356,0.11514110334,0.232687446493,0.0136732689104,0.195369253775,0.032400364985,0.00480535038337,0.114120306586,0.110678230633,1,0.7,30,20,15,10,20,0.000120972282359,7.14329230103e-10,0.000120972282359,0.042922457982,0.00465376646379,0.0045276522468,0.000120972282359,7.14329230103e-10,0.000120972282359,0.0124210938685,0.922570804917,0.0124203339638
87,0.017129929711,0.0804103276733,0.101173793093,0.0131994230741,0.00193817350396,0.0678075330762,0.075686974475,0.0213928005971,0.00823720208033,0.334514032305,0.0437794815941,0.234730328817,1,0.7,30,20,15,10,20,5.2170208936e-06,3.08059866746e-11,5.2170208936e-06,0.00505916347083,0.000592527287904,0.00010758430588,5.2170208936e-06,3.08059866746e-11,5.2170208936e-06,0.0130347674859,0.968151119267,0.0130339700375
88,0.0160661235039,0.0529046175846,0.0124736052387,0.00498935959675,0.0248522773711,0.268447070557,0.406885619799,0.0245531015307,0.0866495409892,0.00824094593814,0.00151248407812,0.0924252538133,1,0.7,30,20,15,10,20,0.000235121790961,1.38837066344e-09,0.000235121790961,0.0711336841001,0.0239148346706,0.0017904392101,0.000235121790961,1.38837066344e-09,0.000235121790961,0.0118286061549,0.878564063426,0.0118278824977
89,0.1553076197,0.0890753031502,0.148157975521,0.0474046243846,0.0423623661983,0.0288842109216,0.030560932855,0.173253343725,0.0322755477041,0.121063887204,0.0146594679632,0.116994720673,1,0.7,30,20,15,10,20,7.42946760528e-05,4.38702632624e-10,7.42946760528e-05,0.0382107614283,0.00249166995723,0.00210689501292,7.42946760528e-05,4.38702632624e-10,7.42946760528e-05,0.0125453984027,0.931803464724,0.0125446308932
90,0.0679224972404,0.00136639389679,0.124629014631,0.0474143791615,0.215705944387,0.0283233238235,0.000364449293818,0.182123426618,0.0819206886749,0.0489550395683,0.124268669904,0.077006172802,1,0.7,30,20,15,10,20,4.26624421344e-05,2.51917454559e-10,4.26624421344e-05,0.0437015747368,0.00270149969271,0.000379813105769,4.26624421344e-05,2.51917454559e-10,4.26624421344e-05,0.012494961706,0.928057303204,0.0124941972821
91,0.0710155355571,0.325002789922,0.0347209666558,0.026754605711,0.0334276027323,0.0281651169203,0.193958048588,0.00438477127683,0.0290367090377,0.00370338582192,0.0984350481427,0.151395419634,1,0.7,30,20,15,10,20,3.38049723702e-05,1.99614981349e-10,3.38049723702e-05,0.0311185662584,0.00238969796804,0.000961470846126,3.38049723702e-05,1.99614981349e-10,3.38049723702e-05,0.012656858393,0.940082102181,0.0126560840645
92,0.0842892654849,0.0378587338839,0.0778526939261,0.0494815377546,0.0259273648402,0.0699764123507,0.034172899595,0.123226942459,0.0516116203875,0.083624497393,0.00598580750101,0.355992224424,1,0.7,30,20,15,10,20,8.41206154335e-06,4.96723822074e-11,8.41206154335e-06,0.0214523232986,0.000716930213138,0.000373062611389,8.41206154335e-06,4.96723822074e-11,8.41206154335e-06,0.0128145650595,0.951795689389,0.0128137810828
93,0.101848751584,0.195339845428,0.155819037964,0.0358313143109,0.0086380151644,0.0181977146452,0.0345495333062,0.17315820162,0.0721965198378,0.0576157388443,0.0238637725372,0.122941554757,1,0.7,30,20,15,10,20,5.47136415243e-05,3.23078581837e-10,5.47136415243e-05,0.0259153135981,0.0081152350694,0.00111790690127,5.47136415243e-05,3.23078581837e-10,5.47136415243e-05,0.0126468634954,0.939339735945,0.0126460897784
94,0.129656782836,0.0585639435241,0.156813201074,0.0217748293161,0.00305329542307,0.0410201076305,0.0154065199764,0.215083920857,0.0752012423679,0.0191049816733,0.11672321541,0.147597959912,1,0.7,30,20,15,10,20,2.36629425645e-05,1.39727309549e-10,2.36629425645e-05,0.0477569040756,0.00150082874216,0.000524270597829,2.36629425645e-05,1.39727309549e-10,2.36629425645e-05,0.0124566380306,0.925210830553,0.0124558759514
