run_ID,t1_initial,t2_initial,t3_initial,t4_initial,t5_initial,t6_initial,t7_initial,t8_initial,t9_initial,t10_initial,t11_initial,t12_initial,alpha,prior_cost_c,lambda,k,sample_amount,learning_parameter,generations,t1_final,t2_final,t3_final,t4_final,t5_final,t6_final,t7_final,t8_final,t9_final,t10_final,t11_final,t12_final
0,0.000891132317882,0.0786698350505,0.0377110765114,0.0239083028105,0.0526838042919,0.175471282556,0.197109060596,0.0297751058895,0.0947450276825,0.00251670710391,0.291548113915,0.0149705512753,1,0.8,30,20,15,10,20,6.43496829117e-05,6.58940753016e-12,6.43496829117e-05,0.0115088141624,0.00556551276108,0.000509331306612,6.43496829117e-05,6.58940753016e-12,6.43496829117e-05,0.00586813597723,0.970423030075,0.0058677769731
1,0.070126553376,0.0395070013269,0.093859435783,0.00206675814693,0.123488547793,0.153786992189,0.119621584945,0.193719209709,0.118263391916,0.0441189396182,0.0405785272105,0.000863057986082,1,0.8,30,20,15,10,20,0.000487761398965,4.99467672541e-11,0.000487761398965,0.149195265924,0.00761046974191,0.0167669506769,0.000487761398965,4.99467672541e-11,0.000487761398965,0.00492602433115,0.814624520667,0.00492572296405
2,0.10389158851,0.171637531072,0.170943554871,0.00439905123395,0.0585643340105,0.104417287674,0.0189751828328,0.0258333575098,0.0428326293318,0.0408289335002,0.0279263345247,0.229750214929,1,0.8,30,20,15,10,20,4.48928603309e-05,4.59702889788e-12,4.48928603309e-05,0.014121783539,0.00470292277835,0.00114458016294,4.48928603309e-05,4.59702889788e-12,4.48928603309e-05,0.00585434748616,0.968142805257,0.00585398932558
3,0.064430226711,0.304025614738,0.0344430125924,0.245561004667,0.0955971281477,0.00493106586489,0.103348559323,0.00740132040353,0.0506582493865,0.018904478027,0.0123341999757,0.0583651401636,1,0.8,30,20,15,10,20,0.000169980243777,1.74059769628e-11,0.000169980243777,0.117704579134,0.0211238044865,0.00724769225469,0.000169980243777,1.74059769628e-11,0.000169980243777,0.00509790382462,0.843048507348,0.00509759194218
4,0.267300722694,0.0847704643592,0.0379142595232,0.149116469812,0.0227381347281,0.0605555920497,0.000759525032285,0.0158133100461,0.0770477675841,0.0957335986313,0.113132042602,0.0751181129382,1,0.8,30,20,15,10,20,0.000112303223075,1.14998500429e-11,0.000112303223075,0.0269967012258,0.00197518658402,0.00426040224387,0.000112303223075,1.14998500429e-11,0.000112303223075,0.00577349356554,0.954771863114,0.00577314035149
5,0.0112618696847,0.0284929003364,0.0594315233607,0.208343963081,0.0932155626159,0.0955718312011,0.00723352840296,0.216539520423,0.000950794681437,0.0773862943722,0.182369963274,0.0192022485664,1,0.8,30,20,15,10,20,5.7546403816e-05,5.89275175076e-12,5.7546403816e-05,0.0455784486529,0.00344290488538,0.00150656622009,5.7546403816e-05,5.89275175076e-12,5.7546403816e-05,0.00567146545113,0.937899310684,0.00567111847901
6,0.0107436419775,0.0378178822019,0.16190294124,0.084300363054,0.00214494999066,0.0269439811723,0.162951974002,0.0560520797872,0.185492272296,0.213815852537,0.0222440904571,0.0355899712844,1,0.8,30,20,15,10,20,0.000110375299082,1.1302430626e-11,0.000110375299082,0.0287421254577,0.00215066813463,0.00335415078894,0.000110375299082,1.1302430626e-11,0.000110375299082,0.00576747735368,0.953776952538,0.00576712450769
7,0.0134750057557,0.155577269523,0.0583838134152,0.0861065855923,0.0958134109375,0.0213544806483,0.129766956606,0.0861292646909,0.0446866390992,0.0931428209704,0.0531480499998,0.162415702762,1,0.8,30,20,15,10,20,1.15913975005e-05,1.18695910405e-12,1.15913975005e-05,0.000155073665248,0.00197606137451,7.84806392331e-05,1.15913975005e-05,1.18695910405e-12,1.15913975005e-05,0.00596125262,0.98582187819,0.00596088791913
8,0.227395916995,0.00205856426998,0.113702372105,0.0259466253696,0.0726425513048,0.0740721857534,0.192880730302,0.11533538143,0.0506193597413,0.0181940433347,0.0420177307272,0.0651345386672,1,0.8,30,20,15,10,20,0.000135078375938,1.38320256961e-11,0.000135078375938,0.0437643594628,0.00433671811206,0.0124915155607,0.000135078375938,1.38320256961e-11,0.000135078375938,0.00560947879908,0.927648478915,0.00560913561922
9,0.0604599250231,0.0127190489529,0.0295767109977,0.00485269461645,0.269187325595,0.0291002091895,0.00531508496985,0.300217741656,0.100395322987,0.0834980096754,0.0329204286679,0.0717574976689,1,0.8,30,20,15,10,20,0.000292953829584,2.99984721494e-11,0.000292953829584,0.0359936873526,0.00444818620168,0.00714250847559,0.000292953829584,2.99984721494e-11,0.000292953829584,0.00568342631378,0.939877297668,0.00568307860992
10,0.143767173771,0.0667377660298,0.0320436603813,0.155669435671,0.0662720216308,0.0491310818872,0.0178120120522,0.200685082723,0.0620709124151,0.0244871365127,0.0791506781925,0.102173038734,1,0.8,30,20,15,10,20,0.000101678657765,1.04118945551e-11,0.000101678657765,0.0597448677788,0.000881334709601,0.00180519694031,0.000101678657765,1.04118945551e-11,0.000101678657765,0.00559929064263,0.925963647191,0.00559894808606
11,0.0017202246949,0.0579845950835,0.0399564680782,0.155040067278,0.109548109734,0.0348463417543,0.0704478100267,0.177167204245,0.0738568901004,0.202207288188,0.0567466840314,0.0204783167862,1,0.8,30,20,15,10,20,5.76729922059e-05,5.90571440188e-12,5.76729922059e-05,0.00662760861969,0.0038591419708,0.00185038041262,5.76729922059e-05,5.90571440188e-12,5.76729922059e-05,0.00589964213448,0.975633253679,0.00589928120284
12,0.0212271172523,0.0602575983812,0.0464278031761,0.0541184779589,0.0492439330535,0.114961493107,0.10108570165,0.031983135853,0.124891501241,0.193866631644,0.0301531504498,0.171783456233,1,0.8,30,20,15,10,20,3.04426385333e-05,3.11732618581e-12,3.04426385333e-05,0.0192467757232,0.000117763799764,0.00151309562264,3.04426385333e-05,3.11732618581e-12,3.04426385333e-05,0.00584926569157,0.967302420761,0.00584890784189
13,0.0149585808818,0.0811824219151,0.0226947659161,0.00233191327042,0.157430416505,0.206238498169,0.0677217800744,0.133614076247,0.122060150905,0.0995466884219,0.0050274052875,0.0871933024061,1,0.8,30,20,15,10,20,5.88238225477e-05,6.02355942888e-12,5.88238225477e-05,0.0278476244457,0.00858965647427,0.000164123331457,5.88238225477e-05,6.02355942888e-12,5.88238225477e-05,0.00575464211311,0.951654368281,0.00575429005236
14,0.0647249155077,0.170956599703,0.0641880372724,0.0616293419282,0.0857303792467,0.00162930912342,0.107607479769,0.108815061352,0.00828263829745,0.019433885311,0.250581192228,0.0564211602607,1,0.8,30,20,15,10,20,3.97666447433e-05,4.07210442171e-12,3.97666447433e-05,0.0275370290215,0.000926700677259,0.000369906576698,3.97666447433e-05,4.07210442171e-12,3.97666447433e-05,0.00580150788724,0.959404636291,0.00580115295932
15,0.115644190657,0.0264265622878,0.0205703071023,0.0109099576277,0.0844417435841,0.401213522906,0.210994159479,0.0175087684284,0.0572778157439,0.0312214798629,0.0125340698322,0.0112574224883,1,0.8,30,20,15,10,20,0.00095535823868,9.78286836408e-11,0.00095535823868,0.0962504303832,0.016589077709,0.0447847746082,0.00095535823868,9.78286836408e-11,0.00095535823868,0.00501013669796,0.828534317266,0.00500983018499
16,0.0928129766258,0.15924983317,0.114617189887,0.0449047468481,0.0180830854656,0.0210277150499,0.0789028029811,0.364663046145,0.043441458361,0.0146497778136,0.0389238512701,0.00872351638343,1,0.8,30,20,15,10,20,0.000840856055264,8.61036600591e-11,0.000840856055264,0.143949733223,0.0197994277921,0.0266582613949,0.000840856055264,8.61036600591e-11,0.000840856055264,0.00481700271974,0.796595442455,0.00481670802243
17,0.133511487071,0.00504627945337,0.0756798787177,0.106595015974,0.0656668602589,0.100717653547,0.104772097729,0.113346298832,0.152723910459,0.121031842705,0.00994808704312,0.0109605882109,1,0.8,30,20,15,10,20,0.000188753420918,1.9328350302e-11,0.000188753420918,0.0837502105562,0.0145480337386,0.00311221795891,0.000188753420918,1.9328350302e-11,0.000188753420918,0.00536432021461,0.887106211776,0.0053639920332
18,0.100050537888,0.0523262358058,0.00993977248621,0.225519186196,0.0281507636093,0.090882336246,0.10103147025,0.110143975519,0.0595636902398,0.0536709528692,0.0719010777001,0.0968200011905,1,0.8,30,20,15,10,20,0.000131671887147,1.34832012439e-11,0.000131671887147,0.00390427867333,0.00582883307341,0.00112059888329,0.000131671887147,1.34832012439e-11,0.000131671887147,0.00590673667871,0.976806489803,0.00590637531304
19,0.0543658499185,0.00133985161678,0.192190752972,0.0149047606233,0.0603608046008,0.0302886826678,0.0374925607275,0.300205723413,0.0657043063137,0.0776363232105,0.00904073295102,0.156469650984,1,0.8,30,20,15,10,20,8.73631306902e-05,8.94598458268e-12,8.73631306902e-05,0.0360628580421,0.00321549497385,0.00336564020488,8.73631306902e-05,8.94598458268e-12,8.73631306902e-05,0.00571785720759,0.945571189634,0.00571750739729
20,0.125372504385,0.0726581648153,0.0472781481122,0.0471452895332,0.0909931690354,0.0306980761218,0.0230689189443,0.234497213691,0.0688703455901,0.0409702161757,0.109438866844,0.109009086752,1,0.8,30,20,15,10,20,6.51110557339e-05,6.66737210715e-12,6.51110557339e-05,0.0318504187518,0.00334335223381,0.00146474149599,6.51110557339e-05,6.66737210715e-12,6.51110557339e-05,0.00575415064864,0.951573094016,0.00575379861796
21,0.00165796847692,0.0357993387044,0.127194905771,0.0441259726661,0.0123427523867,0.1048161788,0.272467079697,0.0171482801533,0.0185345273856,0.152563543499,0.03449512615,0.17885432631,1,0.8,30,20,15,10,20,4.230598814e-06,4.33213318554e-13,4.230598814e-06,0.0381981797042,0.000592491381856,0.000352321362926,4.230598814e-06,4.33213318554e-13,4.230598814e-06,0.00574076152552,0.949358913315,0.00574041031397
22,0.0207638035087,0.0412594310755,0.0452256422003,0.21118004543,0.109043462076,0.046458905107,0.0652818867129,0.148278689037,0.16224673354,0.0564521027,0.0578480844357,0.0359612141766,1,0.8,30,20,15,10,20,0.00016625659301,1.70246751242e-11,0.00016625659301,0.0676965317491,0.0177823424577,0.001289648613,0.00016625659301,1.70246751242e-11,0.00016625659301,0.00545233952145,0.901662105297,0.00545200595514
23,0.0807627865081,0.0402965655867,0.0116533918766,0.381962804966,0.0135812882152,0.0429497844429,0.0800211692621,0.081616637888,0.140940018102,0.00123239804244,0.0495213498834,0.0754618052262,1,0.8,30,20,15,10,20,8.54142928338e-05,8.74642358618e-12,8.54142928338e-05,0.0328070549907,0.00953104543248,0.0152838152875,8.54142928338e-05,8.74642358618e-12,8.54142928338e-05,0.00562841471738,0.930779942004,0.00562807037905
24,0.0482001920696,0.21374542151,0.0396116967713,0.0287303204503,0.00675456288198,0.040112686262,0.0108769295604,0.249912274029,0.151178678572,0.0179397325368,0.100151969008,0.0927855363486,1,0.8,30,20,15,10,20,0.000124859793489,1.27856428533e-11,0.000124859793489,0.0159208242204,0.00828619418598,0.00261501694722,0.000124859793489,1.27856428533e-11,0.000124859793489,0.00581149302767,0.96105589493,0.00581113748887
25,0.0233919060848,0.00590588964626,0.201189554964,0.110593313364,0.296634021008,0.0169308432458,0.0268735206849,0.00158426800469,0.0989056083164,0.0859126380699,0.128224331287,0.00385410532421,1,0.8,30,20,15,10,20,3.89950234218e-05,3.99309039839e-12,3.89950234218e-05,0.0276584764244,0.00591767814467,0.00231535011382,3.89950234218e-05,3.99309039839e-12,3.89950234218e-05,0.00575935745945,0.952434152646,0.00575900511023
26,0.0454213691743,0.00857709707332,0.0488107045211,0.237961705184,0.00087764928913,0.221951319262,0.0357516349248,0.110063162299,0.039484122859,0.0346786062556,0.156375825224,0.0600468039326,1,0.8,30,20,15,10,20,7.28467398667e-05,7.45950616235e-12,7.28467398667e-05,0.0174504611148,0.00900060115433,0.00095026593546,7.28467398667e-05,7.45950616235e-12,7.28467398667e-05,0.00580927496461,0.960689090295,0.00580891956151
27,0.228909290615,0.094038421098,0.00249458736308,0.0301127621122,0.121765169215,0.0613178814715,0.087493870098,0.0159249029767,0.254289433326,0.0206148010337,0.0571994029973,0.0258394776926,1,0.8,30,20,15,10,20,0.000328558852727,3.36444265193e-11,0.000328558852727,0.0188865893829,0.0167177836899,0.0132934731196,0.000328558852727,3.36444265193e-11,0.000328558852727,0.00567472779622,0.938438809909,0.00567438062452
28,0.0204405379497,0.0741470121146,0.204991459208,0.0470727612972,0.201839795013,0.0421238010646,0.135189997999,0.0123345048922,0.0719034519452,0.00937259728443,0.149915652418,0.0306684288144,1,0.8,30,20,15,10,20,0.000161993293131,1.65881132166e-11,0.000161993293131,0.0376260258107,0.00965315773889,0.00360117917836,0.000161993293131,1.65881132166e-11,0.000161993293131,0.00566686353041,0.937138283696,0.00566651683983
29,0.0319840093824,0.247772901407,0.0759476985469,0.0386499184814,0.0071465388604,0.0883199216968,0.0276645187834,0.0612277243282,0.127095822155,0.126781146056,0.0718178232644,0.0955919770377,1,0.8,30,20,15,10,20,1.65903944658e-05,1.6988563933e-12,1.65903944658e-05,0.0329879499369,0.00176077929876,0.000231253781264,1.65903944658e-05,1.6988563933e-12,1.65903944658e-05,0.00576533900326,0.95342333011,0.0057649862881
30,0.00123750556333,0.0450612963335,0.0642127572359,0.470888773433,0.143664394126,0.0158046966917,0.00285390788562,0.0391261055675,0.00528225017221,0.0703384173514,0.0119810451914,0.129548850449,1,0.8,30,20,15,10,20,0.00014563095329,1.49126096169e-11,0.00014563095329,0.0436913662653,0.0127355957482,0.00078967775589,0.00014563095329,1.49126096169e-11,0.00014563095329,0.00562939701873,0.930942386749,0.0056290526203
31,0.0354082152787,0.0250718713607,0.0139458918014,0.000864244780345,0.0218994927231,0.114183218262,0.0598905765688,0.203048635939,0.20165509748,0.0612195678857,0.127344807546,0.135468380374,1,0.8,30,20,15,10,20,2.20053757953e-05,2.25335048144e-12,2.20053757953e-05,0.0257580306282,0.00187303203233,0.000664207687736,2.20053757953e-05,2.25335048144e-12,2.20053757953e-05,0.00580514895438,0.960006765386,0.0058047938037
32,0.0225148997064,0.047322345429,0.0225726426681,0.159326916157,0.193175743472,0.0517657471022,0.140582938209,0.0523247787139,0.0138846754917,0.0805639564316,0.0978834062904,0.118081950329,1,0.8,30,20,15,10,20,6.52691127227e-05,6.68355714281e-12,6.52691127227e-05,0.0103037121051,0.00542935413106,0.001056456725,6.52691127227e-05,6.68355714281e-12,6.52691127227e-05,0.00587285874885,0.97120404237,0.00587249945579
33,0.135469600289,0.0383899344274,0.212044322067,0.0440745993759,0.166652811639,0.0440957518035,0.196648978769,0.074109836864,0.0436256687604,0.0254358288491,0.00276286926976,0.0166897978864,1,0.8,30,20,15,10,20,0.000975712912068,9.99130021957e-11,0.000975712912068,0.110244779155,0.0333787063172,0.0460738012289,0.000975712912068,9.99130021957e-11,0.000975712912068,0.00481802265572,0.796764110899,0.00481772789601
34,0.082619148796,0.0765860345928,0.071132890752,0.10108123592,0.0201128677215,0.399846290024,0.0684749192617,0.00889677896326,0.0357592207658,0.0623280455923,0.0336018834645,0.039560684147,1,0.8,30,20,15,10,20,8.97785720855e-05,9.19332578155e-12,8.97785720855e-05,0.021910736267,0.00949464753425,0.00650439019936,8.97785720855e-05,9.19332578155e-12,8.97785720855e-05,0.00574608516984,0.95023929289,0.0057457336326
35,0.0668141588674,0.0160655628968,0.0239527831636,0.0569757934986,0.237077649562,0.0518941994491,0.051729948421,0.138090433965,0.147205800439,0.162910129484,0.0466734201603,0.000610120093549,1,0.8,30,20,15,10,20,7.53391315093e-05,7.71472706655e-12,7.53391315093e-05,0.0198140774949,0.00328674161603,0.000820758568381,7.53391315093e-05,7.71472706655e-12,7.53391315093e-05,0.00583000597421,0.964117410502,0.00582964930281
36,0.139495843291,0.119390982646,0.0310116770074,0.0756956663659,0.040198376217,0.00215850276864,0.0123518197986,0.134227602516,0.104568600512,0.0614557482958,0.00532581663996,0.274119363942,1,0.8,30,20,15,10,20,1.76835267265e-05,1.81079313679e-12,1.76835267265e-05,0.0324398081841,0.000514579098331,6.44018486551e-05,1.76835267265e-05,1.81079313679e-12,1.76835267265e-05,0.00577703048546,0.955356769218,0.00577667705503
37,0.00201923194646,0.0291970480728,0.0444887760385,0.092281627671,0.00551761560687,0.310290116796,0.18148410857,0.0255319326609,0.106966624524,0.0608969172036,0.0768784476224,0.0644475532883,1,0.8,30,20,15,10,20,3.03181912697e-05,3.10458278602e-12,3.03181912697e-05,0.0857279899707,0.00136604263517,0.000977721032657,3.03181912697e-05,3.10458278602e-12,3.03181912697e-05,0.00544780184919,0.900911703181,0.0054474685605
38,0.00336577925194,0.119906777242,0.329307493144,0.0327393504719,0.0132716943668,0.00687644629319,0.107116582435,0.0243621975466,0.132408663725,0.0212152057242,0.120217030354,0.089212779445,1,0.8,30,20,15,10,20,1.98697462432e-05,2.03466201531e-12,1.98697462432e-05,0.000160343209626,0.00363385437278,5.63585629831e-05,1.98697462432e-05,2.03466201531e-12,1.98697462432e-05,0.00595125059765,0.984167827759,0.00595088650868
39,0.0717089233474,0.00940413193556,0.116217895758,0.0428557791071,0.05609637408,0.172132348063,0.115125295663,0.03705749413,0.0183823006854,0.143397487419,0.212501343683,0.00512062612852,1,0.8,30,20,15,10,20,1.94234828632e-05,1.98896464519e-12,1.94234828632e-05,0.00312952364479,0.00394761120652,9.09830125232e-05,1.94234828632e-05,1.98896464519e-12,1.94234828632e-05,0.00593143972236,0.980891671633,0.00593107684539
40,0.149916718645,0.00609823328397,0.0077564119222,0.0774361665023,0.00336299839519,0.0864980687515,0.0238652980669,0.250713295881,0.0329325023359,0.0493571205913,0.19174067319,0.120322512435,1,0.8,30,20,15,10,20,1.43242210987e-05,1.46680024051e-12,1.43242210987e-05,0.0129122583894,0.00135712763237,0.000663997159066,1.43242210987e-05,1.46680024051e-12,1.43242210987e-05,0.00588516621393,0.97323934755,0.00588480616791
41,0.0266155988677,0.0522084827415,0.0161394702277,0.199269783961,0.11354682401,0.00328082930789,0.126223939123,0.0919935919041,0.100590984757,0.0248519620738,0.0918198439993,0.153458689027,1,0.8,30,20,15,10,20,1.91733737781e-05,1.96335347488e-12,1.91733737781e-05,0.0558126826492,0.000808543295289,0.000489344560363,1.91733737781e-05,1.96335347488e-12,1.91733737781e-05,0.0056330529546,0.931546974709,0.0056327083325
42,0.013638883456,0.290837753114,0.000165553275821,0.157674799684,0.0294722463706,0.065149138665,0.0672423206046,0.146252955948,0.0712577645323,0.0407791223318,0.106973584888,0.0105558771303,1,0.8,30,20,15,10,20,4.76805881782e-05,4.88249222945e-12,4.76805881782e-05,0.0736385904726,0.00810433007942,0.00265583015386,4.76805881782e-05,4.88249222945e-12,4.76805881782e-05,0.00546933211286,0.904472197312,0.00546899750698
43,0.0833699066033,0.0181491492913,0.0214313190826,0.412132824643,0.0214646424357,0.0676019864866,0.0859969879269,0.0333303530776,0.0561375687171,0.00875317541891,0.0561640651355,0.135468021181,1,0.8,30,20,15,10,20,0.000139678274615,1.43030553205e-11,0.000139678274615,0.0789663381305,0.00900094487589,0.00029473652864,0.000139678274615,1.43030553205e-11,0.000139678274615,0.00544405147287,0.900291497451,0.00544371841362
44,0.026472681853,0.0208300926483,0.0139693898517,0.363849459965,0.0189750010066,0.0237772411804,0.188946754911,0.0926948585488,0.175836117931,0.0299101773688,0.0154184370409,0.0293197876946,1,0.8,30,20,15,10,20,9.0024555727e-05,9.21851450644e-12,9.0024555727e-05,0.216067880674,0.00916955816855,0.00178345495307,9.0024555727e-05,9.21851450644e-12,9.0024555727e-05,0.00461619112621,0.763386908123,0.00461590871427
45,0.0995411416405,0.017927862212,0.19107389517,0.00318796230394,0.0658330757303,0.0392767757505,0.23849904649,0.000775215920121,0.00947451887592,0.132637192885,0.0196919342501,0.182081378771,1,0.8,30,20,15,10,20,4.92571623724e-05,5.04393342693e-12,4.92571623724e-05,0.015173394301,0.00283300366289,0.000977751126526,4.92571623724e-05,5.04393342693e-12,4.92571623724e-05,0.00586012911542,0.969098922533,0.00585977060113
46,0.0807275649931,0.0987085524749,0.0102838354539,0.0139098662714,0.0600972038977,0.104690329406,0.0947107471282,0.144218931899,0.184621438517,0.0342523383896,0.110842487944,0.0629367036255,1,0.8,30,20,15,10,20,5.14287825378e-05,5.26630733187e-12,5.14287825378e-05,0.00622298517332,0.00431366841999,0.00285865089969,5.14287825378e-05,5.26630733187e-12,5.14287825378e-05,0.0058934690619,0.974612402796,0.00589310850793
47,0.0348895136295,0.155621539173,0.0743582142092,0.0517798650551,0.170827181382,0.0589347173789,0.161420297251,0.0360871577968,0.174997519,0.0256180164527,0.047345959385,0.00812001928688,1,0.8,30,20,15,10,20,0.000159024140086,1.62840719448e-11,0.000159024140086,0.103624364428,0.0300640974436,0.00457587974632,0.000159024140086,1.62840719448e-11,0.000159024140086,0.0051448386785,0.850810199186,0.00514452392466
48,0.141320277821,0.0468354141377,0.113068164532,0.0874780932391,0.0804018771789,0.0118589125983,0.11608820415,0.000638738767523,0.162513566135,0.231395939511,0.00170596150838,0.0066948504214,1,0.8,30,20,15,10,20,8.00985896331e-05,8.20209557843e-12,8.00985896331e-05,0.0462080419886,0.00219923660728,0.00128750687277,8.00985896331e-05,8.20209557843e-12,8.00985896331e-05,0.00567590423177,0.938633358937,0.00567555698809
49,0.119666506663,0.0290125495382,0.00402822683976,0.173123836142,0.0563157199797,0.0221686916761,0.00936548109506,0.126012697089,0.220928113194,0.0388794763921,0.175086171852,0.0254125295388,1,0.8,30,20,15,10,20,6.224971064e-05,6.37437036954e-12,6.224971064e-05,0.0406731747291,0.0062129320387,0.00078261332228,6.224971064e-05,6.37437036954e-12,6.224971064e-05,0.00568843599747,0.94070575707,0.00568808798712
50,0.155292757764,0.120201844214,0.129016255385,0.266130657676,0.0394081033961,0.0546330303788,0.0223569081586,0.035982743655,0.036900846638,0.0595624072688,0.0193634327699,0.061151012696,1,0.8,30,20,15,10,20,0.000303409735498,3.1069156915e-11,0.000303409735498,0.0649820063106,0.00542324697646,0.0132904464691,0.000303409735498,3.1069156915e-11,0.000303409735498,0.00546742100124,0.904156153726,0.00546708651227
51,0.00763583131717,0.0849485632963,0.0792100195785,0.1596223104,0.24396605194,0.00244687777691,0.0670794773021,0.113089339043,0.20104986312,0.0193191932985,0.0168138129142,0.00481866001367,1,0.8,30,20,15,10,20,0.00155486807039,1.59218490408e-10,0.00155486807039,0.174096559999,0.0272938988771,0.0411613937777,0.00155486807039,1.59218490408e-10,0.00155486807039,0.00448838962849,0.742252170083,0.00448811503526
52,0.0937419581856,0.0147973876496,0.077238484654,0.171969943652,0.0195957777118,0.165182919794,0.203560308816,0.0376930204539,0.13720354276,0.0165790391593,0.0474807493628,0.014956867801,1,0.8,30,20,15,10,20,0.00064252261714,6.57943159952e-11,0.00064252261714,0.0939403415892,0.0271644491894,0.00588283233845,0.00064252261714,6.57943159952e-11,0.00064252261714,0.00520065894885,0.860041286554,0.00520034078
53,0.0273637863185,0.181600161982,0.017717105494,0.0652357369495,0.0211486240493,0.0523032901461,0.0367053350045,0.0229954495059,0.317688657936,0.202327631929,0.0386114171362,0.0163028035489,1,0.8,30,20,15,10,20,4.26673572666e-05,4.3691373841e-12,4.26673572666e-05,0.0371146571243,0.00262242872174,0.000676936353161,4.26673572666e-05,4.3691373841e-12,4.26673572666e-05,0.00573224886674,0.94795116132,0.00573189817598
54,0.0488232088773,0.0514761789476,0.0450618977854,0.0276596866052,0.0415448667449,0.0612972946929,0.00441051148764,0.261619673059,0.0184948230666,0.0561942778928,0.0629364540209,0.320481126819,1,0.8,30,20,15,10,20,7.7369007541e-06,7.9225863722e-13,7.7369007541e-06,0.000838080638482,0.00182651555782,2.8618580276e-05,7.7369007541e-06,7.9225863722e-13,7.7369007541e-06,0.00595845536358,0.985359291421,0.00595809083383
55,0.105254784298,0.0407754533412,0.366566540782,0.0213476745517,0.0674457500789,0.089000076996,0.0504977892341,0.0220697510708,0.00996948435405,0.0597722758233,0.128469436359,0.0388309831114,1,0.8,30,20,15,10,20,7.66809486282e-06,7.85212913953e-13,7.66809486282e-06,9.08534406568e-05,0.00350542037288,1.54160528821e-05,7.66809486282e-06,7.85212913953e-13,7.66809486282e-06,0.00595296936591,0.984452063215,0.00595260517179
56,0.0633015718188,0.185827912443,0.0937997682925,0.013383452743,0.0146110707189,0.288404802411,0.0709472840288,0.00492383264672,0.0845481063496,0.0834565328972,0.0929026780516,0.00389298759958,1,0.8,30,20,15,10,20,4.98122396707e-05,5.10077334228e-12,4.98122396707e-05,0.0730857519583,0.00325609313204,0.000538131263695,4.98122396707e-05,5.10077334228e-12,4.98122396707e-05,0.00551420382666,0.911892704375,0.00551386647558
57,0.0350084666255,0.20694615445,0.0645360180724,0.054397632602,0.0376788958547,0.233455788716,0.0178543070393,0.0266141061199,0.102696142543,0.142922028323,0.0662140497372,0.0116764099172,1,0.8,30,20,15,10,20,0.000325856258705,3.33676808914e-11,0.000325856258705,0.0459876044085,0.00556230789496,0.000923983777876,0.000325856258705,3.33676808914e-11,0.000325856258705,0.00565342644739,0.934916171791,0.00565308057888
58,0.0375102370111,0.0637486638667,0.0453808201852,0.0437712333685,0.0104096900311,0.120335686056,0.17260959209,0.0157429338645,0.0922955597582,0.113408211778,0.21820974363,0.0665776283607,1,0.8,30,20,15,10,20,3.09338505918e-05,3.1676263006e-12,3.09338505918e-05,0.0130833755042,0.000941960009684,0.00182517030366,3.09338505918e-05,3.1676263006e-12,3.09338505918e-05,0.00587928970009,0.97226753906,0.00587893001359
59,0.0745349107826,0.0444838486372,0.0487119243391,0.181210459815,0.0457760855898,0.01058814246,0.0443216352127,0.269989224587,0.0204351568437,0.195787961864,0.0235348249468,0.040625824922,1,0.8,30,20,15,10,20,9.24400203812e-05,9.46585808703e-12,9.24400203812e-05,0.0532218407516,0.00171401455231,0.00223198168682,9.24400203812e-05,9.46585808703e-12,9.24400203812e-05,0.00563095980846,0.931200827786,0.00563061531442
60,0.0126072712343,0.0972544210038,0.172331476026,0.156782898308,0.200360663608,0.017641641696,0.0493623236813,0.0637029438463,0.0989369887261,0.0557242106336,0.0514036719565,0.02389148928,1,0.8,30,20,15,10,20,0.000376427051275,3.85461300506e-11,0.000376427051275,0.0111766034098,0.00436079334351,0.0112529554068,0.000376427051275,3.85461300506e-11,0.000376427051275,0.00580567013866,0.960092954463,0.00580531495609
61,0.00179716489155,0.18872266695,0.110556042129,0.0311015754654,0.0114917615274,0.068237133583,0.117348143733,0.0556929739885,0.206074214598,0.0367201809708,0.00957682787209,0.162681314291,1,0.8,30,20,15,10,20,6.3351224078e-05,6.48716534559e-12,6.3351224078e-05,0.0280929879142,0.00203117637269,0.00176786181476,6.3351224078e-05,6.48716534559e-12,6.3351224078e-05,0.00578267118306,0.956289580399,0.00578231740753
62,0.109766842786,0.159743096173,0.0174705264365,0.0541881599691,0.020931212671,0.212858894933,0.0276293314775,0.0286065099129,0.17024047704,0.0382789413472,0.0680093924578,0.092276614795,1,0.8,30,20,15,10,20,2.70881819922e-05,2.773829836e-12,2.70881819922e-05,0.0405008803171,0.00834675232501,0.000910526757674,2.70881819922e-05,2.773829836e-12,2.70881819922e-05,0.00567679248142,0.938780250202,0.0056764451834
63,0.0243269387924,0.0122364075167,0.0194910071198,0.0147661522369,0.100810987931,0.533441061956,0.0448407078372,0.0549335921962,0.0351662781266,0.00110416585364,0.0566024886997,0.102280211734,1,0.8,30,20,15,10,20,0.00014158192249,1.4497988863e-11,0.00014158192249,0.0672276094949,0.0064716845654,0.00268547058639,0.00014158192249,1.4497988863e-11,0.00014158192249,0.00551496938668,0.912019306259,0.00551463198876
64,0.0759849633678,0.114718702282,0.0285971204059,0.050657778159,0.0240274066386,0.00137246331677,0.361355847631,0.0466509993534,0.0463472097672,0.0831949730584,0.142470467827,0.0246220681931,1,0.8,30,20,15,10,20,9.88183953473e-05,1.01190036836e-11,9.88183953473e-05,0.0147556729685,0.00812980063518,0.000482710566735,9.88183953473e-05,1.01190036836e-11,9.88183953473e-05,0.00583275122262,0.964571396622,0.00583239438327
65,0.0961722874888,0.0329131210137,0.154330376367,0.0540472067639,0.0569751102793,0.111068013427,0.0376375529552,0.0142894824718,0.0650673734989,0.250687231798,0.0365007739219,0.0903114700141,1,0.8,30,20,15,10,20,0.000100865448925,1.03286219699e-11,0.000100865448925,0.00876028385542,0.00328850316033,0.000189529273683,0.000100865448925,1.03286219699e-11,0.000100865448925,0.00589920027248,0.975560182254,0.00589883936788
66,0.140497586343,0.0567601120913,0.062087600097,0.0320960145073,0.164153037442,0.00855900495439,0.0861541470778,0.196220293012,0.0792861825785,0.0514784499178,0.097133987739,0.0255735842406,1,0.8,30,20,15,10,20,8.06589680464e-05,8.25947832795e-12,8.06589680464e-05,0.0523980137979,0.00314132409774,0.00357303639154,8.06589680464e-05,8.25947832795e-12,8.06589680464e-05,0.00561962327473,0.929326087075,0.00561927947425
67,0.0865352308014,0.0312242697496,0.0522011243112,0.206150942749,0.22890652684,0.0464789245722,0.0655907114776,0.0106750103533,0.0724076677637,0.0251229879501,0.171433755857,0.00327284757575,1,0.8,30,20,15,10,20,4.69449924251e-05,4.80716722433e-12,4.69449924251e-05,0.0812544794629,0.00635449383742,0.000300116644647,4.69449924251e-05,4.80716722433e-12,4.69449924251e-05,0.00544837635838,0.901006710683,0.00544804303453
68,0.124001790233,0.0454594628649,0.0304389213849,0.0743213162305,0.0015953924349,0.185733161666,0.0635569676146,0.120019853274,0.111214722297,0.0280523064636,0.130690734716,0.0849153708215,1,0.8,30,20,15,10,20,8.15003941729e-05,8.34564036331e-12,8.15003941729e-05,0.0407715483377,0.0054083288455,0.000852488854015,8.15003941729e-05,8.34564036331e-12,8.15003941729e-05,0.00569177797139,0.941258424641,0.00569142975658
69,0.24583516878,0.0133148361792,0.0494041971909,0.0490903357324,0.0503515034084,0.0821501776415,0.0703276438312,0.282418156353,0.0784911432636,0.0247941686294,0.0171494599916,0.0366732089988,1,0.8,30,20,15,10,20,0.000564094309299,5.77632572722e-11,0.000564094309299,0.108530794241,0.0356937682332,0.000368893497847,0.000564094309299,5.77632572722e-11,0.000564094309299,0.00509734317709,0.84295579217,0.00509703132895
70,0.128699633502,0.000303468419907,0.26146528859,0.162202064573,0.167162308389,0.038979222808,0.0378147457208,0.0365862042064,0.13252352715,0.0258204565972,0.00047621648789,0.00796686355529,1,0.8,30,20,15,10,20,0.000332384662901,3.40361894811e-11,0.000332384662901,0.271473394291,0.0360780912978,0.00972026600304,0.000332384662901,3.40361894811e-11,0.000332384662901,0.00407117433645,0.673256610084,0.00407092526785
71,0.260387659496,0.247990470883,0.133374574909,0.0664987538405,0.026552049593,0.0362895055658,0.00275155136961,0.0752895375584,0.0466765379895,0.00637791064791,0.0485316161905,0.0492798319569,1,0.8,30,20,15,10,20,3.95036861157e-05,4.04517745825e-12,3.95036861157e-05,0.161735893792,0.00275620563807,0.00142782517522,3.95036861157e-05,4.04517745825e-12,3.95036861157e-05,0.00498246040625,0.82395744465,0.00498215558647
72,0.100451370208,0.0538912203638,0.0721755429802,0.0554142780952,0.0570913244105,0.227727490011,0.0125549506721,0.0532563947227,0.183830579107,0.0477384680822,0.0758562155875,0.0600121657597,1,0.8,30,20,15,10,20,0.000127702474126,1.30767333505e-11,0.000127702474126,0.0522044070108,0.00616663544268,0.00291480570546,0.000127702474126,1.30767333505e-11,0.000127702474126,0.00560551306259,0.926992658731,0.00560517012535
73,0.0296395779498,0.104167575339,0.117895092369,0.0924098441324,0.113806740015,0.0127955703575,0.00105730325493,0.129080985926,0.00616379755568,0.0652203815756,0.103210059871,0.224553071654,1,0.8,30,20,15,10,20,4.08414487474e-05,4.18216435173e-12,4.08414487474e-05,0.014840842041,0.00360225847226,0.000448641460386,4.08414487474e-05,4.18216435173e-12,4.08414487474e-05,0.00586088234966,0.969223486084,0.00586052378929
74,0.00028718132635,0.0644214605677,0.138414978174,0.0373715141797,0.0741895565877,0.00323931880276,0.138179616522,0.188892693725,0.162933616699,0.10090352407,0.0598214965113,0.031345042834,1,0.8,30,20,15,10,20,6.77790994043e-05,6.940579779e-12,6.77790994043e-05,0.0376311381617,0.00796013610483,0.00184236218696,6.77790994043e-05,6.940579779e-12,6.77790994043e-05,0.00568970841262,0.940916178398,0.00568936032443
75,0.0560891891629,0.0289833981448,0.0940334761331,0.146055550562,0.168757477051,0.0798046895932,0.176882048963,0.075171905455,0.038601723927,0.107176713347,0.00778802263195,0.0206558050287,1,0.8,30,20,15,10,20,0.000276844566603,2.83488836201e-11,0.000276844566603,0.0769809236337,0.00931202237779,0.00350591633444,0.000276844566603,2.83488836201e-11,0.000276844566603,0.00543159112249,0.898230909383,0.00543125882554
76,0.0553218811262,0.147865711305,0.0594295481063,0.00275167651443,0.131872733163,0.00926317457737,0.115154518071,0.109674825229,0.0193546825011,0.137901937479,0.0460485789801,0.165360732948,1,0.8,30,20,15,10,20,4.35647493642e-05,4.4610303349e-12,4.35647493642e-05,0.018625548965,0.00113671696677,0.000238937367556,4.35647493642e-05,4.4610303349e-12,4.35647493642e-05,0.00585418853216,0.968116518781,0.00585383038131
77,0.0690889356184,0.0253561381871,0.0555652219813,0.0170677349262,0.045893858071,0.0458104474128,0.0511318240287,0.11664851921,0.16573244077,0.187762586719,0.0581210040545,0.161821289021,1,0.8,30,20,15,10,20,9.52720271767e-06,9.75585558289e-13,9.52720271767e-06,0.0101516449202,0.000833841091239,0.000756450411685,9.52720271767e-06,9.75585558289e-13,9.52720271767e-06,0.005904348895,0.976411618194,0.00590398767541
78,0.0248644136654,0.0154676202802,0.0546357990169,0.0305279484409,0.285623699311,0.325869401281,0.000177987963975,0.0524572263518,0.081768945587,0.0116043026646,0.0191572779055,0.097845377532,1,0.8,30,20,15,10,20,0.000120586831035,1.2348091498e-11,0.000120586831035,0.0919458538377,0.00994187839932,0.00220741164298,0.000120586831035,1.2348091498e-11,0.000120586831035,0.00534990907109,0.884723017929,0.00534958177133
79,0.100705020424,0.0060848764881,0.322979502368,0.104441445014,0.126483201018,0.103686582775,0.00487281016429,0.0148686125577,0.0341070658943,0.00538695379425,0.0467816611459,0.129602268357,1,0.8,30,20,15,10,20,5.30258717276e-05,5.4298492649e-12,5.30258717276e-05,0.0683356634012,0.00275631956297,0.000364070852771,5.30258717276e-05,5.4298492649e-12,5.30258717276e-05,0.00554653350515,0.917239115004,0.00554619417619
80,0.0717194939477,0.132519407839,0.0962184481307,0.0745578586519,0.0651818270126,0.0265907031031,0.200777679029,0.0413584586615,0.0109313779667,0.0961912199371,0.0904593284118,0.0934941973093,1,0.8,30,20,15,10,20,1.79766945421e-05,1.84081352111e-12,1.79766945421e-05,0.0128094253323,0.00591891509573,0.000419993083113,1.79766945421e-05,1.84081352111e-12,1.79766945421e-05,0.00585989572721,0.969060326753,0.0058595372272
81,0.101782780113,0.0685982415067,0.00275571400116,0.0451996982294,0.0670108237204,0.0979065133777,0.0278584679458,0.0992398515203,0.0271344609408,0.140149165334,0.0218030418587,0.300561241452,1,0.8,30,20,15,10,20,1.31102197326e-05,1.34248650061e-12,1.31102197326e-05,0.00697898725849,0.00159737284079,0.000492031113441,1.31102197326e-05,1.34248650061e-12,1.31102197326e-05,0.00592023697953,0.979039056138,0.00591987478793
82,0.169104221098,0.165955306966,0.0231636216312,0.199170135623,0.121636360621,0.0650345135415,0.0329442524933,0.0580655634561,0.00548069699846,0.0930597021799,0.00898517392,0.0574004514711,1,0.8,30,20,15,10,20,0.000108969782928,1.11585057718e-11,0.000108969782928,0.106227010866,0.00352124759523,0.00425406147054,0.000108969782928,1.11585057718e-11,0.000108969782928,0.00529099398922,0.874980136631,0.0052906702938
83,0.0387375558983,0.0451989894513,0.134593595456,0.189671275956,0.0867921512241,0.0360128712751,0.0318750805167,0.0205867369697,0.0731231496302,0.281269797715,0.0141084880022,0.0480303079058,1,0.8,30,20,15,10,20,2.68095294107e-05,2.74529581165e-12,2.68095294107e-05,0.00373340832531,0.00411581505389,0.00019991756878,2.68095294107e-05,2.74529581165e-12,2.68095294107e-05,0.00592599932739,0.979991984818,0.00592563678326
84,0.00546566864155,0.108920314287,0.102838363321,0.158740543707,0.0763681801051,0.196162220665,0.0469929535834,0.0270124732973,0.0879659125492,0.0591857942944,0.0110511114439,0.119296464105,1,0.8,30,20,15,10,20,1.93008521595e-05,1.97640726113e-12,1.93008521595e-05,0.0924331248092,0.00124645306636,0.000160831063345,1.93008521595e-05,1.97640726113e-12,1.93008521595e-05,0.00541359898523,0.895255520874,0.00541326778902
85,0.0420417335117,0.156290551841,0.107524525221,0.0948533549318,0.0582413190713,0.142920733143,0.103471114112,0.0294491791985,0.08604743122,0.156033509196,0.0202971927129,0.00282935584112,1,0.8,30,20,15,10,20,1.03766455674e-05,1.0625685061e-12,1.03766455674e-05,0.0173689495232,0.0148299960315,0.000110225031126,1.03766455674e-05,1.0625685061e-12,1.03766455674e-05,0.00578144489236,0.956086786745,0.00578109119186
86,0.0133930488868,0.159435520202,0.0385619778789,0.357149872338,0.010255129721,0.10403350071,0.0027392138245,0.217700164447,0.00740474883575,0.0500759779333,0.0270991155247,0.0121517296984,1,0.8,30,20,15,10,20,0.00029779568287,3.04942779259e-11,0.00029779568287,0.0861364758565,0.0361578429094,0.00202147665261,0.00029779568287,3.04942779259e-11,0.00029779568287,0.00522486100589,0.864043619427,0.00522454135639
87,0.0213830648635,0.028594130703,0.104332089402,0.261035561368,0.0202553056728,0.252802538269,0.0220145832976,0.00537141252341,0.00897785608882,0.0140395518853,0.213955169172,0.0472387367545,1,0.8,30,20,15,10,20,2.58232527705e-05,2.6443010837e-12,2.58232527705e-05,0.0456785991085,0.00668704158721,0.001220109965,2.58232527705e-05,2.6443010837e-12,2.58232527705e-05,0.00565395388178,0.93500339446,0.005653607981
88,0.195183470562,0.0177396883767,0.0546007859683,0.0727205957152,0.066981644638,0.0551757328743,0.0402622871414,0.147791541069,0.254511727731,0.0572238506384,0.00593831638802,0.031870358897,1,0.8,30,20,15,10,20,0.00045128003046,4.62110751191e-11,0.00045128003046,0.103398014842,0.0173309951151,0.00832992077626,0.00045128003046,4.62110751191e-11,0.00045128003046,0.00519285393465,0.858750558874,0.0051925362433
89,0.130928390041,0.0913323871968,0.0282321663374,0.135444120677,0.122454454207,0.038169091982,0.00513623876902,0.138490015511,0.0790054380142,0.172478482275,0.0280253413386,0.0303038736504,1,0.8,30,20,15,10,20,6.19133241645e-05,6.33992439444e-12,6.19133241645e-05,0.0480530875149,0.00414104183678,0.00223556511236,6.19133241645e-05,6.33992439444e-12,6.19133241645e-05,0.00564804903017,0.934026899706,0.00564770349063
90,0.216187005149,0.19604554227,0.0103572685552,0.0598458147036,0.07103520374,0.0373611166062,0.00962473669203,0.127452768209,0.0119800525184,0.089375272279,0.119188952141,0.0515462671369,1,0.8,30,20,15,10,20,4.94293511688e-05,5.06156555968e-12,4.94293511688e-05,0.0260760951045,0.00152761160461,0.00464998829583,4.94293511688e-05,5.06156555968e-12,4.94293511688e-05,0.00578084302629,0.955987255191,0.00578048936262
91,0.0565558002109,0.062653191931,0.0160848507448,0.225396441171,0.175047255004,0.116023664235,0.0763743742135,0.137830785839,0.045982371141,0.029365975469,0.0342428864661,0.0244424035748,1,0.8,30,20,15,10,20,0.000267787311471,2.74214206946e-11,0.000267787311471,0.176102546984,0.0155678966652,0.000883029234369,0.000267787311471,2.74214206946e-11,0.000267787311471,0.00481787637258,0.796739919822,0.00481758162182
92,0.105954395326,0.0590918292913,0.0244568563717,0.0369004692873,0.000623656730694,0.0109602156458,0.130731944471,0.128999565488,0.0725060811002,0.141889940057,0.0599977189522,0.227887327279,1,0.8,30,20,15,10,20,9.03446307079e-06,9.25129018448e-13,9.03446307079e-06,0.00886294917643,0.00231285973975,0.000279040837997,9.03446307079e-06,9.25129018448e-13,9.03446307079e-06,0.00590607593672,0.976697221844,0.00590571461147
93,0.109429310489,0.0948640270281,0.0432562305935,0.030377308325,0.115563717925,0.0791046000431,0.0203111761899,0.0774315317195,0.00914910941746,0.16084383244,0.207322834327,0.0523463215017,1,0.8,30,20,15,10,20,4.1544868089e-05,4.25419449231e-12,4.1544868089e-05,0.00538164522885,0.00122766128852,0.00104388877018,4.1544868089e-05,4.25419449231e-12,4.1544868089e-05,0.00592801283762,0.980324962224,0.0059276501703
