run_ID,t1_initial,t2_initial,t3_initial,t4_initial,t5_initial,t6_initial,t7_initial,t8_initial,t9_initial,t10_initial,t11_initial,t12_initial,alpha,prior_cost_c,lambda,k,sample_amount,learning_parameter,generations,t1_final,t2_final,t3_final,t4_final,t5_final,t6_final,t7_final,t8_final,t9_final,t10_final,t11_final,t12_final
0,0.17596725874,0.0079807874518,0.0893530665916,0.0822955020051,0.112166583477,0.0492482316183,0.0720187711171,0.141957192015,0.0819009667342,0.0389383849377,0.11937799752,0.0287952577925,1,0.7,10,20,12,2,20,0.000536221838675,4.82599654807e-05,0.000536221838675,0.00983780128524,0.00484378026259,0.00265041062079,0.000536221838675,4.82599654807e-05,0.000536221838675,0.273897268527,0.496681428484,0.209847903535
1,0.013685693485,0.00634818578922,0.285359795876,0.152543512922,0.264267737455,0.024405591233,0.0131085953126,0.0163735036383,0.0664768743844,0.00713574345328,0.046618024281,0.10367674217,1,0.7,10,20,12,2,20,0.000328051920923,2.95246728831e-05,0.000328051920923,0.0127129460351,0.00575016317134,0.00274513538121,0.000328051920923,2.95246728831e-05,0.000328051920923,0.272882516044,0.495281534157,0.209256448181
2,0.00735718763773,0.00156416910713,0.0389190028999,0.0793305373363,0.0505435727357,0.341684647755,0.0540703877566,0.0311354670626,0.0717449101586,0.0541207654854,0.268229489134,0.00129986293105,1,0.7,10,20,12,2,20,0.000115102542147,1.03592287933e-05,0.000115102542147,0.0124094260493,0.00159787517931,0.000624106742582,0.000115102542147,1.03592287933e-05,0.000115102542147,0.275039538469,0.499014358477,0.210833566457
3,0.0845066062875,0.0499514617636,0.0181881494611,0.0558337895002,0.173883086339,0.0859158944867,0.160903286174,0.0699616241535,0.0335232447486,0.0632974373663,0.0017123435094,0.20232307621,1,0.7,10,20,12,2,20,0.000152443657102,1.37199291392e-05,0.000152443657102,0.00766867804744,0.00225532561776,0.00038735237618,0.000152443657102,1.37199291392e-05,0.000152443657102,0.276043353096,0.501235906064,0.211772170312
4,0.0439206261586,0.128575957638,0.0259004557497,0.0227952014574,0.0538663806166,0.113038515355,0.00875727445391,0.125343718003,0.123549010342,0.00429168871794,0.280450098339,0.0695110731695,1,0.7,10,20,12,2,20,0.000113681319354,1.02313187419e-05,0.000113681319354,0.00210949266183,0.000956126117362,0.000550711621936,0.000113681319354,1.02313187419e-05,0.000113681319354,0.278186123889,0.504549987905,0.21317236989
5,0.288913536078,0.0421323683714,0.0557723829065,0.0122512845074,0.0931051705642,0.00532447019601,0.196533125274,0.0314059118462,0.041406110469,0.00594307051018,0.178680502627,0.0485320666508,1,0.7,10,20,12,2,20,0.000143349948662,1.29014953796e-05,0.000143349948662,0.000698742260137,0.00224478123608,0.000309633333539,0.000143349948662,1.29014953796e-05,0.000143349948662,0.278252938389,0.504671143758,0.213223558238
6,0.013317494482,0.185661928819,0.121737413995,0.0126654135626,0.0760821341937,0.0279581282751,0.0645388511868,0.0249688566997,0.0115840453845,0.204831547298,0.227337768169,0.0293164179347,1,0.7,10,20,12,2,20,4.59828612644e-05,4.1384575138e-06,4.59828612644e-05,0.0022435713881,0.00086127848845,0.000380903558293,4.59828612644e-05,4.1384575138e-06,4.59828612644e-05,0.278087932554,0.504909740352,0.213324365299
7,0.0547997963729,0.23111092178,0.0527693504889,0.032020463693,0.0429376473256,0.246896583277,0.0280044618112,0.00223735720407,0.0305088171129,0.0396236879977,0.201501826368,0.0375890865684,1,0.7,10,20,12,2,20,0.00019350420492,1.74153784428e-05,0.00019350420492,0.0061575920037,0.00247002236537,0.0023612404874,0.00019350420492,1.74153784428e-05,0.00019350420492,0.276140254158,0.500570856526,0.211491186882
8,0.169052059911,0.056835543665,0.00258873954072,0.000850708252561,0.0173966334437,0.184320882002,0.118686921319,0.131243408428,0.0354295750667,0.122586393515,0.00625835384204,0.154750781015,1,0.7,10,20,12,2,20,4.6349852039e-06,4.17148668351e-07,4.6349852039e-06,1.74956090341e-05,3.20861488132e-05,8.34152089433e-06,4.6349852039e-06,4.17148668351e-07,4.6349852039e-06,0.279110788733,0.506721907733,0.214090006017
9,0.18783438627,0.0256405642462,0.0927021437596,0.105935398009,0.046815122955,0.0511925675582,0.10076131408,0.153976758691,0.0647850354076,0.0286597195623,0.0945842961061,0.0471126933538,1,0.7,10,20,12,2,20,0.000567033516755,5.1033016508e-05,0.000567033516755,0.0220697444559,0.0076681107159,0.00376086970375,0.000567033516755,5.1033016508e-05,0.000567033516755,0.269210122992,0.488520880164,0.206400071869
10,0.0271271738144,0.200476795673,0.0376116900425,0.0332085980797,0.0065944766844,0.0478122488202,0.197441913347,0.148089907281,0.0126096590414,0.126435062532,0.0395462363549,0.12304623833,1,0.7,10,20,12,2,20,9.13611852802e-05,8.22250667522e-06,9.13611852802e-05,0.00127472949868,0.0025071630583,0.000369020931433,9.13611852802e-05,8.22250667522e-06,9.13611852802e-05,0.278019453376,0.504356937351,0.213090806031
11,0.120264770439,0.389037971437,0.106127543838,0.0370249249292,0.00499537109335,0.0455096532999,0.125353399551,0.0195857839897,0.133413385493,0.0147734405915,0.00348869305926,0.000425062278736,1,0.7,10,20,12,2,20,0.0030657935816,0.000275921422344,0.0030657935816,0.0483603977023,0.0494408064308,0.00842619683733,0.0030657935816,0.000275921422344,0.0030657935816,0.245150365869,0.446964650959,0.18884256503
12,0.0800086675819,0.0144108180012,0.00275580280687,0.1566109244,0.0619955421138,0.10841280835,0.160227991972,0.235258733622,0.0479851723353,0.0185397159334,0.113174942527,0.000618880357442,1,0.7,10,20,12,2,20,0.00084876802999,7.63891226991e-05,0.00084876802999,0.0803937645723,0.00672949433809,0.0108465855722,0.00084876802999,7.63891226991e-05,0.00084876802999,0.251049236503,0.455137482354,0.192295586295
13,0.0204212932336,0.0693077422665,0.120657341526,0.0501361727502,0.0894497081602,0.188139821908,0.221931671577,0.126229433906,0.0872997317748,0.0109872672402,0.0146240217991,0.000815793858725,1,0.7,10,20,12,2,20,0.00157040255467,0.00014133622992,0.00157040255467,0.116605094634,0.00793151706509,0.00404819739801,0.00157040255467,0.00014133622992,0.00157040255467,0.240379878613,0.438995451396,0.185475578215
14,0.124130482088,0.0191570502566,0.187007332791,0.0352863848296,0.0172296985724,0.00441113551482,0.216568189178,0.185354627511,0.0510527664388,0.0574949452842,0.0427690423045,0.0595383452304,1,0.7,10,20,12,2,20,0.000623501385224,5.61151246701e-05,0.000623501385224,0.00523372093717,0.00494183596438,0.00138509782049,0.000623501385224,5.61151246701e-05,0.000623501385224,0.275413400987,0.49941631529,0.21100339321
15,0.0318557802785,0.0506682715566,0.126350949906,0.081257458957,0.101716803123,0.123185770039,0.14062105283,0.00145569845385,0.23280776251,0.000207535353999,0.0677214920206,0.0421514249714,1,0.7,10,20,12,2,20,0.00116010862598,0.000104409776338,0.00116010862598,0.0154433496478,0.011652946009,0.00178818700682,0.00116010862598,0.000104409776338,0.00116010862598,0.26998936842,0.48947409129,0.20680280357
16,0.0663612421712,0.00135575701489,0.0751873009216,0.00476479289158,0.0779590146131,0.0567429470169,0.073386945515,0.214487168719,0.00146712283534,0.0247312613564,0.00986087600226,0.393695570942,1,0.7,10,20,12,2,20,8.04615119857e-05,7.24153607871e-06,8.04615119857e-05,0.00465786889178,0.000886357624812,0.000261520544976,8.04615119857e-05,7.24153607871e-06,8.04615119857e-05,0.277381813117,0.50367389153,0.212802219171
17,0.114861828068,0.0215143154183,0.107398765062,0.0321902610549,0.201295069692,0.13992964792,0.0455680307599,0.152820100695,0.114688948925,0.0497124052048,0.00978668805452,0.010233939146,1,0.7,10,20,12,2,20,0.00146452797033,0.00013180751733,0.00146452797033,0.0415909623459,0.0410745456616,0.00380157834462,0.00146452797033,0.00013180751733,0.00146452797033,0.253577281431,0.459637191776,0.194196713525
18,0.101052774819,0.00842058677614,0.0344609163539,0.114731587965,0.107709659904,0.0235928905064,0.0476686469582,0.175276766604,0.10328473057,0.0090671080565,0.226401383904,0.048332947583,1,0.7,10,20,12,2,20,9.02022182994e-05,8.11819964695e-06,9.02022182994e-05,0.000303318146922,0.00121682232321,0.000196170583949,9.02022182994e-05,8.11819964695e-06,9.02022182994e-05,0.278780600375,0.505536761545,0.213589281753
19,0.196067630719,0.043407555242,0.0476324462083,0.149384240298,0.060114957861,0.00235346362392,0.0199373799182,0.226910021954,0.061636881456,0.0194229345567,0.109062709984,0.0640697781783,1,0.7,10,20,12,2,20,0.000168604816539,1.51744334885e-05,0.000168604816539,0.00261974278669,0.00669426570464,0.000523499783302,0.000168604816539,1.51744334885e-05,0.000168604816539,0.276505479421,0.501196656711,0.21175558746
20,0.248033977699,0.0285786655752,0.0842154481971,0.00572644868062,0.0591105402935,0.0457794014516,0.0741313705843,0.109846893477,0.00505294264675,0.0147763047242,0.150363307776,0.174384698894,1,0.7,10,20,12,2,20,1.32608049082e-06,1.19347244174e-07,1.32608049082e-06,6.2058991698e-06,8.3582072629e-06,3.66846906794e-06,1.32608049082e-06,1.19347244174e-07,1.32608049082e-06,0.27944317859,0.506525867008,0.214007178811
21,0.129629973896,0.013587173573,0.257995750954,0.260250427817,0.0264778085656,0.0134321983092,0.0134152963207,0.0591439856643,0.0252326177648,0.164404227123,0.0338580647285,0.00257247528382,1,0.7,10,20,12,2,20,2.28946203345e-06,2.0605158301e-07,2.28946203345e-06,5.61422054901e-06,2.74968982065e-06,2.42303602775e-05,2.28946203345e-06,2.0605158301e-07,2.28946203345e-06,0.279352054468,0.506576999163,0.214028782147
22,0.0164744332439,0.00692108707268,0.112558536551,0.0574681043612,0.0549633455639,0.149995687864,0.0334978808191,0.0531764369154,0.129345179601,0.139454913395,0.118365274518,0.127779120095,1,0.7,10,20,12,2,20,0.000190989196282,1.71890276654e-05,0.000190989196282,0.00722140474535,0.00133875236893,0.00115082945374,0.000190989196282,1.71890276654e-05,0.000190989196282,0.276166548495,0.501458087941,0.211866042155
23,0.00646056238743,0.063656665512,0.290536273278,0.0671325766798,0.122913008096,0.0550024608441,0.0599959536478,0.0974437261991,0.0563073742691,0.0940515636142,0.0764603417823,0.0100394936909,1,0.7,10,20,12,2,20,6.29572521616e-06,5.66615269455e-07,6.29572521616e-06,3.24416604186e-05,0.000135633229497,8.23245225608e-06,6.29572521616e-06,5.66615269455e-07,6.29572521616e-06,0.279160730721,0.506598696524,0.214037949281
24,0.217969840222,0.120245981792,0.047973600534,0.0041075794731,0.150823381499,0.171700584357,0.0456696208435,0.0678879951554,0.0270117153672,0.00692181835093,0.0219113328128,0.117776549593,1,0.7,10,20,12,2,20,0.000328941932934,2.96047739641e-05,0.000328941932934,0.0313647730859,0.00323738657268,0.0039790921899,0.000328941932934,2.96047739641e-05,0.000328941932934,0.267862514885,0.486594907548,0.205586348439
25,0.0259312523101,0.194489937291,0.049919955121,0.142147319873,0.0884599402002,0.0278449047454,0.0140637923903,0.0461962356606,0.208801601521,0.0778589759561,0.0516895952026,0.0725964897278,1,0.7,10,20,12,2,20,4.21265862637e-06,3.79139276373e-07,4.21265862637e-06,1.40374527781e-05,2.55897833681e-05,2.3973500778e-05,4.21265862637e-06,3.79139276373e-07,4.21265862637e-06,0.279033409153,0.506773554444,0.214111826753
26,0.155028956402,0.129471174787,0.0183068635518,0.0627897221645,0.0186731120396,0.033200716013,0.121479849972,0.0398356226214,0.158424059451,0.0577566320565,0.170598204691,0.0344350862492,1,0.7,10,20,12,2,20,0.000174757762875,1.57281986587e-05,0.000174757762875,0.00579314970767,0.00372647831304,0.000524407102356,0.000174757762875,1.57281986587e-05,0.000174757762875,0.276310785782,0.501170257748,0.211744433898
27,0.0354153935725,0.158538354254,0.0598134783047,0.0626965918071,0.175223926733,0.0753734890545,0.00305105975767,0.162263229803,0.0815121100802,0.0194474179125,0.0212640745619,0.145400874158,1,0.7,10,20,12,2,20,2.57813466649e-05,2.32032119984e-06,2.57813466649e-05,0.00197999913516,0.000426861856069,0.000376646165603,2.57813466649e-05,2.32032119984e-06,2.57813466649e-05,0.278059822172,0.505482534019,0.213566370623
28,0.0822391806201,0.204748036335,0.140849810276,0.0269723784461,0.106110956524,0.0764622601405,0.00432296627326,0.0320560158766,0.150559994401,0.0600267652208,0.00749922599406,0.108152409892,1,0.7,10,20,12,2,20,0.000412487699973,3.71238929976e-05,0.000412487699973,0.00626968033948,0.00557362725523,0.00315198661851,0.000412487699973,3.71238929976e-05,0.000412487699973,0.274694539703,0.498127217925,0.210458749573
29,0.0500042066213,0.080436857218,0.0366353764414,0.0312661450806,0.0324529211156,0.106578984609,0.0222770173527,0.160007220557,0.0923526398469,0.114955535419,0.00916078555217,0.263872310187,1,0.7,10,20,12,2,20,6.70927241442e-05,6.03834517297e-06,6.70927241442e-05,0.00213608749564,0.000939695734416,0.00028834660944,6.70927241442e-05,6.03834517297e-06,6.70927241442e-05,0.278242476447,0.504824566697,0.21328837943
30,9.23724769569e-05,0.0541421865648,0.0368276722087,0.0420102550889,0.0622294501479,0.0146152395423,0.110844422177,0.0320698936655,0.105081692127,0.283284279421,0.243158584819,0.015643951762,1,0.7,10,20,12,2,20,2.26469568903e-05,2.03822612013e-06,2.26469568903e-05,0.000132683935773,0.000173040172297,7.22734292157e-05,2.26469568903e-05,2.03822612013e-06,2.26469568903e-05,0.278967827068,0.506544471785,0.214015039329
31,0.0168628601758,0.12820123328,0.153129679836,0.0738810760198,0.274859435245,0.0589350088303,0.133779633312,0.0236666408913,0.0339434788048,0.00698614798555,0.0559833249727,0.0397714806468,1,0.7,10,20,12,2,20,0.000240123919168,2.16111527251e-05,0.000240123919168,0.0263412040562,0.0122605241625,0.00208202387085,0.000240123919168,2.16111527251e-05,0.000240123919168,0.267453754596,0.485665219917,0.205193555415
32,0.0700996889851,0.0478212132952,0.0775131802985,0.102952555509,0.0963355488056,0.110525449795,0.0874526443856,0.0550131236979,0.01910182762,0.0374595064026,0.0866246031409,0.209100658065,1,0.7,10,20,12,2,20,4.00857276185e-07,3.60771548566e-08,4.00857276185e-07,5.03194125067e-06,4.5942862838e-06,1.77980244858e-06,4.00857276185e-07,3.60771548566e-08,4.00857276185e-07,0.279323977395,0.506617181716,0.214045759275
33,0.0117946754106,0.0114795743454,0.352879581401,0.0761986236799,0.0743782357951,0.0392010125471,0.133611116081,0.040693992771,0.0186698829844,0.0336953481729,0.00135010962961,0.206047847181,1,0.7,10,20,12,2,20,3.53077108477e-06,3.1776939763e-07,3.53077108477e-06,1.0022002097e-05,2.13696536192e-05,5.25820915576e-06,3.53077108477e-06,3.1776939763e-07,3.53077108477e-06,0.27920856008,0.506671375347,0.214068656084
34,0.297898964796,0.0620922821738,0.182137219879,0.0128363598002,0.090324596471,0.0415646596339,0.156968041392,7.4985392851e-06,0.0264718434751,0.0217624323633,0.0473383262669,0.06059777521,1,0.7,10,20,12,2,20,0.000536333128691,4.82699815822e-05,0.000536333128691,0.0200600055024,0.00712676426675,0.0017357302947,0.000536333128691,4.82699815822e-05,0.000536333128691,0.2703607873,0.491019219795,0.207455620363
35,0.0896396257915,0.166224947648,0.228281849933,0.0666768939383,0.107022411387,0.0388697342161,0.0387016169427,0.037616093915,0.0852393105013,0.05274243746,0.0695443781673,0.0194407000999,1,0.7,10,20,12,2,20,0.000270035299483,2.43031769535e-05,0.000270035299483,0.024341539996,0.00378303394089,0.00292108718424,0.000270035299483,2.43031769535e-05,0.000270035299483,0.270102055311,0.490491062226,0.20723247379
36,0.0626667464314,0.023048125921,0.0135240398013,0.004367901282,0.0130667156651,0.131428476465,0.0436263041609,0.00181230612574,0.163883633152,0.0315693119071,0.177488884763,0.333517554326,1,0.7,10,20,12,2,20,4.98659170612e-05,4.48793253551e-06,4.98659170612e-05,0.00170961318687,0.000609230004639,0.000639648126586,4.98659170612e-05,4.48793253551e-06,4.98659170612e-05,0.278215920968,0.505179014538,0.213438133642
37,0.134450967428,0.0573769589126,0.0214303043678,0.0281201103304,0.263503421814,0.0393946439026,0.101968299333,0.14653143543,0.0134917105366,0.142235113902,0.0131215843378,0.038375449707,1,0.7,10,20,12,2,20,0.000252542679455,2.2728841151e-05,0.000252542679455,0.00300998606318,0.00236141938979,0.00312908021549,0.000252542679455,2.2728841151e-05,0.000252542679455,0.276453485728,0.50192646763,0.212063932574
38,0.00930677622997,0.0358581591877,0.237178176884,0.206323249269,0.0193889908442,0.033424095573,0.136081151378,0.0593294684449,0.0136863543242,0.103371201526,0.0294001607428,0.116652215597,1,0.7,10,20,12,2,20,0.000118304669538,1.06474202584e-05,0.000118304669538,0.00774416439453,0.00251924400128,0.000622365117931,0.000118304669538,1.06474202584e-05,0.000118304669538,0.275772653768,0.50112271297,0.21172434623
39,0.0356991125498,0.0686463548377,0.0501817121483,0.14923903643,0.00324034293073,0.111073333243,0.0312668316648,0.188921198419,0.028837849666,0.165950556993,0.152576236747,0.014367434372,1,0.7,10,20,12,2,20,0.000106485557835,9.58370020518e-06,0.000106485557835,0.00557702712723,0.000905095956149,0.000815535668291,0.000106485557835,9.58370020518e-06,0.000106485557835,0.277128669562,0.502726581409,0.212401980645
40,0.165617215521,0.0781010605189,0.0110184725104,0.00171811526934,0.218588909759,0.0370583221901,0.107809195436,0.00323270388262,0.0116587209355,0.0495322818354,0.122873838866,0.192791163276,1,0.7,10,20,12,2,20,4.91812161838e-05,4.42630945654e-06,4.91812161838e-05,0.00020464358976,0.00078057333905,0.000102639433946,4.91812161838e-05,4.42630945654e-06,4.91812161838e-05,0.279053753882,0.505907073653,0.213745738619
41,0.00450314436196,0.0181961242052,0.0187582568097,0.0226730882067,0.265722433575,0.00431030445649,0.18516644808,0.0245292087245,0.0486779099624,0.0254909064332,0.199665904627,0.182306270558,1,0.7,10,20,12,2,20,3.04742557218e-07,2.74268301496e-08,3.04742557218e-07,6.58895543584e-06,5.12768830961e-06,5.25183105105e-07,3.04742557218e-07,2.74268301496e-08,3.04742557218e-07,0.279256823554,0.506664084917,0.214065575878
42,0.0305756130797,0.113175949017,0.00723578835015,0.00296867109156,0.0377347377656,0.119257954855,0.122393923254,0.109691595277,0.111088759326,0.124428396705,0.0936739699039,0.127774641375,1,0.7,10,20,12,2,20,7.57606150596e-05,6.81845535536e-06,7.57606150596e-05,0.00181825222753,0.000245466453478,0.000384169411414,7.57606150596e-05,6.81845535536e-06,7.57606150596e-05,0.278457599262,0.505291974182,0.213485859092
43,0.0731288359484,0.115686748705,0.0670728707737,0.0372801841285,0.18939056345,0.0571797975535,0.163277006302,0.0377433443055,0.0701400071644,0.112560093447,0.0222069181296,0.0543336300926,1,0.7,10,20,12,2,20,0.000260528364231,2.34475527808e-05,0.000260528364231,0.00830202563703,0.00326139986117,0.000653768640191,0.000260528364231,2.34475527808e-05,0.000260528364231,0.275410846377,0.500023164093,0.211259786829
44,0.0648462891526,0.140098137167,0.0175687037977,0.141511885513,0.158394669131,0.0142771652951,0.00385255445977,0.122751568203,0.130233448332,0.0163618274856,0.130297826766,0.059805924699,1,0.7,10,20,12,2,20,0.00022666814951,2.04001334559e-05,0.00022666814951,0.0122472534971,0.00121123673203,0.00113007374698,0.00022666814951,2.04001334559e-05,0.00022666814951,0.274664045789,0.49898060975,0.210819307619
45,0.0456206077191,0.13925698208,0.00837888597116,0.120675192229,0.00716073575578,0.152466868537,0.0375633814031,0.0187937844703,0.173202463636,0.0663998670837,0.227701795058,0.00277943605732,1,0.7,10,20,12,2,20,0.000103695049308,9.33255443773e-06,0.000103695049308,0.00775218332685,0.00107514001153,0.000439438399844,0.000103695049308,9.33255443773e-06,0.000103695049308,0.276406267536,0.501858365849,0.212035159571
46,0.00564203917377,0.0421859611488,0.0999621256986,0.138766966469,0.122462128264,0.140208592593,0.115351894927,0.0059568599364,0.134937636559,0.072809365123,0.00474759588144,0.116968834226,1,0.7,10,20,12,2,20,0.00020543093984,1.84887845856e-05,0.00020543093984,0.00875153683082,0.00378357384396,0.00131319829438,0.00020543093984,1.84887845856e-05,0.00020543093984,0.275111151873,0.499249095135,0.210932742695
47,0.073857612774,0.0454581919271,0.0258773421401,0.108953576207,0.0512310497951,0.0703423822038,0.0917042805775,0.131475529274,0.129582323616,0.0950747574848,0.11582607791,0.0606168760905,1,0.7,10,20,12,2,20,0.00014060729062,1.26546561558e-05,0.00014060729062,0.00344339683105,0.00209418474224,0.000385240442962,0.00014060729062,1.26546561558e-05,0.00014060729062,0.277303796281,0.50346969647,0.212715946758
48,0.0452663578094,0.121649397141,0.0415196634639,0.0676779449722,0.245924071719,0.0342637748774,0.224262294914,0.0487317957084,0.00426584037047,0.0988509448421,0.0422779951216,0.0253099190603,1,0.7,10,20,12,2,20,0.000586443772887,5.27799395599e-05,0.000586443772887,0.00728222722816,0.00660626780393,0.00123181322978,0.000586443772887,5.27799395599e-05,0.000586443772887,0.274319276153,0.497791972312,0.210317108302
49,0.179143422564,0.131773630896,0.212624212997,0.0710527756723,0.0659988012617,0.0637757220067,0.052383383752,0.088042809391,0.0587665446963,0.0344336871046,0.0083030295681,0.0337019800901,1,0.7,10,20,12,2,20,0.00132795401584,0.000119515861426,0.00132795401584,0.0235080617333,0.0277867661934,0.00866213452645,0.00132795401584,0.000119515861426,0.00132795401584,0.260873736206,0.473545485803,0.200072967752
50,0.032664005956,0.0146035420596,0.191129781965,0.079512396069,0.0759151289147,0.136078990682,0.0264442741265,0.145912561234,0.162111192824,0.0158698780415,0.0171835940813,0.102574654047,1,0.7,10,20,12,2,20,0.000275135901902,2.47622311712e-05,0.000275135901902,0.0221615459539,0.00392920985525,0.000390824417396,0.000275135901902,2.47622311712e-05,0.000275135901902,0.271109492811,0.492976350715,0.208282508177
51,0.012704304602,0.0610056916272,0.0480124044526,0.0291767939135,0.056432912128,0.0324580103508,0.134617222695,0.0746481479924,0.0432970297087,0.233953040657,0.135378852304,0.138315589569,1,0.7,10,20,12,2,20,1.6622811387e-06,1.49605302483e-07,1.6622811387e-06,8.44714725628e-06,2.88452490575e-05,4.50021263626e-06,1.6622811387e-06,1.49605302483e-07,1.6622811387e-06,0.279209995953,0.506672241197,0.214069021906
52,0.0790130012527,0.0365729802717,0.00951704340663,0.151171968804,0.0472633516887,0.160723294305,0.0235726753137,0.010287444633,0.039658727615,0.175113995992,0.223013554881,0.0440919618362,1,0.7,10,20,12,2,20,5.58867937147e-05,5.02981143432e-06,5.58867937147e-05,0.00555638880716,0.00131476965899,0.000119271947065,5.58867937147e-05,5.02981143432e-06,5.58867937147e-05,0.27696419238,0.503206868478,0.212604901932
53,0.0767963508647,0.00741304961739,0.162202156784,0.135086173643,0.0483346116753,0.0495487411319,0.0892293029025,0.271219178677,0.0918585518801,0.0138148974769,0.0318937566246,0.0226032287221,1,0.7,10,20,12,2,20,0.000914297190064,8.22867471057e-05,0.000914297190064,0.0145635427136,0.012696440627,0.00329215179324,0.000914297190064,8.22867471057e-05,0.000914297190064,0.269440510477,0.489409906597,0.206775685537
54,0.045483710083,0.121009142681,0.122132752424,0.116811081573,0.00792416465219,0.0149874205964,0.160690204579,0.193050266475,0.0168996720869,0.0155782508614,0.073778458211,0.111654875776,1,0.7,10,20,12,2,20,0.000421042819494,3.78938537545e-05,0.000421042819494,0.00381345346989,0.00313292578869,0.000973891029139,0.000421042819494,3.78938537545e-05,0.000421042819494,0.276558818717,0.501765168373,0.211995783637
55,0.20237489154,0.0359389970506,0.0226236521193,0.0769639151634,0.0178743733214,0.0175923502407,0.0140481399046,0.323536436925,0.0195044238564,0.0795303770411,0.0576839608653,0.132328481972,1,0.7,10,20,12,2,20,0.000110753679047,9.96783111419e-06,0.000110753679047,0.00889379979803,0.000783133692454,0.00185428619067,0.000110753679047,9.96783111419e-06,0.000110753679047,0.275802050984,0.500670494873,0.211533284084
56,0.0195948443985,0.123906044406,0.0988723721486,0.0157888847614,0.0639330076542,0.00831321920003,0.0273671105892,0.139343460996,0.133559824709,0.159751736004,0.0866651248729,0.12290437026,1,0.7,10,20,12,2,20,6.94584552148e-05,6.25126096933e-06,6.94584552148e-05,0.00335615255622,0.0021705775141,0.000293717366322,6.94584552148e-05,6.25126096933e-06,6.94584552148e-05,0.277476083425,0.503629618837,0.212783513959
57,0.0601659902163,0.0961322779608,0.0875485716848,0.0149105893398,0.245818805271,0.0320378375555,0.0837389351791,0.0635845581398,0.237389605283,0.0185338062386,0.0536684807462,0.00647054238505,1,0.7,10,20,12,2,20,0.000777602034747,6.99841831273e-05,0.000777602034747,0.0319337579688,0.0088859268262,0.00184847055455,0.000777602034747,6.99841831273e-05,0.000777602034747,0.266063724298,0.483668009734,0.204349734113
58,0.00200819885352,0.0893631645723,0.261610033194,0.0950971817904,0.0929466009373,0.0165337011262,0.0224729427452,0.00164367764582,0.152668977711,0.0143198765273,0.179098721657,0.07223692324,1,0.7,10,20,12,2,20,0.000139911734841,1.25920561357e-05,0.000139911734841,0.0143538500238,0.00159400447971,0.000984774218709,0.000139911734841,1.25920561357e-05,0.000139911734841,0.274197964175,0.497915343446,0.210369232606
59,0.0493002665358,0.0366328500688,0.109512111031,0.112279150828,0.0290492310911,0.237539527495,0.0460552810326,0.0042797592488,0.00334275873369,0.098052065469,0.159716003956,0.11424099451,1,0.7,10,20,12,2,20,9.08823353326e-05,8.17941017994e-06,9.08823353326e-05,0.00516153548816,0.000978807917071,0.000195600602767,9.08823353326e-05,8.17941017994e-06,9.08823353326e-05,0.277134984915,0.503444065318,0.212705117597
60,0.0207710240561,0.051531679018,0.270641005061,0.0694674171692,0.00853268943745,0.1016833477,0.117149924598,0.067486698412,0.0835045835965,0.0920789298258,0.0681111520428,0.0490415490832,1,0.7,10,20,12,2,20,0.000233157328537,2.09841595683e-05,0.000233157328537,0.00352622158634,0.00446510663443,0.0017932181381,0.000233157328537,2.09841595683e-05,0.000233157328537,0.276365746028,0.501142432323,0.211732677657
61,0.0234140793272,0.0342337614067,0.301490413618,0.0228695443109,0.252278180094,0.0517789306254,0.0925312917736,0.0602743254592,0.0590182813857,0.0306311399997,0.0569826131827,0.0144974388168,1,0.7,10,20,12,2,20,0.000466085096977,4.19476587279e-05,0.000466085096977,0.0264662457633,0.0102317000477,0.00216432223773,0.000466085096977,4.19476587279e-05,0.000466085096977,0.267568452795,0.486201085027,0.205419958424
62,0.126578281471,0.300305127405,0.0638674885959,0.117013505914,0.0130509499643,0.0181136045381,0.0356058740569,0.0603882718885,0.111033899733,0.00939232583339,0.00217245644217,0.142478214158,1,0.7,10,20,12,2,20,0.000169642202894,1.52677982605e-05,0.000169642202894,0.0139673368663,0.00307563304399,0.0014359567079,0.000169642202894,1.52677982605e-05,0.000169642202894,0.273642147633,0.497131684598,0.210038136743
63,0.0405546147693,0.0555070015482,0.0407189106268,0.0343184685334,0.263806418429,0.114744987441,0.0604750689186,0.120209926805,0.0121725636584,0.0451438756881,0.08059511816,0.131753045422,1,0.7,10,20,12,2,20,0.000116931751626,1.05238576463e-05,0.000116931751626,0.000525252138849,0.00154457267172,0.000306198128639,0.000116931751626,1.05238576463e-05,0.000116931751626,0.278329217576,0.505311764333,0.213494220431
64,0.237905526222,0.00291823944661,0.0990254951862,0.0397029606583,0.0277308848168,0.0496709395111,0.0104396817697,0.0344254566936,0.338332858442,0.115325013027,0.00266966832178,0.0418532759052,1,0.7,10,20,12,2,20,0.00048551163714,4.36960473426e-05,0.00048551163714,0.00549126266074,0.00753125581594,0.0010028430899,0.00048551163714,4.36960473426e-05,0.00048551163714,0.274742836734,0.498560536419,0.210641826637
65,0.0351212666414,0.0110506541082,0.0520445323111,0.0110181567825,0.222863438922,0.0211296098411,0.0823444906134,0.200191274213,0.216984404672,0.0282593046429,0.0521474067394,0.0668454605137,1,0.7,10,20,12,2,20,0.000664684449885,5.98216004897e-05,0.000664684449885,0.0533581728516,0.0140428670627,0.00143756244465,0.000664684449885,5.98216004897e-05,0.000664684449885,0.259437707769,0.470260322581,0.19868498629
66,0.0269069951826,0.0334914206863,0.0955182512833,0.289786814735,0.0151849688256,0.205836174599,0.0778745165891,0.0466283228755,0.0695124324026,0.0342653038836,0.0659844991111,0.0390102998267,1,0.7,10,20,12,2,20,0.000725455412798,6.52909871518e-05,0.000725455412798,0.0190865922289,0.0107176430421,0.00506288772386,0.000725455412798,6.52909871518e-05,0.000725455412798,0.268404042527,0.487660056839,0.206036374014
67,0.136062591312,0.0126113450231,0.150734971679,0.00638133426526,0.0012339293166,0.133765228966,0.0628325630847,0.0566982487653,0.034713697159,0.203973202783,0.161051159184,0.0399417284614,1,0.7,10,20,12,2,20,9.76452897108e-08,8.78807607397e-09,9.76452897108e-08,4.34827166091e-06,1.03988899007e-06,3.40660013351e-07,9.76452897108e-08,8.78807607397e-09,9.76452897108e-08,0.279412361081,0.506559931066,0.214021570875
68,0.046221666553,0.0774855685107,0.189222744989,0.148723326664,0.0427761996222,0.156433676807,0.0373218402154,0.0839161088276,0.0772654303982,0.0589928534169,0.0244394133825,0.0572011706136,1,0.7,10,20,12,2,20,0.000808286543172,7.27457888855e-05,0.000808286543172,0.0240840695971,0.0108563455104,0.00576550813087,0.000808286543172,7.27457888855e-05,0.000808286543172,0.267132022923,0.4842062679,0.204577148188
69,0.000657838958006,0.0168512117502,0.18021216731,0.0844794309365,0.0756356097182,0.0458979829704,0.307206566265,0.116266199063,0.0629921347691,0.0174911206726,0.0584703059741,0.0338394316135,1,0.7,10,20,12,2,20,0.00119013551094,0.000107112195984,0.00119013551094,0.056518435828,0.0121043051353,0.00585042854354,0.00119013551094,0.000107112195984,0.00119013551094,0.256941738974,0.466509894611,0.197100430473
70,0.0394406453109,0.0321394276828,0.0541068138735,0.0387060277215,0.131547190519,0.087617760588,0.033889841743,0.272031192478,0.0801126553392,0.114375985635,0.105164526395,0.0108679327136,1,0.7,10,20,12,2,20,0.000347818955151,3.13037059636e-05,0.000347818955151,0.00494162818197,0.0027695855359,0.00116015110786,0.000347818955151,3.13037059636e-05,0.000347818955151,0.276006403683,0.501700069075,0.211968279184
71,0.0140675270488,0.00916914246795,0.242505006508,0.238874972201,0.0422823157457,0.0311637999816,0.0081324973428,0.135310865621,0.00280302259324,0.160020268228,0.102257982771,0.0134125994898,1,0.7,10,20,12,2,20,3.14096953275e-06,2.82687257948e-07,3.14096953275e-06,7.98933459531e-06,4.15244294995e-05,1.05907600845e-06,3.14096953275e-06,2.82687257948e-07,3.14096953275e-06,0.279345886677,0.506566194186,0.214024217044
72,0.0900537288113,0.238222593823,0.0114711307801,0.0137068395891,0.134029228721,0.0277806071594,0.167603387843,0.0902314584747,0.0298306583045,0.103491447067,0.0829598746051,0.0106190448216,1,0.7,10,20,12,2,20,0.000451860069236,4.06674062313e-05,0.000451860069236,0.0198423343441,0.00584679635051,0.00299538677994,0.000451860069236,4.06674062313e-05,0.000451860069236,0.270800270752,0.491125790287,0.207500646396
73,5.23384838704e-05,0.0783945487525,0.0156070084138,0.0370657490117,0.364112326261,0.0920593345457,0.0554340118197,0.0655628113881,0.169447908225,0.035785007908,0.0456005279193,0.0408784272715,1,0.7,10,20,12,2,20,0.000324654752377,2.92189277139e-05,0.000324654752377,0.0163740178695,0.00519153869585,0.00294776229245,0.000324654752377,2.92189277139e-05,0.000324654752377,0.271704380645,0.493796304838,0.208628938794
74,3.0291564528e-05,0.0109009592035,0.00234367967658,0.00834889367569,0.00574798256277,0.112994052977,0.385519079378,0.0267106472298,0.205691413028,0.0614125681652,0.0969514774341,0.0833489551048,1,0.7,10,20,12,2,20,0.000322317464228,2.90085717806e-05,0.000322317464228,0.0186595621235,0.00147542365874,0.00530815104017,0.000322317464228,2.90085717806e-05,0.000322317464228,0.271929398185,0.49299133778,0.208288840212
75,0.13825204619,0.0682175289735,0.072615098504,0.110175649806,0.137497977703,0.0853216619279,0.00257134900179,0.249538108736,0.0153262418147,0.0138925688525,0.0330532647823,0.0735385037095,1,0.7,10,20,12,2,20,3.18346953153e-06,2.86512257838e-07,3.18346953153e-06,2.29579953068e-05,3.59131135985e-05,5.77940564494e-06,3.18346953153e-06,2.86512257838e-07,3.18346953153e-06,0.279101700697,0.506727832609,0.214092509277
76,0.111981842634,0.0011782087819,0.107884265801,0.227301971522,0.0133750174597,0.105253623709,0.0040720603771,0.0162053027316,0.0365488690292,0.0578499746094,0.28866454657,0.0296843167744,1,0.7,10,20,12,2,20,0.000105032073765,9.45288663883e-06,0.000105032073765,0.0121693762976,0.00157959027946,0.000615060951042,0.000105032073765,9.45288663883e-06,0.000105032073765,0.274815750464,0.49938923581,0.21099195213
77,0.17735044208,0.169377373602,0.0507700225313,0.19600708523,0.0171154648317,0.047179277974,0.0026262135186,0.251556503489,0.0268082776262,0.0178340726812,0.00738829528831,0.035986971147,1,0.7,10,20,12,2,20,0.00256682051942,0.000231013846748,0.00256682051942,0.0457228387316,0.0311901524248,0.0109553106926,0.00256682051942,0.000231013846748,0.00256682051942,0.251607233113,0.456798000187,0.192997155079
78,0.0632864430959,0.0412666960812,0.213565920419,0.0407220058328,0.0223783800625,0.0325074676199,0.0777926365781,0.295667052653,0.037314170426,0.00983526601343,0.137725279215,0.0279386820031,1,0.7,10,20,12,2,20,0.000523588651221,4.71229786099e-05,0.000523588651221,0.0118580145703,0.00601546877243,0.00236234408372,0.000523588651221,4.71229786099e-05,0.000523588651221,0.272921601922,0.495363072119,0.20929089797
79,0.0305629787598,0.181157252287,0.0413112732854,0.0466870686342,0.00735906463553,0.126743872306,0.0683573647335,0.0309618776341,0.124247170999,0.225777655227,0.0821997823392,0.0346346391593,1,0.7,10,20,12,2,20,1.07408072701e-06,9.6667265431e-08,1.07408072701e-06,6.0925266172e-06,6.37576272822e-06,5.71718473592e-06,1.07408072701e-06,9.6667265431e-08,1.07408072701e-06,0.279322182297,0.506611699523,0.214043443048
80,0.0112016468399,0.235964648429,0.068128685206,0.00520755541382,0.380856072709,0.0380248149143,0.0314352678124,0.0482239573191,0.0192900481477,0.0752113920581,0.0693403549992,0.0171155561516,1,0.7,10,20,12,2,20,0.000503295787378,4.5296620864e-05,0.000503295787378,0.0116694177866,0.00771596922864,0.00278964116743,0.000503295787378,4.5296620864e-05,0.000503295787378,0.272666753275,0.494238623656,0.208815818495
81,0.0784152973664,0.0749360994254,0.0236538020824,0.115132998285,0.0667729551798,0.0543239355357,0.0650413532911,0.117880166551,0.0160317104994,0.190942361979,0.0904701028217,0.106399216983,1,0.7,10,20,12,2,20,0.000105583247066,9.50249223598e-06,0.000105583247066,0.00870215929196,0.00103114402862,0.000349267649376,0.000105583247066,9.50249223598e-06,0.000105583247066,0.276332735042,0.501331005986,0.211812350029
82,0.169917956439,0.0961061854333,0.00255978309821,0.0167799685746,0.0077501211956,0.0708862809609,0.084430289813,0.0909346151532,0.225029663579,0.00702484546669,0.106294856097,0.122285434189,1,0.7,10,20,12,2,20,0.000138411740387,1.24570566349e-05,0.000138411740387,0.014265377613,0.00363907778939,0.000797097324229,0.000138411740387,1.24570566349e-05,0.000138411740387,0.273681614065,0.497039207124,0.20999906501
83,0.0669922667481,0.0267842352667,0.0479760153864,0.0545558127008,0.165840570464,0.00730286697774,0.166050089932,0.0440652878216,0.190430719847,0.0484409577535,0.174768902863,0.0067922742402,1,0.7,10,20,12,2,20,0.000258524327488,2.32671894739e-05,0.000258524327488,0.002449920779,0.00155305638314,0.00176848342422,0.000258524327488,2.32671894739e-05,0.000258524327488,0.277457267458,0.503121715478,0.212568924789
84,0.0164276178758,0.0653999180398,0.0434382125638,0.0516165925829,0.123668427491,0.0420712910231,0.0381921981725,0.235042890013,0.0250171422547,0.12456625931,0.148306530504,0.0862529201689,1,0.7,10,20,12,2,20,4.47159635031e-05,4.02443671528e-06,4.47159635031e-05,0.00256520844106,0.00125142026908,4.67282614213e-05,4.47159635031e-05,4.02443671528e-06,4.47159635031e-05,0.277874930617,0.504797750217,0.213277049467
85,0.0389057812898,0.0076811598413,0.0435256247757,0.169667745924,0.121661265527,0.106395572361,0.00631522460245,0.149708695509,0.0428817019147,0.0191825200857,0.163665336822,0.130409371348,1,0.7,10,20,12,2,20,8.80370227857e-05,7.92333205071e-06,8.80370227857e-05,0.00219765996322,0.00296892509628,0.000213049426541,8.80370227857e-05,7.92333205071e-06,8.80370227857e-05,0.277552441177,0.503831233449,0.212868696132
86,0.0736569825599,0.0425582918765,0.0947549217618,0.0477714511455,0.0617835904625,0.0607958286199,0.11064559716,0.0849043408483,0.0147889343612,0.117583652743,0.214344336234,0.0764120722275,1,0.7,10,20,12,2,20,0.000121344619611,1.0921015765e-05,0.000121344619611,0.0041023778211,0.000900710999261,0.00144214085836,0.000121344619611,1.0921015765e-05,0.000121344619611,0.277376365757,0.503108038,0.212563146055
87,0.000498554286704,0.0224103524253,0.0288288976464,0.0418455127116,0.0495203425163,0.327729712368,0.0271237240701,0.0250842552146,0.284907161269,0.0836149945178,0.0659752091089,0.0424612838651,1,0.7,10,20,12,2,20,0.000326545235049,2.93890711544e-05,0.000326545235049,0.00428190599236,0.00492627456123,0.00167440096295,0.000326545235049,2.93890711544e-05,0.000326545235049,0.275949945312,0.500388410608,0.211414103482
88,0.0538443182998,0.247626014278,0.077994855826,0.134506239399,0.14032338397,0.00999059144566,0.0118570925287,0.0643273059053,0.0887826960459,0.117073067231,0.0130890453563,0.0405853897148,1,0.7,10,20,12,2,20,0.000217556578821,1.95800920939e-05,0.000217556578821,0.0221870435854,0.00254564814807,0.0028316671944,0.000217556578821,1.95800920939e-05,0.000217556578821,0.271152626001,0.49235404469,0.208019583881
89,0.0304303144355,0.0304082334115,0.0188317744618,0.0918008762505,0.0155181179346,0.150600202545,0.00390713316905,0.105579575978,0.188097620763,0.332633847943,0.0216410960461,0.0105512070619,1,0.7,10,20,12,2,20,5.91667712849e-05,5.32500941564e-06,5.91667712849e-05,0.00896700406805,0.000523282612076,0.000462925114587,5.91667712849e-05,5.32500941564e-06,5.91667712849e-05,0.276285725351,0.501591385413,0.211922360337
90,0.108480042964,0.0278692218909,0.13573835524,0.0408267064208,0.0497892730986,0.122931896184,0.0305109373001,0.146824467404,0.141007018244,0.0721686720057,0.025722919877,0.0981304893715,1,0.7,10,20,12,2,20,7.5240668849e-06,6.77166019641e-07,7.5240668849e-06,3.1450365287e-05,4.33915277879e-05,3.39926043802e-05,7.5240668849e-06,6.77166019641e-07,7.5240668849e-06,0.279325663234,0.506526574108,0.214007477561
91,0.139740845622,0.196717197045,0.0274985846654,0.000700847688646,0.048020807219,0.0123839611028,0.0729945225705,0.0269344495084,0.103313149865,0.115922548637,0.186394066377,0.0693790197002,1,0.7,10,20,12,2,20,4.97377168841e-05,4.47639451957e-06,4.97377168841e-05,0.000523206557495,0.000598525852516,0.000525448094053,4.97377168841e-05,4.47639451957e-06,4.97377168841e-05,0.278896819717,0.505622563179,0.213625532943
92,0.0382676334033,0.324628446505,0.0412507665809,0.0285652798712,0.0483844740674,0.00402158747262,0.0700159932509,0.0446956829642,0.0765059233132,0.0232548110066,0.209926820823,0.0904825807414,1,0.7,10,20,12,2,20,0.000182089547661,1.63880592895e-05,0.000182089547661,0.00556847163849,0.000606103016979,0.000774860220379,0.000182089547661,1.63880592895e-05,0.000182089547661,0.277007918919,0.502834103266,0.21244740863
93,0.0309247730489,0.0371786049897,0.158370212173,0.0576608837787,0.319064411972,0.150088942153,0.0137414270358,0.00471282795644,0.0694571708787,0.0181123034078,0.123154033775,0.0175344088297,1,0.7,10,20,12,2,20,0.000581439565647,5.23295609082e-05,0.000581439565647,0.0108136631578,0.00698096877251,0.00261724586136,0.000581439565647,5.23295609082e-05,0.000581439565647,0.272724321414,0.495208002397,0.209225381013
94,0.0790957638485,0.289510903876,0.024950982218,0.0779761108046,0.161621794523,0.0913869329272,0.006195708545,0.0172379736247,0.0255327210178,0.189967181355,0.0327911024796,0.0037328247803,1,0.7,10,20,12,2,20,0.000417595062373,3.75835556135e-05,0.000417595062373,0.0141556776035,0.00372110663752,0.002733053426,0.000417595062373,3.75835556135e-05,0.000417595062373,0.273120050463,0.495272101588,0.209252462921
95,0.0646077322812,0.0888852059054,0.0647326223134,0.113968574622,0.169020225137,0.0111037346693,0.191793548567,0.0470324461139,0.00944596518893,0.0314006634717,0.110806844397,0.0972024373331,1,0.7,10,20,12,2,20,1.49845203214e-05,1.34860682893e-06,1.49845203214e-05,0.00030495462263,0.00017596472844,4.1503206295e-05,1.49845203214e-05,1.34860682893e-06,1.49845203214e-05,0.279065840965,0.506396556192,0.213952544991
96,0.154422898462,0.0745450710449,0.034228960125,0.0318408443372,0.00604634334751,0.170502207347,0.0147471194397,0.00473090918497,0.227133026929,0.0197471720279,0.219091875045,0.0429635727105,1,0.7,10,20,12,2,20,0.000367174664823,3.3045719834e-05,0.000367174664823,0.0290861911348,0.00272559709945,0.00252941072621,0.000367174664823,3.3045719834e-05,0.000367174664823,0.269342737702,0.48842268769,0.206358585549
97,0.245731847096,0.000294010714957,0.0448952747258,0.00227841442543,0.0687138161826,0.142049751847,0.0258507115433,0.0692867194598,0.0883001250271,0.109598536465,0.0605859467239,0.14241484579,1,0.7,10,20,12,2,20,0.000177225604746,1.59503044271e-05,0.000177225604746,0.00557343604451,0.00284410282859,0.000676210210551,0.000177225604746,1.59503044271e-05,0.000177225604746,0.276354878643,0.501800048679,0.212010520567
98,0.0912948961919,0.00172683484058,0.0400867075431,0.027453900385,0.0784424139685,0.0551751319886,0.0636409186385,0.0224969909198,0.206413991273,0.349738057149,0.00242758444217,0.0611025726601,1,0.7,10,20,12,2,20,5.68777037583e-05,5.11899333824e-06,5.68777037583e-05,0.000292450478637,0.000424140470566,0.000119404591479,5.68777037583e-05,5.11899333824e-06,5.68777037583e-05,0.278985527075,0.506109475278,0.213831253305
99,0.0614495534375,0.274526795682,0.0609679996179,0.0268164726154,0.107157734952,0.0281557948238,0.0405660532908,0.0675979314035,0.0263455815042,0.180570219192,0.0640281511606,0.0618177123194,1,0.7,10,20,12,2,20,0.000247747219567,2.22972497611e-05,0.000247747219567,0.00807990819974,0.00240158491554,0.00161284330742,0.000247747219567,2.22972497611e-05,0.000247747219567,0.275392130632,0.500160245741,0.211317703826
100,0.0666556230719,0.0311375356805,0.0208647828329,0.00276336642278,0.0775915346614,0.0553907990898,0.316343850665,0.0124568755654,0.0438576925683,0.124498294433,0.0385012961699,0.209938348839,1,0.7,10,20,12,2,20,9.86080530862e-05,8.87472477776e-06,9.86080530862e-05,0.00828259167377,0.000836270864019,0.000894493730557,9.86080530862e-05,8.87472477776e-06,9.86080530862e-05,0.27635205759,0.501386576084,0.211835828395
101,0.138138715422,0.0804878051113,0.0309107118141,0.0107190520636,0.0159376928364,0.074819115007,0.192914768557,0.0655441725525,0.00199837893178,0.161747955951,0.0864946101471,0.140287021606,1,0.7,10,20,12,2,20,2.9358377864e-05,2.64225400776e-06,2.9358377864e-05,0.000355525517961,0.000571534508449,5.11167826835e-05,2.9358377864e-05,2.64225400776e-06,2.9358377864e-05,0.278971761757,0.506100065669,0.213827277745
102,0.367761166395,0.00749818213451,0.0580173729056,0.00923937319043,0.147654850936,0.0192012736179,0.200284010723,0.0236492635536,0.0179306757833,0.132974546934,0.0143615602155,0.00142772361164,1,0.7,10,20,12,2,20,0.000624410617373,5.61969555635e-05,0.000624410617373,0.0164640966761,0.0104875557276,0.00159428064249,0.000624410617373,5.61969555635e-05,0.000624410617373,0.270526134535,0.490908890009,0.207409006029
103,0.355082410549,0.0916946342132,0.00262630088304,0.0156030471635,0.0220360004456,0.107800923,0.0113979312287,0.0785411165903,0.130274826273,0.0404128712974,0.131153432372,0.0133765059849,1,0.7,10,20,12,2,20,0.000330726581326,2.97653923193e-05,0.000330726581326,0.0147756199263,0.00173392762027,0.00288727742623,0.000330726581326,2.97653923193e-05,0.000330726581326,0.273224379493,0.496306754604,0.20968960382
104,0.0550691759316,0.0119848761006,0.0430784767487,0.165568272787,0.00374057663784,0.0111466021253,0.201532690759,0.0386460676426,0.0535804600158,0.0392422291432,0.0511271615362,0.325283410572,1,0.7,10,20,12,2,20,0.000107822464656,9.70402181901e-06,0.000107822464656,0.00343398905282,0.000863526843558,0.000278385191479,0.000107822464656,9.70402181901e-06,0.000107822464656,0.277916615537,0.504082098751,0.212974686722
105,0.0943008750788,0.0561065231352,0.0304156004148,0.0383658254739,0.0312220941556,0.214686174146,0.0832004888846,0.106435425897,0.0823759513754,0.134153328706,0.0301136230163,0.0986240897161,1,0.7,10,20,12,2,20,1.39184645961e-07,1.25266181365e-08,1.39184645961e-07,5.47633726822e-06,8.06516411864e-07,5.70116390797e-07,1.39184645961e-07,1.25266181365e-08,1.39184645961e-07,0.279222442825,0.506692528937,0.214077593476
106,0.14445968297,0.259732136617,0.0700936354399,0.0770755404781,0.0470218001759,0.00674806729701,0.0840658136241,0.185718995666,0.0705505235751,0.0357153894624,0.00063794396401,0.0181804707297,1,0.7,10,20,12,2,20,5.88853741466e-06,5.29968367319e-07,5.88853741466e-06,5.14231500775e-05,6.77620733819e-05,1.16154277451e-05,5.88853741466e-06,5.29968367319e-07,5.88853741466e-06,0.279044567003,0.506713545349,0.21408647291
107,0.0340558599369,0.0373977153793,0.0206895153224,0.0192156828482,0.0540453555927,0.0287029968037,0.0185295953676,0.185993472475,0.258871468414,0.0344560047621,0.123981631039,0.184060702059,1,0.7,10,20,12,2,20,9.71684357449e-05,8.74515921704e-06,9.71684357449e-05,0.00124186659275,0.000615512348429,0.000141041449073,9.71684357449e-05,8.74515921704e-06,9.71684357449e-05,0.278490248094,0.505522086084,0.21358308137
108,0.0109023945762,0.00440551499436,0.411903524613,0.0189494742025,0.00456188456306,0.00335124776602,0.0150981838429,0.0824043413536,0.0106087763493,0.143593013531,0.0998140930238,0.194407551184,1,0.7,10,20,12,2,20,4.28478920165e-05,3.85631028148e-06,4.28478920165e-05,0.000509532572654,0.000598004556574,0.000278511895189,4.28478920165e-05,3.85631028148e-06,4.28478920165e-05,0.278928162675,0.505804347354,0.213702336757
109,0.392648944695,0.0125258645923,0.020521779374,0.195411784367,0.0215145075695,0.0520312286812,0.0630832694409,0.0620351074813,0.0268261267995,0.093490589988,0.00256738140277,0.0573434156078,1,0.7,10,20,12,2,20,0.000732071021751,6.58863919576e-05,0.000732071021751,0.0173705500565,0.00845187327255,0.00324386187007,0.000732071021751,6.58863919576e-05,0.000732071021751,0.270355099055,0.490346965817,0.207171593058
110,0.176902095114,0.0239522357367,0.0434061283155,0.0119105531994,0.268248302261,0.0824045745276,0.0998036437605,0.0143333274962,0.0723388380257,0.109227942557,0.0159498353614,0.0815225236451,1,0.7,10,20,12,2,20,0.000350809334291,3.15728400862e-05,0.000350809334291,0.017790803697,0.00786355055934,0.00179106047368,0.000350809334291,3.15728400862e-05,0.000350809334291,0.271241735666,0.4919834563,0.207863010287
111,0.0408137877986,0.0801600991426,0.290369410245,0.17821018236,0.0899275982907,0.00521841410513,0.00822003783708,0.0373469436811,0.0118907843619,0.16397353648,0.0674281233792,0.0264410823193,1,0.7,10,20,12,2,20,0.000147461686033,1.3271551743e-05,0.000147461686033,0.00843397441278,0.00297048293539,0.000909159718669,0.000147461686033,1.3271551743e-05,0.000147461686033,0.275517328768,0.500212769292,0.211339895026
112,0.0491676418562,0.0979886495779,0.380301623855,0.0718757647344,0.0441250840354,0.0224236159373,0.0483380101475,0.0692940714946,0.078803436397,0.00504675342765,0.104037714569,0.0285976339685,1,0.7,10,20,12,2,20,0.000311859467827,2.80673521044e-05,0.000311859467827,0.018272757711,0.00445963423705,0.00192623555192,0.000311859467827,2.80673521044e-05,0.000311859467827,0.271445537618,0.493913716911,0.208678545395
113,0.0376763674727,0.242704102609,0.0492334864776,0.0631720643316,0.00441975443438,0.0995439444903,0.00966870449834,0.182955031203,0.0280614061702,0.0755480938838,0.20269901896,0.0043180254696,1,0.7,10,20,12,2,20,0.000234287232899,2.10858509609e-05,0.000234287232899,0.0114361170719,0.0033103732248,0.00114469703264,0.000234287232899,2.10858509609e-05,0.000234287232899,0.274616516339,0.498075905587,0.210437070111
114,0.0562263709948,0.0707675012967,0.193288637551,0.179776734461,0.00936471973407,0.225230078181,0.0451969892192,0.134502588857,0.00883745853102,0.0534697189488,0.0157423510522,0.00759685117435,1,0.7,10,20,12,2,20,0.00201630769002,0.000181467692102,0.00201630769002,0.0204737802977,0.0116355595141,0.0127769593496,0.00201630769002,0.000181467692102,0.00201630769002,0.264338956564,0.479681250004,0.202665328127
115,0.0798126189798,0.0110090105888,0.205035899874,0.0610371394595,0.0727822086663,0.000163538681876,0.0429616658606,0.205981787854,0.0351766036495,0.199030622826,0.0211967737106,0.0658121298481,1,0.7,10,20,12,2,20,0.000119467776786,1.07520999107e-05,0.000119467776786,0.00766813488653,0.000752849364582,0.0015611800894,0.000119467776786,1.07520999107e-05,0.000119467776786,0.276048982423,0.50156026568,0.21190921225
116,0.0871313474774,0.00820694074613,0.195786342317,0.103301871479,0.000763571331703,0.000980849474122,0.0252921319329,0.0140940617048,0.0789462835944,0.34317691344,0.0894839998231,0.0528356866797,1,0.7,10,20,12,2,20,4.58476029082e-05,4.12628426174e-06,4.58476029082e-05,0.00207171611891,0.000711748567007,0.000257215754472,4.58476029082e-05,4.12628426174e-06,4.58476029082e-05,0.278355699142,0.50503478203,0.213377195408
117,0.0680839314344,0.0521004925994,0.222054802271,0.00199367328655,0.110296209793,0.246534690652,0.057896380841,0.176636403737,0.0153341634702,0.0344353432998,0.00753894878551,0.0070949598293,1,0.7,10,20,12,2,20,0.00340223384601,0.000306201046141,0.00340223384601,0.117478547871,0.0476835537567,0.0180383796546,0.00340223384601,0.000306201046141,0.00340223384601,0.224174352746,0.406610775744,0.171793052752
118,0.226534722986,0.0711887450528,0.0447332597722,0.0217337187731,0.0325653207165,0.150292333881,0.0327145993647,0.134590720944,0.0318151274548,0.190979091851,0.0145015789878,0.0483507802162,1,0.7,10,20,12,2,20,0.000175804920177,1.58224428159e-05,0.000175804920177,0.00266558585288,0.00348236643408,0.000819597845625,0.000175804920177,1.58224428159e-05,0.000175804920177,0.277134217399,0.502751049492,0.21241231841
119,0.00154518949449,0.0636962429941,0.171849813486,0.132763434837,0.0878661469288,0.0218490571512,0.0619873922705,0.126083035178,0.199716463428,0.00503045414367,0.0988840381353,0.0287287319522,1,0.7,10,20,12,2,20,0.000385611942834,3.4705074855e-05,0.000385611942834,0.0322146526389,0.00539473695008,0.00251699623952,0.000385611942834,3.4705074855e-05,0.000385611942834,0.267434850317,0.485642816122,0.205184089811
120,0.0321536935238,0.0479211454599,0.0595156476478,0.0908236652951,0.175886944231,0.221656411967,0.0414226199023,0.0989624086576,0.094205100345,0.0444678661866,0.0642536874331,0.028730809351,1,0.7,10,20,12,2,20,0.00127244362,0.0001145199258,0.00127244362,0.0571959322581,0.00659481561866,0.00476336114983,0.00127244362,0.0001145199258,0.00127244362,0.258773623869,0.469141267327,0.198212185446
121,0.10012581515,0.0501906141518,0.0561865309755,0.11961136283,0.0370244590756,0.0102453356324,0.259952956778,0.0371159487859,0.022534968637,0.23054095835,0.0542320671753,0.0222389824584,1,0.7,10,20,12,2,20,0.000116537669562,1.04883902606e-05,0.000116537669562,0.0076767093225,0.0010162884109,0.000843774393703,0.000116537669562,1.04883902606e-05,0.000116537669562,0.276528684687,0.501544756223,0.211902659504
122,0.10229301307,0.0881019134265,0.157762409522,0.137948582976,0.0351886533825,0.0575135371941,0.0661741620228,0.0726902076132,0.0177674031621,0.0204732713907,0.123295901204,0.120790945036,1,0.7,10,20,12,2,20,8.04267571724e-05,7.23840814552e-06,8.04267571724e-05,0.00132320777594,0.00279050322589,0.000115459436085,8.04267571724e-05,7.23840814552e-06,8.04267571724e-05,0.27793577337,0.504392880385,0.213105991963
123,0.25825276338,0.0726471330094,0.0218197948896,0.0592104271262,0.0390100827523,0.046589321466,0.18453072176,0.15126692869,0.0289410855124,0.012156093984,0.0747692762204,0.05080637121,1,0.7,10,20,12,2,20,0.00072508614047,6.52577526423e-05,0.00072508614047,0.0160208410141,0.0094333906094,0.00580262793802,0.00072508614047,6.52577526423e-05,0.00072508614047,0.269558148227,0.489387790611,0.206766341533
124,0.00943293211601,0.057202709746,0.200708815476,0.0366279965922,0.0332604569839,0.0820760744176,0.0115397581271,0.139900016009,0.0317471371978,0.239833497185,0.118225925876,0.0394446802729,1,0.7,10,20,12,2,20,4.92505531793e-05,4.43254978613e-06,4.92505531793e-05,0.0025139928295,0.00152782836588,0.000544154870472,4.92505531793e-05,4.43254978613e-06,4.92505531793e-05,0.278011463618,0.504180452024,0.21301624098
125,0.0786071628799,0.018741965541,0.0947494928438,0.0754854123978,0.101997019528,0.0665525677957,0.056388868096,0.0683822588349,0.26915421924,0.0498585133364,0.069294914187,0.0507876053194,1,0.7,10,20,12,2,20,0.000362195558139,3.25976002325e-05,0.000362195558139,0.0112245338399,0.00176174768879,0.00144902260864,0.000362195558139,3.25976002325e-05,0.000362195558139,0.274571408562,0.498755226621,0.210724083247
126,0.0275740399003,0.263447501128,0.0268738137557,0.00894909545806,0.0115942533752,0.10582943417,0.0510288501354,0.146580355879,0.0542960072989,0.0357609803825,0.158811714084,0.109253954433,1,0.7,10,20,12,2,20,0.000178881238599,1.60993114739e-05,0.000178881238599,0.00424891377784,0.00194536554435,0.00152814226234,0.000178881238599,1.60993114739e-05,0.000178881238599,0.276999129102,0.502306309832,0.212224415904
127,0.0720961176025,0.227041911396,0.0213383515447,0.0186949751055,0.125311975911,0.0107330627477,0.149232855421,0.0713509599293,0.0205304598301,0.0474862492499,0.128353431911,0.107829649351,1,0.7,10,20,12,2,20,0.000254583491177,2.29125142059e-05,0.000254583491177,0.00724376854994,0.00188692696183,0.00212000545879,0.000254583491177,2.29125142059e-05,0.000254583491177,0.275783494112,0.500458099068,0.211443546856
128,0.177682403087,0.00994292543437,0.0111329188692,0.0693582285739,0.0416703576386,0.0203374496863,0.048795890093,0.040019365039,0.149432735366,0.0889351684055,0.0292227376728,0.313469820134,1,0.7,10,20,12,2,20,3.25100458315e-05,2.92590412483e-06,3.25100458315e-05,0.000440682754243,0.000995144568786,0.000113103386437,3.25100458315e-05,2.92590412483e-06,3.25100458315e-05,0.278629478827,0.505930192248,0.213755506225
129,0.0781438909276,0.121341610494,0.203000179261,0.020884925925,0.0778126050753,0.0935362373974,0.177871568363,0.0218839597865,0.0096308247155,0.015012155048,0.0015370600401,0.179344982967,1,0.7,10,20,12,2,20,1.2114979774e-05,1.09034817966e-06,1.2114979774e-05,2.75699486397e-05,0.000258053504637,2.35632641505e-05,1.2114979774e-05,1.09034817966e-06,1.2114979774e-05,0.278894211298,0.50667554402,0.214070417349
130,0.0873098247456,0.0717940460165,0.0794060627901,0.00176855436313,0.0238380154852,0.00147308284079,0.015557321214,0.0815207925509,0.0689115073886,0.0186517094184,0.100215266612,0.449553816575,1,0.7,10,20,12,2,20,5.08221216416e-05,4.57399094774e-06,5.08221216416e-05,0.00120584503987,0.000572802615908,0.000127603974265,5.08221216416e-05,4.57399094774e-06,5.08221216416e-05,0.27831702282,0.50584484294,0.213719446142
131,0.0158592701378,0.0847622348576,0.0908369239111,0.169607451912,0.145753704085,0.0368377776733,0.0210435108159,0.0905342585095,0.0538470138135,0.00713977628207,0.128914041981,0.154864036022,1,0.7,10,20,12,2,20,1.49307166325e-07,1.34376449693e-08,1.49307166325e-07,7.66021780917e-06,1.03792594432e-06,1.01560292466e-06,1.49307166325e-07,1.34376449693e-08,1.49307166325e-07,0.279221504681,0.506691147605,0.214077009863
132,0.0167811394695,0.023874342976,0.0446623857641,0.0899086454356,0.23467370188,0.285970344682,0.0828290933429,0.0549109896771,0.0271002346959,0.034589686094,0.0519203733833,0.0527790625992,1,0.7,10,20,12,2,20,0.000531486515788,4.78337864209e-05,0.000531486515788,0.0139002742141,0.0123561884839,0.0037643408435,0.000531486515788,4.78337864209e-05,0.000531486515788,0.270222827251,0.490358351896,0.207176403676
133,0.433492601291,0.0774797565355,0.0217895719886,0.0838296689466,0.0259231073086,0.000185263968597,0.0257978626839,0.037980192125,0.0480052662209,0.21353935892,0.0248820896515,0.00709526036018,1,0.7,10,20,12,2,20,0.000130239470545,1.17215523491e-05,0.000130239470545,0.0126074316159,0.0020610767236,0.000691018068878,0.000130239470545,1.17215523491e-05,0.000130239470545,0.274644311644,0.498735860078,0.210715900883
134,0.0832403870476,0.0213953757771,0.311789987072,0.0319478822429,0.144628315696,0.157457973617,0.0793043014915,0.0732097927009,0.0508134668457,0.0313690737152,0.0126317664307,0.00221167736355,1,0.7,10,20,12,2,20,0.00120894512185,0.000108805060967,0.00120894512185,0.0275544043839,0.0417607677323,0.00285867967326,0.00120894512185,0.000108805060967,0.00120894512185,0.257618485685,0.46759527024,0.197559001676
135,0.0712943265145,0.0814582706424,0.108977766257,0.100557096604,0.0512953126971,0.0864589546217,0.328520056411,0.00760318655896,0.00308061679514,0.116027498196,0.0337469843281,0.010979930374,1,0.7,10,20,12,2,20,1.97467263706e-06,1.77720537335e-07,1.97467263706e-06,1.31922645614e-05,3.27286986246e-05,3.99671000694e-06,1.97467263706e-06,1.77720537335e-07,1.97467263706e-06,0.279165845051,0.506696648959,0.214079334185
136,0.0359601973617,0.0699393813365,0.0782450162607,0.126388435663,0.0643519389256,0.0709526849413,0.000214842445839,0.146093264172,0.0185709567762,0.172137342592,0.0163155923799,0.200830347145,1,0.7,10,20,12,2,20,0.000130260526173,1.17234473556e-05,0.000130260526173,0.00621812658403,0.00260285184073,0.000514191867165,0.000130260526173,1.17234473556e-05,0.000130260526173,0.276605346883,0.501592262795,0.211922731031
137,0.0709950573968,0.0495274357769,0.150169768912,0.00396789513443,0.250074656647,0.16942151046,0.0956030060774,0.012117501095,0.077128765174,0.0428935145193,0.00260381857121,0.075497070235,1,0.7,10,20,12,2,20,0.000764637709438,6.88173938494e-05,0.000764637709438,0.010875480562,0.00850939710816,0.0071142951848,0.000764637709438,6.88173938494e-05,0.000764637709438,0.270883060843,0.491684766732,0.207736813944
138,0.100517314511,0.0495118066252,0.186181049616,0.00463243767366,0.00590216444593,0.0911629687203,0.00604849877974,0.0434773396822,0.0175926410078,0.13538435908,0.0515068589041,0.308082560954,1,0.7,10,20,12,2,20,7.77599719072e-05,6.99839747164e-06,7.77599719072e-05,0.00472754013294,0.0012220213603,0.000363784316538,7.77599719072e-05,6.99839747164e-06,7.77599719072e-05,0.277246918704,0.503419823412,0.212694875392
139,0.115426989693,0.0119457157906,0.0200842681201,0.0491050562173,0.0116223362661,0.0944843493227,0.127090010394,0.107307543246,0.00989661608282,0.124133644355,0.0186572951264,0.310246175386,1,0.7,10,20,12,2,20,1.46386657354e-05,1.31747991619e-06,1.46386657354e-05,0.000625710461703,0.000206248731711,9.69336813189e-05,1.46386657354e-05,1.31747991619e-06,1.46386657354e-05,0.278756266876,0.506329455625,0.213924195001
140,0.0425013699981,0.0116930587452,0.053016229954,0.159824650131,0.0906915590256,0.072807981177,0.254659457489,0.0994666291337,0.0662208376516,0.0178304433125,0.0489210301697,0.0823667532131,1,0.7,10,20,12,2,20,0.000754241772408,6.78817595167e-05,0.000754241772408,0.00638944425918,0.00418263719731,0.00231635564607,0.000754241772408,6.78817595167e-05,0.000754241772408,0.274782499637,0.498542237365,0.210634095287
141,0.0193489605433,0.101203426455,0.0800121880062,0.0499598711453,0.0517562283002,0.0163221505082,0.434770458712,0.115360961107,0.00617122144207,0.0201440738341,0.0814701567617,0.0234803031848,1,0.7,10,20,12,2,20,0.000394091334691,3.54682201222e-05,0.000394091334691,0.0266222197978,0.00445943709124,0.00565511274413,0.000394091334691,3.54682201222e-05,0.000394091334691,0.268284251728,0.487403639269,0.205928037591
142,0.00685210060524,0.142221378636,0.252666787254,0.0130658041316,0.209297104096,0.0855895824319,0.0252658005646,0.103269829874,0.0364136504368,0.000943723332674,0.0417936933782,0.082620545258,1,0.7,10,20,12,2,20,0.000739193466763,6.65274120087e-05,0.000739193466763,0.0327260725829,0.00815407289631,0.0118706795127,0.000739193466763,6.65274120087e-05,0.000739193466763,0.263720812399,0.478339918396,0.202098615522
143,0.1176362818,0.131634453081,0.0683671539421,0.00688182549597,0.212093028084,0.00278515270832,0.0285152348361,0.14750255308,0.111212482239,0.042471225575,0.0738425817536,0.0570580274055,1,0.7,10,20,12,2,20,0.000207372832417,1.86635549175e-05,0.000207372832417,0.0103325608526,0.00477893682306,0.000542981377649,0.000207372832417,1.86635549175e-05,0.000207372832417,0.274441649238,0.498444325672,0.210592727597
144,0.0435196505286,0.0280586378487,0.0783199595315,0.109873475356,0.12945793654,0.00860827300911,0.123222058414,0.121551551306,0.0121574934232,0.256878538564,0.0634297463481,0.0249226791309,1,0.7,10,20,12,2,20,0.000110706680003,9.96360120031e-06,0.000110706680003,0.00581302441069,0.000951188568774,0.000569376536132,0.000110706680003,9.96360120031e-06,0.000110706680003,0.277070840202,0.502729572134,0.212403244226
145,0.00728533632897,0.152670522613,0.0214243528017,0.0577922751526,0.0107757807887,0.150602093925,0.118986380608,0.159462502936,0.0871610330161,0.080801665686,0.0755454346833,0.0774926214603,1,0.7,10,20,12,2,20,0.000172422437284,1.55180193556e-05,0.000172422437284,0.017808115478,0.00183735918332,0.00108143606004,0.000172422437284,1.55180193556e-05,0.000172422437284,0.272963430855,0.496020339287,0.209568593349
146,0.179971425616,0.0695977478785,0.00550052657416,0.0564766873334,0.0564891376746,0.388584970721,0.0499597701581,0.0491045615256,0.0611712509859,0.0572465215836,0.012868652377,0.0130287475715,1,0.7,10,20,12,2,20,2.27491198851e-05,2.04742078966e-06,2.27491198851e-05,0.0018833023487,0.000341316786757,0.000112775303478,2.27491198851e-05,2.04742078966e-06,2.27491198851e-05,0.278705381193,0.505351235886,0.213510897162
147,0.0826024009472,0.0684451286971,0.0338383040275,0.054486937519,0.0405276345472,0.0614112680457,0.3474877343,0.0278693750611,0.173364568393,0.019561622607,0.0399396045131,0.0504654213417,1,0.7,10,20,12,2,20,0.000917355769006,8.25620192105e-05,0.000917355769006,0.0211023204688,0.00991521449908,0.00658031946186,0.000917355769006,8.25620192105e-05,0.000917355769006,0.267759170376,0.485629826418,0.205178601662
148,0.0126208693527,0.181457492176,0.150882378796,0.187275885793,0.0296056232725,0.100638677638,0.0379323599166,0.100077310267,0.0824785435181,0.0238465341399,0.0235058764952,0.0696784486349,1,0.7,10,20,12,2,20,0.00120928170831,0.000108835353748,0.00120928170831,0.037533443772,0.00560369249689,0.0119605551502,0.00120928170831,0.000108835353748,0.00120928170831,0.262471710497,0.476186854512,0.201188946031
149,0.0753764698021,0.0787847661339,0.12214675112,0.0607020912102,0.0677014423767,0.0747866603193,0.0177533231157,0.0639708493838,0.0370148800018,0.115955566044,0.111279643321,0.174527557172,1,0.7,10,20,12,2,20,6.88495672325e-05,6.19646105092e-06,6.88495672325e-05,0.00127833541344,0.000343384055224,0.00108393174553,6.88495672325e-05,6.19646105092e-06,6.88495672325e-05,0.278578738559,0.505045918478,0.213381900557
150,0.291613750394,0.0877543988368,0.0630890680855,0.225572132661,0.00541518403777,0.0788343247271,0.0652584167254,0.0426809186673,0.0471316676839,0.0187311433066,0.0334681925148,0.0404508023593,1,0.7,10,20,12,2,20,0.0003826153381,3.4435380429e-05,0.0003826153381,0.00582995799907,0.00647675861771,0.00153101297851,0.0003826153381,3.4435380429e-05,0.0003826153381,0.274809942226,0.49894762465,0.210805371415
151,0.194520098956,0.011525404951,0.0384990805111,0.135513018754,0.12385653252,0.0768754979476,0.00788980493308,0.234648382376,0.0524119204387,0.0875787771848,0.00169129174187,0.0349901896859,1,0.7,10,20,12,2,20,0.000833634821562,7.50271339406e-05,0.000833634821562,0.0129016680961,0.0113746734608,0.00215242557239,0.000833634821562,7.50271339406e-05,0.000833634821562,0.27097329046,0.491468083555,0.207645265302
152,0.0821599792661,0.0126209703767,0.0835794912824,0.111918849256,0.0432730783162,0.0152790195711,0.0449188194462,0.0488704825774,0.133269190212,0.0803967345192,0.257605443055,0.0861079421215,1,0.7,10,20,12,2,20,0.000126222475061,1.13600227555e-05,0.000126222475061,0.00947604670469,0.00157975806283,0.00152022369079,0.000126222475061,1.13600227555e-05,0.000126222475061,0.27562570931,0.500014518303,0.211256133983
153,0.0845329737124,0.188118756796,0.134482199945,0.0461516710731,0.133358575572,0.224225222206,0.000109946584251,0.0179825316382,0.0169620536533,0.017603099359,0.0709306489256,0.0655423205338,1,0.7,10,20,12,2,20,3.37881625868e-06,3.04093463281e-07,3.37881625868e-06,1.26151151219e-05,1.79679286381e-05,4.57118385894e-06,3.37881625868e-06,3.04093463281e-07,3.37881625868e-06,0.27943471622,0.506513888295,0.214002117805
154,0.0384140632586,0.0773148549038,0.00814777734758,0.0338618601278,0.129188017746,0.0555396033558,0.0417002955057,0.237771715493,0.0971444282811,0.0811503312287,0.128439041551,0.071328011201,1,0.7,10,20,12,2,20,0.000132036899635,1.18833209672e-05,0.000132036899635,0.0100526497588,0.000439109858619,0.00123938902754,0.000132036899635,1.18833209672e-05,0.000132036899635,0.275808514739,0.50046286283,0.211445559546
155,0.0260635682304,0.0423999447471,0.296445553477,0.24115021721,0.0365546504019,0.0270373743068,0.0210941697396,0.0972572919546,0.00637011637667,0.104452036682,0.00466449691859,0.096510579956,1,0.7,10,20,12,2,20,0.000489773330589,4.4079599753e-05,0.000489773330589,0.0355395312084,0.0072530597831,0.00295852969693,0.000489773330589,4.4079599753e-05,0.000489773330589,0.265935832265,0.482436410914,0.203829383611
156,0.169021353053,0.129978718683,0.152714356371,0.050409371675,0.0394709275458,0.046033854086,0.00527152784594,0.0201482425857,0.0787963974728,0.0171850170166,0.0100985756281,0.280871658036,1,0.7,10,20,12,2,20,0.00027181446625,2.44633019625e-05,0.00027181446625,0.0167099791772,0.00318990137022,0.00128988696224,0.00027181446625,2.44633019625e-05,0.00027181446625,0.273034600435,0.495352862978,0.209286584608
157,0.137343266669,0.0894485037224,0.00243129674579,0.0659194980674,0.0521799686216,0.0769134750888,0.236943657758,0.108833526217,0.0853766721636,0.0133008782159,0.0955455151788,0.0357637415517,1,0.7,10,20,12,2,20,0.000467519276723,4.20767349051e-05,0.000467519276723,0.0187232788976,0.00189845480363,0.00295671525532,0.000467519276723,4.20767349051e-05,0.000467519276723,0.271873989124,0.493914468431,0.208678862912
158,0.00852899149515,0.391849706701,0.00273609102897,0.0342642922091,0.0644374642719,0.0107457426866,0.0386174590878,0.155694228347,0.0102725701045,0.026656772114,0.0292734938415,0.226923188113,1,0.7,10,20,12,2,20,0.000153303656922,1.3797329123e-05,0.000153303656922,0.00412281214374,0.00136599352223,0.000616482745974,0.000153303656922,1.3797329123e-05,0.000153303656922,0.277444173555,0.503205433214,0.212604295533
159,0.0309582136804,0.051914580959,0.117976758761,0.00386970132475,0.00966426907006,0.26529606786,0.0556576109564,0.0114678768448,0.000755734937438,0.0720377990678,0.33010249017,0.0502988963683,1,0.7,10,20,12,2,20,4.68528544992e-05,4.21675690493e-06,4.68528544992e-05,0.000564492885609,0.000486496039644,0.000225627479032,4.68528544992e-05,4.21675690493e-06,4.68528544992e-05,0.278771037294,0.505979965814,0.213776535556
160,0.042873299689,0.120612787615,0.111338541277,0.108739973243,0.00413571366756,0.0679634522811,0.0218841640901,0.0851719085097,0.221929488499,0.130861970154,0.0452627788635,0.0392259221111,1,0.7,10,20,12,2,20,0.000211523880134,1.90371492121e-05,0.000211523880134,0.00507359410857,0.00207302417081,0.000340997342925,0.000211523880134,1.90371492121e-05,0.000211523880134,0.276762671526,0.502541682272,0.21232386076
161,0.0371526642731,0.0375392238724,0.085110565924,0.0497229617452,0.018867928093,0.166982472704,0.0406992817662,0.132946512555,0.0165919261792,0.0959884890718,0.0311231772595,0.287274796557,1,0.7,10,20,12,2,20,2.54299514373e-06,2.28869562936e-07,2.54299514373e-06,9.49688327867e-06,9.76090602474e-06,5.70189866298e-05,2.54299514373e-06,2.28869562936e-07,2.54299514373e-06,0.279388196948,0.506520138176,0.21400475838
162,0.0939187180891,0.0839681140789,0.0687800607374,0.165714787333,0.0699133023505,0.0993468597208,0.150276106721,0.102582896737,0.0464986950355,0.0261132997661,0.0677532211286,0.0251339383024,1,0.7,10,20,12,2,20,1.93426002158e-06,1.74083401942e-07,1.93426002158e-06,1.4042908795e-05,8.2866157729e-06,1.07567706734e-05,1.93426002158e-06,1.74083401942e-07,1.93426002158e-06,0.279314238043,0.506604281515,0.21404030894
163,0.0867489905931,0.175688030735,0.0180272860796,0.160828574041,0.0386590580265,0.0185239334804,0.0615939478833,0.165893932221,0.0774035496513,0.0660355218676,0.0765369874484,0.0540601879731,1,0.7,10,20,12,2,20,0.000112167154627,1.00950439165e-05,0.000112167154627,0.0141184931324,0.00157943768829,0.00234041381847,0.000112167154627,1.00950439165e-05,0.000112167154627,0.274043272239,0.497328312418,0.210121211997
164,0.0500809369129,0.124954217589,0.00338403456386,0.108077680513,0.028598871224,0.00439851352595,0.134763594342,0.137261393937,0.136487724469,0.0252381383717,0.114624745878,0.132130148674,1,0.7,10,20,12,2,20,2.62169724883e-06,2.35952752394e-07,2.62169724883e-06,6.79428419983e-06,1.43048013655e-05,1.74218100055e-06,2.62169724883e-06,2.35952752394e-07,2.62169724883e-06,0.279360343658,0.506577051937,0.214028804444
165,0.0376730510713,0.0256949661689,0.00670002985583,0.017102123719,0.122661282581,0.123440280726,0.159802225223,0.0559434647077,0.0665702000686,0.162860547059,0.184643589528,0.0369082392919,1,0.7,10,20,12,2,20,8.41881189703e-05,7.57693070733e-06,8.41881189703e-05,0.00234570358056,0.00150839425986,0.00074156213208,8.41881189703e-05,7.57693070733e-06,8.41881189703e-05,0.277679638184,0.504304249917,0.21306854559
166,0.053214724474,0.0413229314318,0.19224228965,0.151158281029,0.0871809814853,0.164480477437,0.143130521971,0.03042372627,0.0638612808711,0.0385756453733,0.0208873040591,0.0135218359487,1,0.7,10,20,12,2,20,0.00187087579167,0.00016837882125,0.00187087579167,0.0463939587351,0.00885947878651,0.0213946285479,0.00187087579167,0.00016837882125,0.00187087579167,0.255680522501,0.46386724121,0.195983909411
167,0.0692078839316,0.055498540774,0.194533987649,0.0180934074837,0.225787403219,0.161907366088,0.0188382527807,0.150090475043,5.1009739162e-05,0.00891013384018,0.084440790244,0.0126407492064,1,0.7,10,20,12,2,20,0.000664277752102,5.97849976892e-05,0.000664277752102,0.0324786879289,0.00424465565797,0.00272552415641,0.000664277752102,5.97849976892e-05,0.000664277752102,0.266915654907,0.485665234689,0.205193561656
168,0.098759563693,0.0543522020778,0.135415143886,0.046910796807,0.051843119075,0.0534059156035,0.164038487019,0.0114958181685,0.0185513070229,0.13868142106,0.0570096500518,0.169536575535,1,0.7,10,20,12,2,20,1.7798622179e-07,1.60187599611e-08,1.7798622179e-07,5.33582441559e-06,1.00485899853e-06,1.23034909624e-07,1.7798622179e-07,1.60187599611e-08,1.7798622179e-07,0.27922375632,0.506691765188,0.214077270792
169,0.0139681305637,0.0651672419634,0.391189510667,0.0191120571089,0.107137629484,0.0183532092508,0.10411433822,0.00956422210431,0.0517773091886,0.111475663186,0.0173241690329,0.0908165192306,1,0.7,10,20,12,2,20,1.14738813352e-05,1.03264932017e-06,1.14738813352e-05,2.3469553915e-05,4.453713423e-05,8.5250780599e-05,1.14738813352e-05,1.03264932017e-06,1.14738813352e-05,0.279199625035,0.506572342125,0.214026814548
170,0.0466822182343,0.00530772857127,0.0017373593857,0.0173945226564,0.0422113307274,0.112756351599,0.399652666217,0.14768497579,0.0369881260915,0.077643877435,0.0183835580438,0.0935572852483,1,0.7,10,20,12,2,20,0.000693682052142,6.24313846928e-05,0.000693682052142,0.0321678072731,0.00723473773619,0.00372082288745,0.000693682052142,6.24313846928e-05,0.000693682052142,0.266508020028,0.483282264392,0.204186756705
171,0.0561292095668,0.222009664669,0.0728470149994,0.0674315698115,0.106157771201,0.0920572949466,0.0434492820472,0.0614705578014,0.000590347990034,0.19028193902,0.078512951485,0.00906239646203,1,0.7,10,20,12,2,20,2.56151967521e-06,2.30536770768e-07,2.56151967521e-06,1.13010728575e-05,1.53824302508e-05,1.90438155626e-06,2.56151967521e-06,2.30536770768e-07,2.56151967521e-06,0.279086122709,0.50676596292,0.214108619334
172,0.0108122597779,0.052544056564,0.122087403953,0.182740955424,0.120856256009,0.0351474694921,0.026068523987,0.00501462143172,0.00654452536079,0.0157677415502,0.226131069728,0.196285116722,1,0.7,10,20,12,2,20,8.98143847117e-05,8.08329462405e-06,8.98143847117e-05,0.0011269429214,0.00113928139566,0.000212016458687,8.98143847117e-05,8.08329462405e-06,8.98143847117e-05,0.278531899058,0.505177107935,0.213437328103
173,0.0552436451037,0.0057982128596,0.229598267014,0.0292105851914,0.00412026279832,0.0960733522756,0.0259276040964,0.19752279438,0.013445008845,0.0422491996421,0.265674642247,0.035136425547,1,0.7,10,20,12,2,20,7.77032632039e-05,6.99329368835e-06,7.77032632039e-05,0.000692494806913,0.00109759609468,0.000301214996571,7.77032632039e-05,6.99329368835e-06,7.77032632039e-05,0.27869041887,0.505373269309,0.213520206283
174,0.06845861725,0.0430006824386,0.0763623766134,0.250560211079,0.0431890215247,0.0327048405247,0.0859842992863,0.237750704391,0.00334046300465,0.124697379983,0.012609170075,0.0213422338307,1,0.7,10,20,12,2,20,0.00065297833364,5.87680500276e-05,0.00065297833364,0.0437921217059,0.00617556835426,0.00769547337214,0.00065297833364,5.87680500276e-05,0.00065297833364,0.262459423594,0.476026687901,0.201121275638
175,0.0459957953004,0.00331193795843,0.315236676397,0.00424775263808,0.00991934515512,0.0228666759221,0.0884497748911,0.0491800215253,0.098033981156,0.048724688617,0.202534589852,0.111498760588,1,0.7,10,20,12,2,20,0.000114810250563,1.03329225507e-05,0.000114810250563,0.00395158688784,0.00090579918444,0.000130694847059,0.000114810250563,1.03329225507e-05,0.000114810250563,0.277686723437,0.503933419189,0.212911869607
176,0.121746189353,0.0498488791641,0.155804577868,0.160344991053,0.0287983220661,0.0137048763253,0.0408417111464,0.0942631655075,0.00635083599434,0.0249056251396,0.00941938647818,0.293971439905,1,0.7,10,20,12,2,20,1.18640589768e-07,1.06776530791e-08,1.18640589768e-07,9.27885455792e-06,1.96939324662e-06,7.65894117642e-07,1.18640589768e-07,1.06776530791e-08,1.18640589768e-07,0.279123669225,0.506758397691,0.214105423024
177,0.100522539263,0.186993662002,0.0476575576858,0.0658525512663,0.142548611667,0.00017574692258,0.234775640137,0.0294104954985,0.113048255248,0.0365736282528,0.0160136562878,0.0264276557693,1,0.7,10,20,12,2,20,0.0012714855532,0.000114433699788,0.0012714855532,0.0471291540179,0.00494788137144,0.0118871622505,0.0012714855532,0.000114433699788,0.0012714855532,0.259534121419,0.471836113412,0.199350757917
178,0.0835166700977,0.0303704772186,0.0924431052557,0.0813532081031,0.126856442763,0.109432896914,0.0437085587691,0.0513541100172,0.0628413660243,0.00737841384123,0.1556941736,0.155050577396,1,0.7,10,20,12,2,20,0.000118982586705,1.07084328034e-05,0.000118982586705,0.00646380191948,0.00161147580838,0.000422723228185,0.000118982586705,1.07084328034e-05,0.000118982586705,0.276500435161,0.502287674285,0.212216542385
179,0.113568313893,0.0765534226037,0.0963011070732,0.07812990835,0.0274655091045,0.0714471908918,0.00791510185702,0.0454277853687,0.280236245057,0.0269624432937,0.0763039727942,0.0996889997131,1,0.7,10,20,12,2,20,0.00043885034628,3.94965311652e-05,0.00043885034628,0.0118660652652,0.00467070902477,0.00267848847324,0.00043885034628,3.94965311652e-05,0.00043885034628,0.273406491076,0.495988647953,0.20955520376
180,0.0404893693798,0.218220413239,0.00596482398403,0.250431737397,0.0208830106745,0.0720002628557,0.0760616317241,0.0313528953758,0.0431321253485,0.0950544803256,0.118845889215,0.0275633604803,1,0.7,10,20,12,2,20,0.000334616431372,3.01154788235e-05,0.000334616431372,0.0143262015808,0.0060346612267,0.0020709082714,0.000334616431372,3.01154788235e-05,0.000334616431372,0.272571600215,0.49462069035,0.208977241673
181,0.0925474748524,0.00548571540745,0.113430805093,0.00137237940722,0.0188358087665,0.010807758227,0.000718695041182,0.113422634583,0.143212502843,0.0822181540489,0.204561044834,0.213387026896,1,0.7,10,20,12,2,20,4.13617834142e-05,3.72256050728e-06,4.13617834142e-05,0.00277458751105,0.000276362647263,0.000154826126872,4.13617834142e-05,3.72256050728e-06,4.13617834142e-05,0.27819673094,0.505043655901,0.213380944618
182,0.215580388495,0.0169166186069,0.143644583645,0.135349630893,0.0934696917393,0.0364672171203,0.0946249974129,0.0223237875827,0.0729598079531,0.0108253438734,0.0996138303142,0.0582241023634,1,0.7,10,20,12,2,20,2.6696874066e-06,2.40271866594e-07,2.6696874066e-06,1.73141894457e-05,9.5086225118e-05,1.68604987505e-06,2.6696874066e-06,2.40271866594e-07,2.6696874066e-06,0.279325311779,0.506537393647,0.214012048816
183,0.0244661466882,0.0966576262362,0.0163816582173,0.115264290501,0.0375031866027,0.121989229894,0.00728292580516,0.0463786583856,0.157737693736,0.143033106956,0.197588042942,0.0357174340354,1,0.7,10,20,12,2,20,7.6605051143e-05,6.89445460287e-06,7.6605051143e-05,0.00116081908989,0.000516466846392,0.000762201256054,7.6605051143e-05,6.89445460287e-06,7.6605051143e-05,0.278493933643,0.505269855923,0.213476514128
184,0.219571574957,0.030398508872,0.115838702744,0.149647953143,0.0623934911132,0.0129863290868,0.0422861638328,0.106080271551,0.0490848587342,0.18786387279,0.0231965150511,0.000651758124818,1,0.7,10,20,12,2,20,0.00015432218449,1.38889966041e-05,0.00015432218449,0.0148891614322,0.00169501672971,0.00160964970812,0.00015432218449,1.38889966041e-05,0.00015432218449,0.273638699793,0.497379546999,0.210142858607
185,0.0908501326642,0.0382950125519,0.0593643952726,0.0139503787263,0.167529581505,0.00657071895603,0.0702945049527,0.122524773447,0.0476602983085,0.134178912649,0.026360506803,0.222420784163,1,0.7,10,20,12,2,20,1.89318055477e-06,1.70386249929e-07,1.89318055477e-06,1.55233077606e-05,9.96110618142e-05,7.1438580529e-06,1.89318055477e-06,1.70386249929e-07,1.89318055477e-06,0.279189404689,0.506629457707,0.214050945881
186,0.0316228319188,0.0197101914796,0.0575883223568,0.0530735741498,0.231606135856,0.0147650178273,0.169262979546,0.00576688766514,0.0235138771358,0.334426969827,0.0456648302002,0.0129983820371,1,0.7,10,20,12,2,20,0.000131201658136,1.18081492322e-05,0.000131201658136,0.00339477820363,0.00139361713404,0.00091883551378,0.000131201658136,1.18081492322e-05,0.000131201658136,0.277479015541,0.503525715766,0.212739614911
187,0.0619892432526,0.0176115376073,0.0453325759472,0.0820005921389,0.0730088001548,0.0373693754725,0.113698924943,0.0818439540459,0.35464878284,0.0891999335856,0.02479385042,0.0185024295917,1,0.7,10,20,12,2,20,0.000697421262838,6.27679136554e-05,0.000697421262838,0.00385294153492,0.00402303523332,0.00221090946654,0.000697421262838,6.27679136554e-05,0.000697421262838,0.275724535714,0.500016419805,0.211256937368
188,0.0710505021461,0.083991267016,0.0247431495069,0.00338473420981,0.00691014889996,0.0233341453039,0.604907673544,0.0298094430399,0.0167188461796,0.025383159527,0.0686337679569,0.0411331626695,1,0.7,10,20,12,2,20,8.21941029618e-06,7.39746926656e-07,8.21941029618e-06,2.92187981709e-05,2.74886686573e-05,5.77854239488e-05,8.21941029618e-06,7.39746926656e-07,8.21941029618e-06,0.279131948208,0.506656732349,0.214062469417
189,0.198906882358,0.201670936138,0.142526292523,0.104681297196,0.0163803421607,0.0571047236078,0.0945311915735,0.0170305988071,0.0465707901128,0.0577545908522,0.00643248354113,0.0564098711304,1,0.7,10,20,12,2,20,0.000784161229809,7.05745106828e-05,0.000784161229809,0.00561664116129,0.00816801493597,0.00280619224898,0.000784161229809,7.05745106828e-05,0.000784161229809,0.273511600482,0.496744996296,0.209874760935
190,0.0623635382272,0.0652693926506,0.11689176616,0.00711536321908,0.124937011336,0.0273758448907,0.0359767287661,0.0236632672464,0.024593591626,0.324097217146,0.144907790401,0.0428084883326,1,0.7,10,20,12,2,20,2.70324566928e-05,2.43292110235e-06,2.70324566928e-05,0.000158874938639,0.000181468474216,9.8828544711e-05,2.70324566928e-05,2.43292110235e-06,2.70324566928e-05,0.279131177853,0.506373746587,0.213942907933
191,0.103343363722,0.080582858578,0.184360979131,0.187001387271,0.123520319592,0.0573139601597,0.0597252589309,0.0404961916934,0.0463473283263,0.0918075426405,0.0149550340595,0.0105457758953,1,0.7,10,20,12,2,20,0.00065783026024,5.92047234216e-05,0.00065783026024,0.0180905579539,0.0172961536986,0.00231768695173,0.00065783026024,5.92047234216e-05,0.00065783026024,0.268028963056,0.486127878982,0.20538902887
192,0.117226939218,0.0608940198791,0.0386332803218,0.278190585994,0.17705551592,0.00286183716516,0.136409187862,0.0663353583665,0.0601066716282,0.0262118282839,0.0166650423315,0.0194097330306,1,0.7,10,20,12,2,20,0.00143792267447,0.000129413040702,0.00143792267447,0.0676867084415,0.0290133922475,0.0282928041362,0.00143792267447,0.000129413040702,0.00143792267447,0.24272631556,0.440260290218,0.186009972617
193,0.121347422217,0.0422152978394,0.137950329719,0.133884592409,0.0447819004539,0.247324284695,0.0994092461697,0.0354168438273,0.0194454642942,0.0436613480382,0.0637573105289,0.0108059598084,1,0.7,10,20,12,2,20,0.00103479473747,9.31315263723e-05,0.00103479473747,0.0179053979946,0.0140636112807,0.00260411612531,0.00103479473747,9.31315263723e-05,0.00103479473747,0.268379020927,0.486975333335,0.205747078334
194,0.0781033232016,0.0516296299483,0.148912176283,0.112499751174,0.0196317272397,0.0483034885559,0.205029017,0.127484698092,0.122595912194,0.022354099904,0.0240710775548,0.0393850988525,1,0.7,10,20,12,2,20,0.000704447235588,6.3400251203e-05,0.000704447235588,0.0242576947073,0.00755466253612,0.00542769426874,0.000704447235588,6.3400251203e-05,0.000704447235588,0.267750634364,0.486512987472,0.205551737207
195,0.0262613824701,0.131572083698,0.0310853490854,0.0439365650078,0.0150040437584,0.0220131714288,0.34013572199,0.0484823352127,0.0937363897146,0.135564710511,0.045846877,0.0663613701229,1,0.7,10,20,12,2,20,1.55611535569e-06,1.40050382012e-07,1.55611535569e-06,1.38616184135e-05,3.98665065334e-05,2.31769634746e-06,1.55611535569e-06,1.40050382012e-07,1.55611535569e-06,0.279311469431,0.506591198724,0.214034781461
196,0.107883439323,0.0233757275697,0.00148585604384,0.0560737179592,0.014822021613,0.0833335852794,0.292639573855,0.0281224502591,0.246151435239,0.0119166359348,0.00278286308168,0.131412693841,1,0.7,10,20,12,2,20,0.000508676909251,4.57809218326e-05,0.000508676909251,0.0238846485596,0.00780428762668,0.00905744809611,0.000508676909251,4.57809218326e-05,0.000508676909251,0.267212723188,0.485001492477,0.204913130572
197,0.0434493421038,0.103005066387,0.0170468752286,0.0005631634654,0.0293652518356,0.0598312835655,0.0491746879689,0.115103221597,0.05694820452,0.0591991569544,0.36764076236,0.0986729840133,1,0.7,10,20,12,2,20,2.79220103159e-05,2.51298092843e-06,2.79220103159e-05,0.00304284642077,0.000707140004416,0.000102506246696,2.79220103159e-05,2.51298092843e-06,2.79220103159e-05,0.278145653553,0.504664421632,0.21322071814
198,0.332977283298,0.02512597916,0.00174825286792,0.0249521867481,0.0653886763372,0.0230197548657,0.160969472487,0.111720986214,0.0202672303063,0.0832149459394,0.0787189657099,0.0718962660661,1,0.7,10,20,12,2,20,0.000337012658024,3.03311392221e-05,0.000337012658024,0.0144163280301,0.00584066985942,0.00136835517264,0.000337012658024,3.03311392221e-05,0.000337012658024,0.27262823134,0.495140740026,0.209196962661
199,0.152945526814,0.192791844102,0.0441294281911,0.0428207447594,0.0005961415408,0.10921439475,0.18576342994,0.0125723415226,0.0626061802098,0.0442351238714,0.0864294645794,0.0658953797186,1,0.7,10,20,12,2,20,0.000136998345193,1.23298510673e-05,0.000136998345193,0.00109743122659,0.00431829380239,0.000419865800398,0.000136998345193,1.23298510673e-05,0.000136998345193,0.277436404172,0.50344840205,0.212706949866
200,0.0370004815306,0.110781675116,0.122730895423,0.0325233446938,0.0829286234426,0.13139012969,0.179840977321,0.0707683280526,0.0132988708966,0.0739693023467,0.108326204236,0.0364411672515,1,0.7,10,20,12,2,20,0.000222926238742,2.00633614868e-05,0.000222926238742,0.00609651663511,0.00530288147306,0.00224200236702,0.000222926238742,2.00633614868e-05,0.000222926238742,0.27525826647,0.499239719773,0.210928781604
201,0.0547268719289,0.185756537554,0.01862780474,0.0774968799843,0.134042737072,0.123060905345,0.135322004288,0.0718110469537,0.0963551396571,0.0275011097846,0.0333270846062,0.0419718780867,1,0.7,10,20,12,2,20,8.66028620114e-07,7.79425758102e-08,8.66028620114e-07,9.23060485641e-06,1.80100000164e-06,2.36664977728e-06,8.66028620114e-07,7.79425758102e-08,8.66028620114e-07,0.279225340836,0.506683754594,0.214073886316
202,0.12311129441,0.334896608065,0.0632219301787,0.167803663692,0.00669270529121,0.078246211048,0.0120563134867,0.0511675399399,0.0215608706479,0.045119241655,0.0354893388225,0.0606342827621,1,0.7,10,20,12,2,20,3.35693194129e-07,3.02123874717e-08,3.35693194129e-07,2.41092669644e-06,2.58944935773e-06,4.11386817107e-07,3.35693194129e-07,3.02123874717e-08,3.35693194129e-07,0.279448853462,0.506533800757,0.21401053082
203,0.174612697197,0.229951452311,0.0965472074317,0.00995945610218,0.118302219174,0.0346072336839,0.00500042646431,0.14449215897,0.0184865083454,0.0356419939239,0.0497236808289,0.0826749655675,1,0.7,10,20,12,2,20,1.21450087809e-06,1.09305079028e-07,1.21450087809e-06,7.63289394593e-06,3.07957987605e-06,5.85278479067e-06,1.21450087809e-06,1.09305079028e-07,1.21450087809e-06,0.279256124139,0.506658863964,0.214063370025
204,0.010036677887,0.00637305300954,0.0146609039278,0.318513905761,0.190964717789,0.169391497409,0.0345772056734,0.0147635542472,0.0762877031885,0.0597563608678,0.103085524531,0.00158889570903,1,0.7,10,20,12,2,20,0.000330677560017,2.97609804015e-05,0.000330677560017,0.00562685903818,0.00953957281966,0.000961898852879,0.000330677560017,2.97609804015e-05,0.000330677560017,0.274394926581,0.497781729707,0.210312780801
205,0.178463197196,0.272517409221,0.0662520672741,0.0200495100297,0.0695437967522,0.0187156142609,0.0934895713132,0.0097654237027,0.0176047090821,0.0841702758827,0.169083829979,0.000344595306795,1,0.7,10,20,12,2,20,0.000109953474114,9.89581267024e-06,0.000109953474114,0.00584513026016,0.00518606818804,0.00104613002108,0.000109953474114,9.89581267024e-06,0.000109953474114,0.275948047171,0.500186304983,0.211328713855
206,0.0517038345774,0.0504951778694,0.01232867991,0.0308039176715,0.231184355527,0.000405306294624,0.0620249290345,0.00148424102046,0.0503195553055,0.1108019277,0.330155721709,0.0682923533806,1,0.7,10,20,12,2,20,4.15769745826e-05,3.74192771244e-06,4.15769745826e-05,0.00259308968282,0.00074810434027,0.000196861135381,4.15769745826e-05,3.74192771244e-06,4.15769745826e-05,0.278294117654,0.504740973943,0.213253061491
207,0.0147409792138,0.0023999633436,0.193165395727,0.122433883676,0.232298149597,0.0828464442637,0.0191435934348,0.0473574919491,0.187159865889,0.0862894496601,0.00181178642598,0.0103529968194,1,0.7,10,20,12,2,20,0.00111019467954,9.99175211589e-05,0.00111019467954,0.0513565348907,0.0261993802413,0.00277854407716,0.00111019467954,9.99175211589e-05,0.00111019467954,0.255592680819,0.463572756563,0.195859489648
208,0.0396150133019,0.066914134356,0.0854252519516,0.0492390908967,0.0845544036828,0.111002730823,0.00726802078877,0.0884024941356,0.0284415236406,0.00528607286002,0.256893310566,0.176957952997,1,0.7,10,20,12,2,20,6.95064309066e-05,6.2555787816e-06,6.95064309066e-05,0.00406412643157,0.000471567048071,0.000698832396964,6.95064309066e-05,6.2555787816e-06,6.95064309066e-05,0.277669289778,0.50390555182,0.212900095644
209,0.044626779303,0.0548898118893,0.0998291409311,0.114794125254,0.0464812207011,0.0408489396002,0.0193639748383,0.144103000537,0.0774371253258,0.116221072413,0.192355201136,0.0490496080706,1,0.7,10,20,12,2,20,0.000191197825406,1.72078042865e-05,0.000191197825406,0.00621448490752,0.00188334239301,0.00070436626099,0.000191197825406,1.72078042865e-05,0.000191197825406,0.276768390325,0.501673257788,0.211956951415
210,0.0843653322435,0.16205584744,0.0642667835548,0.108433117558,0.0925990456933,0.0966290844965,0.037061450328,0.0341896035879,0.108919765775,0.033680556762,0.148152679425,0.029646733136,1,0.7,10,20,12,2,20,0.00018861433091,1.69752897819e-05,0.00018861433091,0.00512495155838,0.00109731482371,0.00424577528274,0.00018861433091,1.69752897819e-05,0.00018861433091,0.276175606834,0.500926498135,0.211641445462
211,0.0432689900096,0.193014881981,0.00848191520403,0.0632674581845,0.106311534352,0.180919862821,0.125459451629,0.0191789176122,0.12018676823,0.012040059467,0.00209705224274,0.125773108267,1,0.7,10,20,12,2,20,0.000510832435253,4.59749191728e-05,0.000510832435253,0.00993322958663,0.00352687178526,0.00139644559159,0.000510832435253,4.59749191728e-05,0.000510832435253,0.274645914308,0.497969953707,0.210392305441
212,0.0116834066852,0.00142761822611,0.17810412369,0.105916744677,0.166480863824,0.0480946276607,0.104373526148,0.0676927741193,0.14742534671,0.0414001524529,0.0422011146069,0.0851997012001,1,0.7,10,20,12,2,20,0.000806717347044,7.2604561234e-05,0.000806717347044,0.0132700731611,0.00705465233734,0.000937452764411,0.000806717347044,7.2604561234e-05,0.000806717347044,0.27230467983,0.49424327831,0.208817785086
213,0.0207628120897,0.0294842523408,0.0432656998816,0.0304203755128,0.0134247838157,0.0227225785961,0.000347981013885,0.376775144522,0.162746050741,0.121956055914,0.0312276574918,0.146866608081,1,0.7,10,20,12,2,20,0.000126332350816,1.13699115735e-05,0.000126332350816,0.00326797679108,0.000731536742155,0.000581950357705,0.000126332350816,1.13699115735e-05,0.000126332350816,0.277743270882,0.50414565624,0.213001539761
214,0.035283589918,0.146422720662,0.0880122550844,0.0799559096871,0.0209037952636,0.0114318525108,0.294518976916,0.03150045336,0.163466798192,0.0442519094063,0.0177633637466,0.0664883752528,1,0.7,10,20,12,2,20,0.00101374634041,9.12371706367e-05,0.00101374634041,0.0192218741623,0.0117709005017,0.00449824556048,0.00101374634041,9.12371706367e-05,0.00101374634041,0.268011475847,0.486650294711,0.205609749515
215,0.0708626046448,0.0631424376711,0.00727237682109,0.21818116871,0.0101023152112,0.111300023623,0.211775001518,0.0758435667733,0.00264599551486,0.185114134565,0.0102116267889,0.0335487481587,1,0.7,10,20,12,2,20,6.57900912321e-05,5.92110821089e-06,6.57900912321e-05,0.0136651359261,0.00162774911425,0.000221973679458,6.57900912321e-05,5.92110821089e-06,6.57900912321e-05,0.274559927363,0.49887536825,0.210774843086
216,0.0663491957181,0.00861458886488,0.104197003735,0.237438976572,0.013361764874,0.234912411252,0.0696218940059,0.126490001528,0.0733367211384,0.0118505691127,0.00448149418181,0.0493453790177,1,0.7,10,20,12,2,20,2.08601470001e-06,1.87741323001e-07,2.08601470001e-06,1.28873102267e-05,4.4234914468e-06,1.25679782543e-05,2.08601470001e-06,1.87741323001e-07,2.08601470001e-06,0.279041941657,0.506797511439,0.214121948583
217,0.247335788005,0.145987701991,0.0267701851321,0.0545606586035,0.144738517049,0.0689425726994,0.0209673934499,0.0484911806649,0.155543622443,0.0401024134144,0.00963261709644,0.0369273494512,1,0.7,10,20,12,2,20,0.00205240893497,0.000184716804147,0.00205240893497,0.0503339947523,0.0193271481142,0.00700826119671,0.00205240893497,0.000184716804147,0.00205240893497,0.25526668918,0.463609727528,0.195875109881
218,0.0170600373037,0.0125899269134,0.10593232858,0.0491305065995,0.0763914238212,0.147835060836,0.0483529515416,0.0463060587176,0.178499842536,0.152058632185,0.0353022638261,0.130540967139,1,0.7,10,20,12,2,20,0.000238948363767,2.1505352739e-05,0.000238948363767,0.0128581421399,0.00253145181263,0.00157456213854,0.000238948363767,2.1505352739e-05,0.000238948363767,0.274209962308,0.49759372755,0.21023334989
219,0.0568942243231,0.0427651159016,0.0145948358162,0.0610587657401,0.084070924425,0.279195856488,0.0207423041697,0.151642487371,0.0176012469117,0.0865712031453,0.153139939211,0.0317230964975,1,0.7,10,20,12,2,20,0.000174226929161,1.56804236245e-05,0.000174226929161,0.00668990031476,0.00136751337495,0.000829727909792,0.000174226929161,1.56804236245e-05,0.000174226929161,0.2763641083,0.501947614437,0.2120728671
220,0.0166674572437,0.196862279158,0.0345128610443,0.0232823825844,0.0597829012697,0.00375794522768,0.185857439866,0.152388317298,0.0800584308209,0.223451417351,0.0022188328699,0.0211597352672,1,0.7,10,20,12,2,20,0.000156944226164,1.41249803548e-05,0.000156944226164,0.00869766727705,0.00382716830165,0.000476222655316,0.000156944226164,1.41249803548e-05,0.000156944226164,0.275327090506,0.499835377431,0.211180446964
221,0.0502533008712,0.00160694958458,0.141997503492,0.0475839757328,0.038400278852,0.355381307766,0.0518251665101,0.0111244107183,0.149649183014,0.0153211606655,0.108236166845,0.0286205959487,1,0.7,10,20,12,2,20,0.0004095891451,3.6863023059e-05,0.0004095891451,0.00152302778602,0.00287754518141,0.00191686064566,0.0004095891451,3.6863023059e-05,0.0004095891451,0.277122281583,0.502529491865,0.212318710313
222,0.0146879429367,0.0518446336688,0.302559853584,0.0342814207937,0.116564318927,0.13731510173,0.0308157725962,0.126430793022,0.0551921124928,0.0401230729652,0.0747120333983,0.015472943885,1,0.7,10,20,12,2,20,4.0216315607e-07,3.61946840463e-08,4.0216315607e-07,3.33868807344e-06,1.12961391098e-06,2.4041474933e-06,4.0216315607e-07,3.61946840463e-08,4.0216315607e-07,0.279411738536,0.506558669928,0.214021038045
223,0.0468638550938,0.0138099443471,0.0690790335631,0.0174856389295,0.144347522603,0.030032851762,0.133191732516,0.140189903034,0.236079063954,0.0326993235362,0.0137319963492,0.122489134312,1,0.7,10,20,12,2,20,0.000315379365234,2.83841428711e-05,0.000315379365234,0.021411612715,0.0103545159291,0.000708379531438,0.000315379365234,2.83841428711e-05,0.000315379365234,0.269931292052,0.489473401775,0.20680251225
224,0.0592573471479,0.0112680870746,0.0613077589127,0.157994401275,0.241306291886,0.0834923029483,0.0328349568667,0.0548224708039,0.0473461105705,0.0781285397398,0.0118700587592,0.160371674016,1,0.7,10,20,12,2,20,0.000200519226577,1.80467303919e-05,0.000200519226577,0.0102166031695,0.00114439444459,0.00125596280237,0.000200519226577,1.80467303919e-05,0.000200519226577,0.275219488515,0.500052991706,0.211272388996
225,0.0815524490416,0.0157207334813,0.114007461675,0.212333419136,0.0667444430321,0.0190312292175,0.0682919002088,0.0675188874131,0.0206421189944,0.285138408592,0.0372221697306,0.011796779478,1,0.7,10,20,12,2,20,0.000129188316824,1.16269485142e-05,0.000129188316824,0.00499394245379,0.00214168266635,0.000535723369906,0.000129188316824,1.16269485142e-05,0.000129188316824,0.277070497597,0.502438064498,0.212280082251
226,0.0192725772047,0.0265437665083,0.0284787719424,0.0526112412083,0.109171410603,0.0697916873994,0.00707724461561,0.213139685126,0.00959855910608,0.345731133341,0.0988266220823,0.0197573008619,1,0.7,10,20,12,2,20,7.16692530859e-05,6.45023277773e-06,7.16692530859e-05,0.00183598981301,0.000495633223896,0.00024647679864,7.16692530859e-05,6.45023277773e-06,7.16692530859e-05,0.278070152988,0.505484829314,0.213567340385
227,0.0559177761592,0.0194691081852,0.214127648624,0.179849675196,0.0114544178785,0.161738864461,0.00897716571689,0.11270957057,0.0135026080183,0.042309719,0.135179414728,0.044764031463,1,0.7,10,20,12,2,20,0.00032344320541,2.91098884869e-05,0.00032344320541,0.0126262904552,0.00270803608625,0.0014343191765,0.00032344320541,2.91098884869e-05,0.00032344320541,0.274176313032,0.497506536837,0.210196511814
228,0.276746297771,0.0174741558117,0.0405601677553,0.0831972708352,0.0120914539754,0.154391590016,0.0359163951324,0.000676277265788,0.0258353933534,0.143701829751,0.0661867070605,0.143222461273,1,0.7,10,20,12,2,20,9.02712375987e-05,8.12441138388e-06,9.02712375987e-05,0.00664950281663,0.00109434223909,0.00131536002979,9.02712375987e-05,8.12441138388e-06,9.02712375987e-05,0.276082827334,0.502271095822,0.212209537985
229,0.0181852938216,0.369059989928,0.0302180599615,0.140914248684,0.0377275637676,0.0223296146068,0.0116828620785,0.0297776517492,0.0341153183757,0.196691561119,0.0923815263868,0.0169163095207,1,0.7,10,20,12,2,20,8.40506247892e-05,7.56455623103e-06,8.40506247892e-05,0.000919412753191,0.00166016176525,0.000184036293959,8.40506247892e-05,7.56455623103e-06,8.40506247892e-05,0.278533476891,0.504992323856,0.213359256829
230,0.10754401506,0.0567547441005,0.0488344416074,0.152525220523,0.000240341518598,0.0581991488125,0.00460911823934,0.0540076395703,0.190724141225,0.0778840210167,0.0186439482905,0.230033220036,1,0.7,10,20,12,2,20,2.82250209583e-07,2.54025188624e-08,2.82250209583e-07,7.1306384476e-06,2.98649556355e-06,4.32032742088e-07,2.82250209583e-07,2.54025188624e-08,2.82250209583e-07,0.27913118534,0.506753663049,0.214103422638
231,0.21521238494,0.0879509442505,0.10176931444,0.00259243170233,0.0639866846189,0.0205965261784,0.0810128062517,0.0099074025138,0.0582183725547,0.0394289786715,0.150001227768,0.16932292611,1,0.7,10,20,12,2,20,0.000186630853134,1.6796776782e-05,0.000186630853134,0.00534377462965,0.00175342332461,0.000488173610522,0.000186630853134,1.6796776782e-05,0.000186630853134,0.276830351276,0.502498530892,0.212305629302
232,0.168753922206,0.204208203923,0.00405524700686,0.0838668878033,0.0645084149766,0.0543415441169,0.08420545148,0.123563648253,0.0521727592654,0.136598594199,0.0190464843213,0.00467884244852,1,0.7,10,20,12,2,20,0.000291336402514,2.62202762263e-05,0.000291336402514,0.01256142298,0.00260558329304,0.00167552583746,0.000291336402514,2.62202762263e-05,0.000291336402514,0.274158680275,0.497561336698,0.210219664755
233,0.151108136442,0.0183108786596,0.116514090585,0.253091726182,0.106292791544,0.0152477925505,0.00147024934756,0.0537193646308,0.0695782452752,0.0539292707351,0.142618501073,0.0181189529754,1,0.7,10,20,12,2,20,0.000391449354772,3.52304419295e-05,0.000391449354772,0.0222592845068,0.00490521994368,0.00573964764291,0.000391449354772,3.52304419295e-05,0.000391449354772,0.269715867608,0.489099277326,0.20664444467
234,0.0243325345562,0.0707626971228,0.0596762895223,0.0854959725373,0.0609700806096,0.10104325688,0.212455141081,0.0596846787621,0.0216561207301,0.200948222428,0.00103700142414,0.101938004347,1,0.7,10,20,12,2,20,0.000252003511669,2.26803160502e-05,0.000252003511669,0.00733584864901,0.00326230106463,0.000711466183684,0.000252003511669,2.26803160502e-05,0.000252003511669,0.275875635218,0.500359489776,0.21140188443
235,0.12285621716,0.00932626193737,0.0951279739258,0.0385728350264,0.0531688031061,0.0959999993227,0.0802625540568,0.0634671779383,0.00328271140694,0.181953708256,0.0320206783086,0.223961079555,1,0.7,10,20,12,2,20,8.77074196523e-05,7.89366776871e-06,8.77074196523e-05,0.00103774989816,0.000620273497985,0.000241930512241,8.77074196523e-05,7.89366776871e-06,8.77074196523e-05,0.278729452085,0.505450950434,0.213553026558
236,0.184942447448,0.029858140483,0.070493357429,0.00214604211964,0.157125757211,0.028836941709,0.229772878307,0.035631754058,0.0127599704163,0.0886498599703,0.102226216956,0.0575566338923,1,0.7,10,20,12,2,20,1.29342473721e-05,1.16408226349e-06,1.29342473721e-05,1.64521409082e-05,0.000139163764247,7.25485789435e-06,1.29342473721e-05,1.16408226349e-06,1.29342473721e-05,0.279160284954,0.506588948421,0.214033830708
237,0.0308044712315,0.00682872124076,0.00159289743369,0.158491461131,0.0160982645824,0.132934982691,0.0435892871607,0.250182825306,0.121507120053,0.106064050172,0.0839409258126,0.0479649931854,1,0.7,10,20,12,2,20,0.00028549105325,2.56941947925e-05,0.00028549105325,0.00457900981687,0.00211317246306,0.00214817404164,0.00028549105325,2.56941947925e-05,0.00028549105325,0.276424068942,0.501611403961,0.211930818173
238,0.15498871623,0.114094334498,0.0291009062472,0.270262417509,0.0436494015602,0.143308070025,0.0647217919269,0.00684639595322,0.00319476931076,0.00953640645433,0.0297892192135,0.130507571073,1,0.7,10,20,12,2,20,0.000585599578868,5.27039620981e-05,0.000585599578868,0.00874458717085,0.00446481191946,0.00431452718235,0.000585599578868,5.27039620981e-05,0.000585599578868,0.273649102387,0.496575862988,0.209803302112
239,0.177540124584,0.0869156689577,0.173627272509,0.0502226180425,0.0323400670251,0.000307578569648,0.350465924516,0.0659933779818,0.0170829203569,0.0371265221897,0.00115190146846,0.0072260237987,1,0.7,10,20,12,2,20,0.00102984139245,9.26857253207e-05,0.00102984139245,0.0534032250963,0.00505158832308,0.0132286000337,0.00102984139245,9.26857253207e-05,0.00102984139245,0.257416313321,0.468608461305,0.197987074901
240,0.0115046953727,0.0390363538893,0.225746131193,0.137214022279,0.0500124918331,0.041907076613,0.0925059065167,0.253669978033,0.0789682795717,0.0350425912765,0.0230808794778,0.011311593944,1,0.7,10,20,12,2,20,6.22699030194e-06,5.60429127175e-07,6.22699030194e-06,2.36925044716e-05,8.32184772954e-05,1.40972491132e-05,6.22699030194e-06,5.60429127175e-07,6.22699030194e-06,0.279236711404,0.506584359611,0.214031891935
241,0.189504497524,0.0228088875325,0.0209290913977,0.0216541036518,0.0293484293355,0.0864978605849,0.133000990932,0.144488259075,0.0311947984565,0.0916468714452,0.0977133143249,0.131212895739,1,0.7,10,20,12,2,20,1.68560941291e-07,1.51704847161e-08,1.68560941291e-07,1.4616688458e-06,4.5333751757e-07,2.24040336726e-07,1.68560941291e-07,1.51704847161e-08,1.68560941291e-07,0.279450753374,0.506535256938,0.214011146056
242,0.0371012052718,0.181480161719,0.0799006710637,0.0463028951825,0.180077628297,0.030301065544,0.139140955756,0.0345082355377,0.0776541792977,0.0885246432044,0.0357514879031,0.0692568712231,1,0.7,10,20,12,2,20,0.000152047020905,1.36842318815e-05,0.000152047020905,0.0127795136025,0.00441145474568,0.000312939287936,0.000152047020905,1.36842318815e-05,0.000152047020905,0.274180460672,0.497490386745,0.2101896884
243,0.0952308746238,0.178805023781,0.0823665125345,0.262511948099,0.00092340400786,0.0290123462314,0.0282901642006,0.0809216448699,0.0217928243844,0.0493266576369,0.117055519825,0.0537630798048,1,0.7,10,20,12,2,20,0.000113962312889,1.025660816e-05,0.000113962312889,0.0121090228359,0.00191608586515,0.000338576151779,0.000113962312889,1.025660816e-05,0.000113962312889,0.27491712859,0.499291967725,0.210950856364
244,0.0125106982354,0.0706225768769,0.00854939670353,0.145672016232,0.00906725291189,0.24052374631,0.194509422546,0.0494118784083,0.11597498119,0.0365844785774,0.0537101376433,0.0628634143652,1,0.7,10,20,12,2,20,0.00070122792455,6.31105132095e-05,0.00070122792455,0.0250817925952,0.00992167573925,0.00481400319894,0.00070122792455,6.31105132095e-05,0.00070122792455,0.267168521978,0.48511977066,0.204963103104
245,0.155639339192,0.0965817803912,0.121643603957,0.0530645077124,0.0780794996304,0.00290451748785,0.00154647094776,0.12211936315,0.043073101647,0.263569809266,0.0233221675045,0.0384558391139,1,0.7,10,20,12,2,20,0.000115494565629,1.03945109066e-05,0.000115494565629,0.00546531084633,0.00215369223311,0.000460223867551,0.000115494565629,1.03945109066e-05,0.000115494565629,0.276666769622,0.502475385692,0.212295850455
246,0.292308654501,0.00996769326473,0.0468404805322,0.00159190143477,0.0138748547635,0.114751613231,0.0207878555182,0.0471242811199,0.128954349575,0.0981645895731,0.159631198948,0.0660025275389,1,0.7,10,20,12,2,20,8.11623326026e-05,7.30460993423e-06,8.11623326026e-05,0.00665995180166,0.000626049155674,0.000298376068192,8.11623326026e-05,7.30460993423e-06,8.11623326026e-05,0.276771793925,0.502850313181,0.212454257319
247,0.0945496988274,0.24364567452,0.127278432854,0.0756918811301,0.0359581555987,0.150394749954,0.0927578780591,0.119283269507,0.00467337811234,0.00718968027428,0.0306753332834,0.0179018678798,1,0.7,10,20,12,2,20,0.0010440051628,9.39604646516e-05,0.0010440051628,0.0338183951272,0.00699927453964,0.00317131119232,0.0010440051628,9.39604646516e-05,0.0010440051628,0.265214895894,0.482553379027,0.203878802639
248,0.0924199933808,0.0864203948587,0.00607155882808,0.254487433532,0.027423728124,0.0249095456215,0.0324656249703,0.183140161917,0.0822974009932,0.154785238201,0.0479548454322,0.00762407414072,1,0.7,10,20,12,2,20,0.000178024656254,1.60222190628e-05,0.000178024656254,0.0074097401461,0.000547176208051,0.00508875983891,0.000178024656254,1.60222190628e-05,0.000178024656254,0.275521452468,0.499605432883,0.211083295393
249,0.073949019242,0.0192720935058,0.0644701176158,0.0469562077169,0.0200245679582,0.0944917207632,0.215781821015,0.201783772156,0.0342546102001,0.0157905040369,0.156947716321,0.056277849469,1,0.7,10,20,12,2,20,0.000264330258232,2.37897232409e-05,0.000264330258232,0.00448853145515,0.00302521294105,0.00174708814969,0.000264330258232,2.37897232409e-05,0.000264330258232,0.276433561664,0.501371321835,0.211829383475
250,0.0401660000472,0.18449902294,0.0353817015299,0.0322233188807,0.195653723142,0.0189420601786,0.0122295599596,0.150456239176,0.109490332697,0.138116574154,0.0359920906553,0.046849376639,1,0.7,10,20,12,2,20,0.000145626422892,1.31063780603e-05,0.000145626422892,0.00312773018637,0.00405505895117,0.00147134217036,0.000145626422892,1.31063780603e-05,0.000145626422892,0.276596117176,0.502032360681,0.212108672388
251,0.0441226825671,0.0515492605169,0.00685673833966,0.119921565562,0.187655314408,0.152531169811,0.219452289113,0.0930551254277,0.0202593726818,0.0563506085187,0.0230526504037,0.0251932226499,1,0.7,10,20,12,2,20,0.000118757969224,1.06882172301e-05,0.000118757969224,0.00766690963436,0.00211127646808,0.00048676555424,0.000118757969224,1.06882172301e-05,0.000118757969224,0.27601419533,0.501388010336,0.211836434367
252,0.35572894199,0.0395162598792,0.120577597592,0.00238647600713,0.00469716918328,0.0523952924105,0.0323286514944,0.0966685755833,0.13227069979,0.110944092495,0.0328699082972,0.0196163352778,1,0.7,10,20,12,2,20,0.000262388906687,2.36150016018e-05,0.000262388906687,0.0156770973517,0.00573001945093,0.00234958056318,0.000262388906687,2.36150016018e-05,0.000262388906687,0.27219098328,0.494169092249,0.208786441475
253,0.0243763988315,0.0153758098256,0.0916284502007,0.0148710211417,0.051452422022,0.0242798576248,0.00185240525116,0.117424793742,0.0298503049059,0.389960579135,0.139438752381,0.0994892049392,1,0.7,10,20,12,2,20,1.08896110154e-05,9.80064991382e-07,1.08896110154e-05,0.000785975334438,0.000418112541011,3.84988511976e-05,1.08896110154e-05,9.80064991382e-07,1.08896110154e-05,0.279041359375,0.505919532741,0.213751002583
254,0.0932037561977,0.0593754673157,0.0204058492353,0.0248439499527,0.00219348343138,0.00130796184312,0.021487677631,0.122138851448,0.0596914260897,0.310328092763,0.161726998338,0.123296485754,1,0.7,10,20,12,2,20,4.6755347667e-05,4.20798129003e-06,4.6755347667e-05,0.00209480886571,0.000598497584546,0.000165778858429,4.6755347667e-05,4.20798129003e-06,4.6755347667e-05,0.278561673274,0.505014976495,0.213368827569
255,0.0273405983719,0.0432474971761,0.0708801558555,0.0482679469518,0.0611667394635,0.089608156663,0.163803907209,0.0263185209248,0.0964947414983,0.0360382621721,0.204246231623,0.13258724209,1,0.7,10,20,12,2,20,6.14690556611e-05,5.5322150095e-06,6.14690556611e-05,0.00049721630342,0.00118588377438,5.970928262e-05,6.14690556611e-05,5.5322150095e-06,6.14690556611e-05,0.278810445259,0.505581585046,0.213608219682
256,0.0260236259948,0.0472047576295,0.0159605078566,0.0720540642228,0.230547233749,0.0237584091159,0.189942038302,0.0455260434547,0.0484054769328,0.0567559809452,0.10926335283,0.134558508967,1,0.7,10,20,12,2,20,0.00013916904846,1.25252143614e-05,0.00013916904846,0.0104571594475,0.0018861013183,0.000409905947983,0.00013916904846,1.25252143614e-05,0.00013916904846,0.27523722269,0.500125050245,0.211302833729
257,0.0443753228464,0.0650378467812,0.149263345247,0.0622615813756,0.180205294448,0.00414390553057,0.103431133372,0.115328134276,0.034249269447,0.112303507243,0.0881250987538,0.0412755606796,1,0.7,10,20,12,2,20,0.00011486977797,1.03382800173e-05,0.00011486977797,0.0123971432315,0.00253533584856,0.000985821193106,0.00011486977797,1.03382800173e-05,0.00011486977797,0.274488829267,0.49849751479,0.210615199999
258,0.281529399604,0.0619830952738,0.223405228137,0.0275466396889,0.0972855886289,0.0039180404536,0.0502686814006,0.106549967401,0.00285748492723,0.0513056909917,0.00678857278337,0.0865616107098,1,0.7,10,20,12,2,20,0.000381871178692,3.43684060823e-05,0.000381871178692,0.00634935266275,0.00740756374494,0.000437334543131,0.000381871178692,3.43684060823e-05,0.000381871178692,0.274725148935,0.498758789868,0.210725588719
259,0.0189493208795,0.046202701958,0.123806107568,0.0925854624251,0.0845816982333,0.17312692705,0.0558751249672,0.13637298643,0.117369044515,0.0855624305154,0.0273142380287,0.0382539574297,1,0.7,10,20,12,2,20,0.000279856405963,2.51870765366e-05,0.000279856405963,0.0256262350184,0.00675946668197,0.000896280954185,0.000279856405963,2.51870765366e-05,0.000279856405963,0.26943283978,0.489360546776,0.206754831013
260,0.0279274443419,0.00164709653761,0.0107904448106,0.141470424079,0.0434425709347,0.00300981439015,0.0165049462502,0.30463190787,0.226438808957,0.127570992545,0.0303540590328,0.0662114902511,1,0.7,10,20,12,2,20,0.00014518984107,1.30670856963e-05,0.00014518984107,0.00713136544126,0.00291317965669,0.00130567954905,0.00014518984107,1.30670856963e-05,0.00014518984107,0.275984038961,0.500568606577,0.211490236279
261,0.0114044216899,0.0131131884924,0.107829990879,0.20311528887,0.0645164394665,0.0487087259673,0.079055995703,0.0772528953129,0.157108876572,0.00710264935173,0.0576446620987,0.173146865597,1,0.7,10,20,12,2,20,0.000386833531636,3.48150178472e-05,0.000386833531636,0.00748918548753,0.00411930948034,0.000861087814312,0.000386833531636,3.48150178472e-05,0.000386833531636,0.2753941941,0.499486298035,0.21103296092
262,0.137261582213,0.0702617234554,0.0359879105833,0.176932445991,0.11758515842,0.0131382637466,0.0707220461281,0.206758799847,0.0157203556476,0.0630183324432,0.0178071506352,0.0748062308897,1,0.7,10,20,12,2,20,0.000382662754712,3.44396479241e-05,0.000382662754712,0.00698214045494,0.00874308525493,0.00257957691851,0.000382662754712,3.44396479241e-05,0.000382662754712,0.273449451185,0.496763596395,0.209882619477
263,0.253645383684,0.160065402766,0.0905580626361,0.0215837282884,0.0482434156936,0.000105016424,0.0480510268691,0.00586304283917,0.27266158776,0.0128735511187,0.0367358906251,0.0496138912958,1,0.7,10,20,12,2,20,0.00157914044486,0.000142122640037,0.00157914044486,0.0313140741514,0.0088365665212,0.00905371147854,0.00157914044486,0.000142122640037,0.00157914044486,0.263675182552,0.478396947794,0.202122710443
264,0.0313252679149,0.0333994963866,0.108419331094,0.138122951622,0.0705669495464,0.0207454648052,0.123693933003,0.0760720595723,0.00430003520039,0.368468100379,0.023119482785,0.00176692769102,1,0.7,10,20,12,2,20,0.000111206690469,1.00086021422e-05,0.000111206690469,0.00535217096382,0.00271499333207,0.000595168079501,0.000111206690469,1.00086021422e-05,0.000111206690469,0.276900924744,0.501913461451,0.212058437463
265,0.0235319084489,0.0320070848217,0.145693616854,0.0308317358649,0.156626647112,0.0215630729306,0.181954999703,0.164964703043,0.189385919997,0.0392566574063,0.00464469613429,0.0095389576843,1,0.7,10,20,12,2,20,0.00241051814823,0.00021694663334,0.00241051814823,0.0386538123564,0.0544250701673,0.0138078894324,0.00241051814823,0.00021694663334,0.00241051814823,0.246733796046,0.447313508709,0.18898995743
266,0.0191054275506,0.0475339999079,0.0650353469418,0.0296109707094,0.215378158719,0.080423425905,0.0691485449756,0.127787564354,0.108200640149,0.1027248231,0.0683590129074,0.066692084779,1,0.7,10,20,12,2,20,1.89462930761e-06,1.70516637685e-07,1.89462930761e-06,1.64473370533e-05,2.25751011426e-05,7.56975093723e-06,1.89462930761e-06,1.70516637685e-07,1.89462930761e-06,0.279206413184,0.506670703041,0.214068372035
267,0.0270760863743,5.96586510607e-05,0.00738617414077,0.0267617772661,0.23626462331,0.0528368071763,0.247200929747,0.00118652381028,0.0798479530852,0.00475848827177,0.0157094802926,0.300911497874,1,0.7,10,20,12,2,20,6.99403352965e-05,6.29463017669e-06,6.99403352965e-05,0.00358321603821,0.00109638203676,0.000165057879742,6.99403352965e-05,6.29463017669e-06,6.99403352965e-05,0.277693013984,0.504161672731,0.213008306729
268,0.108948138736,0.0230226931395,0.0174893699837,0.183434943764,0.00595642655136,0.00593549333746,0.297138434724,0.0316489608419,0.183739096528,0.00216363575985,0.011248172603,0.129274634031,1,0.7,10,20,12,2,20,0.000251524762742,2.26372286467e-05,0.000251524762742,0.00799622346361,0.00636316037063,0.00109285779509,0.000251524762742,2.26372286467e-05,0.000251524762742,0.274336134029,0.498530932045,0.210629318789
269,0.0434207992098,0.155550250204,0.17469374675,0.0266407616406,0.0576194347921,0.0393493354371,0.083729929901,0.000552626862306,0.0417622382862,0.0448089861501,0.30086527662,0.031006614147,1,0.7,10,20,12,2,20,6.09938143577e-05,5.48944329219e-06,6.09938143577e-05,0.00432793756378,0.000722925617514,0.000669022425593,6.09938143577e-05,5.48944329219e-06,6.09938143577e-05,0.277340493318,0.503820503994,0.212864162937
270,0.112678573398,0.132133746022,0.0453378574324,0.141569007123,0.166481576754,0.044511154937,0.0412065489722,0.0448528827625,0.0180016564032,0.0913681967015,0.00370877303631,0.158150026458,1,0.7,10,20,12,2,20,0.00032968322072,2.96714898648e-05,0.00032968322072,0.00821356532375,0.00343132626979,0.00215113708951,0.00032968322072,2.96714898648e-05,0.00032968322072,0.275211113141,0.498850462083,0.21076432023
271,0.0584061542292,0.148621741542,0.181968012569,0.0603390027731,0.132073957997,0.141386880157,0.038070760303,0.0492320335305,0.0525130782393,0.0567707403937,0.0713743810301,0.0092432572359,1,0.7,10,20,12,2,20,3.35055962587e-06,3.01550366329e-07,3.35055962587e-06,4.93688706132e-06,9.42561214438e-06,1.43054680854e-06,3.35055962587e-06,3.01550366329e-07,3.35055962587e-06,0.279443162686,0.506521644238,0.214005394691
272,0.0100163425097,0.0166637905905,0.0285782004474,0.133689749774,0.0143094175092,0.0534690418987,0.0957885620382,0.109179434186,0.163154382254,0.189677604386,0.0787548009872,0.106718673418,1,0.7,10,20,12,2,20,5.82892399222e-05,5.246031593e-06,5.82892399222e-05,0.000746641901647,0.00189209435725,5.71216648873e-05,5.82892399222e-05,5.246031593e-06,5.82892399222e-05,0.27863009608,0.505047730737,0.213382666237
273,0.091153946156,0.0272454719485,0.00977145145088,0.102189062683,0.0679163738939,0.0264346346013,0.0168946884598,0.13062030948,0.289268439018,0.066329977337,0.000405826630414,0.171769818341,1,0.7,10,20,12,2,20,0.000129293986525,1.16364587873e-05,0.000129293986525,0.000601869145554,0.00210694418471,0.000222642152484,0.000129293986525,1.16364587873e-05,0.000129293986525,0.278256310005,0.504936228927,0.213335556722
274,0.0967954149992,0.0859176287492,0.0609941745012,0.0796730668585,0.103124683072,0.0806187809566,0.174681767919,0.00498377374751,0.0676321228569,0.035928823994,0.115174752649,0.0944750096969,1,0.7,10,20,12,2,20,0.000171285540363,1.54156986327e-05,0.000171285540363,0.00804996817131,0.00136459249243,0.00108225388605,0.000171285540363,1.54156986327e-05,0.000171285540363,0.275929054108,0.501130515138,0.211727642646
275,0.0416938116264,0.106974058252,0.0171959412027,0.0499539883888,0.0907581552933,0.00807403939739,0.153506092667,0.115217738933,0.038278039496,0.245642712438,0.0312913731635,0.101414049142,1,0.7,10,20,12,2,20,0.000133756860918,1.20381174826e-05,0.000133756860918,0.00270978225241,0.000871494155593,0.000575411103532,0.000133756860918,1.20381174826e-05,0.000133756860918,0.278097479425,0.504173447722,0.213013281663
276,0.150258492934,0.122926198054,0.135163897497,0.00386442744811,0.085146215734,0.0172554868823,0.107345022116,0.0341346166326,0.0198434297514,0.011804101979,0.0264153150646,0.285842795908,1,0.7,10,20,12,2,20,8.33221997364e-05,7.49899797627e-06,8.33221997364e-05,0.0077429259478,0.00142826193234,0.000204613041035,8.33221997364e-05,7.49899797627e-06,8.33221997364e-05,0.276308075684,0.501910605694,0.212057230906
277,0.08447833401,0.0498723086428,0.141604570904,0.0107689790234,0.234714187523,0.054028667945,0.0991106676935,0.0437549143619,0.0247059657765,0.0222032501309,0.0313603085166,0.203397845472,1,0.7,10,20,12,2,20,6.62158762757e-06,5.95942886481e-07,6.62158762757e-06,7.89597473333e-05,0.000166181688348,3.4361841851e-05,6.62158762757e-06,5.95942886481e-07,6.62158762757e-06,0.278996170033,0.506640877647,0.214055770806
278,0.132185971583,0.0159415402038,0.0179416388614,0.0747878647362,0.0375367091625,0.0634000938632,0.207646603524,0.0879153634792,0.0873840402242,0.0588378566653,0.0198234882434,0.196598829454,1,0.7,10,20,12,2,20,0.000124051477687,1.11646329919e-05,0.000124051477687,0.00753466590972,0.00397906448492,0.00110962064016,0.000124051477687,1.11646329919e-05,0.000124051477687,0.275482596045,0.500088237429,0.211287280314
279,0.0398711076011,0.0170561979757,0.0975340904984,0.0376101602608,0.0171617996882,0.00825749278658,0.151728470628,0.15081214795,0.350324091868,0.0705733515531,0.0460632432105,0.0130078459792,1,0.7,10,20,12,2,20,0.000829414090987,7.46472681888e-05,0.000829414090987,0.00542854178528,0.00858839742683,0.00157682544351,0.000829414090987,7.46472681888e-05,0.000829414090987,0.273901265648,0.497039029031,0.209998989765
280,0.0521193884006,0.0671192425706,0.0571384711102,0.0949984221057,0.0309700753138,0.127358950515,0.118957734272,0.204771119692,0.018434580226,0.0507326536177,0.0595116140009,0.117887748176,1,0.7,10,20,12,2,20,2.47969519997e-06,2.23172567998e-07,2.47969519997e-06,7.78502013413e-06,8.03345210158e-06,6.75544397991e-06,2.47969519997e-06,2.23172567998e-07,2.47969519997e-06,0.27921560459,0.506679406937,0.214072049431
281,0.0415330065589,0.00637418097528,0.018599011221,0.206761543332,0.0831836716665,0.233109519136,0.0114534346312,0.192677224721,0.0438846999731,0.0777414142224,0.0152939159715,0.0693883775904,1,0.7,10,20,12,2,20,0.000415433122512,3.73889810261e-05,0.000415433122512,0.0180919695213,0.0112411731753,0.00422532461682,0.000415433122512,3.73889810261e-05,0.000415433122512,0.269212984388,0.488922346465,0.206569691382
282,0.118001464286,0.0864833858055,0.095096694174,0.136831393748,0.0496673945046,0.00559579823236,0.243919794118,0.0326810370554,0.0083274942013,0.0077821539257,0.0990926907881,0.116520699162,1,0.7,10,20,12,2,20,0.000330259730512,2.9723375746e-05,0.000330259730512,0.00633302615271,0.00518862195381,0.000430894581897,0.000330259730512,2.9723375746e-05,0.000330259730512,0.275604703796,0.499868026603,0.21119424124
283,0.0582675132026,0.184585824252,0.00545687464413,0.0136630356103,0.057649471358,0.0829571776124,0.0344721143964,0.0766400838591,0.128797355883,0.0850265808398,0.182574809805,0.0899091585376,1,0.7,10,20,12,2,20,0.000189184881821,1.70266393639e-05,0.000189184881821,0.00537665248403,0.00240585599597,0.000582291553997,0.000189184881821,1.70266393639e-05,0.000189184881821,0.276771579705,0.501984412974,0.212088414481
284,0.0892252658967,0.0058434015102,0.122101958971,0.0826265131436,0.105398731679,0.011458367543,0.0195371529593,0.0583219644283,0.0769985283717,0.0181306041981,0.390505327014,0.0198521842852,1,0.7,10,20,12,2,20,5.43675894756e-05,4.8930830528e-06,5.43675894756e-05,0.00101870144023,0.00142250930163,9.63885740778e-05,5.43675894756e-05,4.8930830528e-06,5.43675894756e-05,0.278364296585,0.505357362091,0.213513485484
285,0.0357142690808,0.0146236947645,0.0590570149434,0.00881155626848,0.0184687258831,0.221364759498,0.034472368579,0.0108306732466,0.354565106473,0.19333762569,0.0376554239697,0.0110987816033,1,0.7,10,20,12,2,20,0.000392414105287,3.53172694758e-05,0.000392414105287,0.00680597988446,0.00159646247259,0.00244371464474,0.000392414105287,3.53172694758e-05,0.000392414105287,0.275696090637,0.500398918384,0.211418543017
286,0.056439484814,0.00656323006137,0.0597402801311,0.199485098949,0.00477173818641,0.0198319746956,0.113367748726,0.176270556769,0.300170695986,0.00111566259942,0.05897610569,0.00326742339226,1,0.7,10,20,12,2,20,0.000388153131017,3.49337817915e-05,0.000388153131017,0.0339937168473,0.00941834199665,0.000896380621265,0.000388153131017,3.49337817915e-05,0.000388153131017,0.265793776247,0.483849071494,0.204426232706
287,0.0063924206269,0.0291487053087,0.0762988440409,0.0724738342165,0.0350802739858,0.0589140952482,0.0950270168935,0.0380844500735,0.036424596284,0.110002740038,0.41916658838,0.0229864349044,1,0.7,10,20,12,2,20,8.46093372549e-05,7.61484035294e-06,8.46093372549e-05,0.00397606167728,0.000526957935494,0.0009741527213,8.46093372549e-05,7.61484035294e-06,8.46093372549e-05,0.277736450867,0.503643381208,0.212789328561
288,0.0131462641973,0.0348478870369,0.269390162958,0.036584628182,0.207530642747,0.0472671842555,0.230240844073,0.00170031556436,0.0663231061805,0.0472438677895,0.0396545181506,0.00607057886493,1,0.7,10,20,12,2,20,0.00192079408678,0.000172871467811,0.00192079408678,0.0391556256961,0.0145581134032,0.00910269651202,0.00192079408678,0.000172871467811,0.00192079408678,0.259499149483,0.47075957513,0.198895920492
289,0.00397336514698,0.00952278880094,0.288089942906,0.0327055151891,0.273468851236,0.0821912776694,0.000756341568098,0.0246461136198,0.0446493757943,0.0347282203129,0.131533815657,0.0737343920989,1,0.7,10,20,12,2,20,0.000244824019341,2.20341617407e-05,0.000244824019341,0.00374300372217,0.0023122716344,0.00266434652347,0.000244824019341,2.20341617407e-05,0.000244824019341,0.276462034874,0.501789088819,0.212005890026
290,0.186694037954,0.208879773881,0.000242842739904,0.181943912662,0.0589732308046,0.0260290511537,0.0246659913872,0.00387559514534,0.100851732105,0.0476587165832,0.127915531526,0.0322695840586,1,0.7,10,20,12,2,20,6.81792581327e-06,6.13613323195e-07,6.81792581327e-06,2.19170647533e-05,4.93187695894e-05,3.15859171755e-05,6.81792581327e-06,6.13613323195e-07,6.81792581327e-06,0.279163471947,0.506646894461,0.21405831291
291,0.0662793389637,0.0201494994784,0.239573442449,0.0746488124585,0.262234263534,0.00786193814272,0.014130695508,0.149150817817,0.00254583139992,0.0146901449122,0.113164632941,0.035570582395,1,0.7,10,20,12,2,20,0.000322548235102,2.90293411591e-05,0.000322548235102,0.00302048407291,0.00391632454807,0.00244209992069,0.000322548235102,2.90293411591e-05,0.000322548235102,0.276230441127,0.501260034241,0.211782364467
292,0.0284618309131,0.127161048506,0.0907818241414,0.032324390257,0.042867186309,0.0210335108805,0.0319621391409,0.00238750582012,0.0544388353944,0.0634766097,0.261477663638,0.2436274553,1,0.7,10,20,12,2,20,2.56053550637e-05,2.30448195573e-06,2.56053550637e-05,0.000324097442129,0.000296635819413,0.000116098624584,2.56053550637e-05,2.30448195573e-06,2.56053550637e-05,0.279093308961,0.506195310206,0.213867518562
293,0.172960525086,0.0594483288418,0.0251791411374,0.0588011433248,0.0562180012718,0.180176618794,0.0694212691127,0.134851751175,0.047413017991,0.0730372264287,0.000960217332045,0.121532759504,1,0.7,10,20,12,2,20,6.88296814076e-06,6.19467132669e-07,6.88296814076e-06,1.90064879673e-05,7.95272037541e-05,4.22690788156e-05,6.88296814076e-06,6.19467132669e-07,6.88296814076e-06,0.279404142342,0.506450814819,0.213975469261
294,0.0701074228794,0.0530002281037,0.0163701725552,0.0445742036343,0.0512231515222,0.0845978048682,0.117079839149,0.02947477697,0.186342419512,0.135809127513,0.00167860687453,0.209742246418,1,0.7,10,20,12,2,20,0.000130358034397,1.17322230958e-05,0.000130358034397,0.00271804803115,0.00171173628053,0.000370862149963,0.000130358034397,1.17322230958e-05,0.000130358034397,0.277733160262,0.503986851805,0.212934444888
295,0.138830647163,0.0132632003417,0.0586911986592,0.0821928828257,0.255080177016,0.000480646727501,0.083153241337,0.0119544647921,0.0493432051898,0.129279007153,0.0282280985751,0.149503230221,1,0.7,10,20,12,2,20,0.000127439205964,1.14695285368e-05,0.000127439205964,0.00900521500624,0.000692581752615,0.00154725044464,0.000127439205964,1.14695285368e-05,0.000127439205964,0.275831951513,0.500801620669,0.211588684733
296,0.0681028572571,0.019856049536,0.052200241208,0.146273319212,0.264930362184,0.0147544361761,0.0845489010613,0.0145393065962,0.00371090973455,0.0437577269711,0.187814373869,0.0995115161944,1,0.7,10,20,12,2,20,0.000110821139706,9.97390257353e-06,0.000110821139706,0.00574820483178,0.000903784066976,0.000880678043008,0.000110821139706,9.97390257353e-06,0.000110821139706,0.276807828212,0.502774181007,0.212422091475
297,0.0344392151967,0.00611214514772,0.13557273985,0.00286268105462,0.146651098411,0.137811421748,0.191043757789,0.0569378434718,0.0180743040751,0.0639337641367,0.12487792136,0.0816831077593,1,0.7,10,20,12,2,20,2.95489568933e-07,2.65940612039e-08,2.95489568933e-07,1.17775541878e-05,4.94786532951e-07,1.35438787967e-06,2.95489568933e-07,2.65940612039e-08,2.95489568933e-07,0.279049880188,0.506808617179,0.214126640758
298,0.0287756391422,0.0478905241065,0.0308350819273,0.148858938183,0.158671452621,0.0278282231961,0.0742375725852,0.117728711534,0.0541131106173,0.217497468833,0.0771867537186,0.016376523535,1,0.7,10,20,12,2,20,0.000109279719312,9.83517473805e-06,0.000109279719312,0.00470670369111,0.000784470407324,0.00153922606577,0.000109279719312,9.83517473805e-06,0.000109279719312,0.277264708955,0.502810616277,0.212437485377
299,0.085392945363,0.026066481131,0.0482111772717,0.127164613007,0.298114332723,0.0272764144726,0.00732098657313,0.169878139647,0.0120683984226,0.0142311922595,0.142409478073,0.0418658410556,1,0.7,10,20,12,2,20,1.29456868522e-06,1.1651118167e-07,1.29456868522e-06,9.42614241203e-06,8.54012417771e-06,3.5756276841e-06,1.29456868522e-06,1.1651118167e-07,1.29456868522e-06,0.279215865339,0.506683431613,0.214073749856
300,0.034173429895,0.124490648535,0.0460583415999,0.093387368782,0.245013402483,0.0540977166479,0.0332333637751,0.0672198038321,0.0452386048278,0.0551439131834,0.00712518257859,0.19481822386,1,0.7,10,20,12,2,20,0.000146651521748,1.31986369574e-05,0.000146651521748,0.00642783129088,0.00109761901828,0.000916645362326,0.000146651521748,1.31986369574e-05,0.000146651521748,0.276702016173,0.502103961191,0.212138923603
301,0.128184545732,0.0459921813513,0.014586159581,0.142964619641,0.000527679687408,0.274617251045,0.00839538415626,0.1080608395,0.128394841047,0.0657536625492,0.0498778277454,0.032645007964,1,0.7,10,20,12,2,20,0.000627433077885,5.64689770097e-05,0.000627433077885,0.00631813025248,0.00685779906401,0.00162546813604,0.000627433077885,5.64689770097e-05,0.000627433077885,0.274546594517,0.49773591407,0.210293423695
302,0.0439921428664,0.00262574486486,0.102084692172,0.0681612116205,0.0334445228913,0.0652771008103,0.168036765,0.0150781924082,0.285614752295,0.0277953695096,0.013484114071,0.174405391491,1,0.7,10,20,12,2,20,0.000335078971926,3.01571074733e-05,0.000335078971926,0.0112597702967,0.00226809871752,0.00107098146025,0.000335078971926,3.01571074733e-05,0.000335078971926,0.274732760835,0.498606508673,0.210661249914
303,0.0178544798439,0.0686073130255,0.216388677136,0.0115895021374,0.124004927498,0.0812179882494,0.0273046417809,0.0263692479437,0.223498744589,0.0689843264946,0.0858892951537,0.0482908561473,1,0.7,10,20,12,2,20,0.000411558103193,3.70402292874e-05,0.000411558103193,0.00533732025352,0.00362858173917,0.0016889274512,0.000411558103193,3.70402292874e-05,0.000411558103193,0.275681786322,0.500487220642,0.211455850721
304,0.00240479091641,0.193120263882,0.184657700781,0.123909796721,0.0399353207214,0.000960982978754,0.100706997537,0.0817178208648,0.0799874818144,0.0151316690963,0.0991178481936,0.0783493264931,1,0.7,10,20,12,2,20,0.00056464233512,5.08178101608e-05,0.00056464233512,0.0135155058487,0.00373363504426,0.00341875391682,0.00056464233512,5.08178101608e-05,0.00056464233512,0.272700994365,0.495093782682,0.209177123183
305,0.0341528310561,0.240386320115,0.0672303903366,0.0160313550837,0.0514672804545,0.0972209949762,0.28927824248,0.0541047899079,0.0678315203289,0.0598530822315,0.0209744131821,0.00146877984813,1,0.7,10,20,12,2,20,0.00162920129371,0.000146628116434,0.00162920129371,0.00969991315728,0.0204413074161,0.00468459953984,0.00162920129371,0.000146628116434,0.00162920129371,0.267558140399,0.485628104098,0.205177873981
306,0.0507395945661,0.10655104514,0.0325132618845,0.0539777335607,0.128809958444,0.0744101276104,0.134003990074,0.0817071254828,0.0475384772801,0.0538898851378,0.0487698878712,0.187088912948,1,0.7,10,20,12,2,20,0.000138874891905,1.24987402715e-05,0.000138874891905,0.00195707522674,0.00243304512974,0.000281075080587,0.000138874891905,1.24987402715e-05,0.000138874891905,0.277662960265,0.504102177328,0.212983169921
307,0.138928559311,0.0165299621749,0.0470607340166,0.177598060639,0.0403875519904,0.124837413565,0.0104913146313,0.020298096892,0.0184911194288,0.135625637781,0.136640755931,0.133110793639,1,0.7,10,20,12,2,20,6.05944887461e-05,5.45350398715e-06,6.05944887461e-05,0.000627317554523,0.00132274857613,0.00029092584061,6.05944887461e-05,5.45350398715e-06,6.05944887461e-05,0.278240581066,0.505634546221,0.213630595779
308,0.00708308747772,0.139184567895,0.130797754567,0.10039250604,0.0577693335649,0.00206319779319,0.0327744792267,0.0162160952382,0.18160973975,0.107596254864,0.0564199404823,0.168093043101,1,0.7,10,20,12,2,20,0.00013682964841,1.23146683569e-05,0.00013682964841,0.00210095229895,0.00174376307383,0.000826532557928,0.00013682964841,1.23146683569e-05,0.00013682964841,0.277768086034,0.504034248228,0.212954469876
309,0.0182611984035,0.144312705901,0.0571526872633,0.229979287425,0.0150891405694,0.0283256467076,0.0564336747076,0.124630016775,0.0765255214934,0.0283226633071,0.0474208071345,0.173546650313,1,0.7,10,20,12,2,20,0.000186863958745,1.6817756287e-05,0.000186863958745,0.00105608435401,0.000943505771998,0.00127580856196,0.000186863958745,1.6817756287e-05,0.000186863958745,0.278317955612,0.504481936276,0.213143618077
310,0.00490644413702,0.0553915565062,0.153297457783,0.0959545900087,0.0413633026665,0.0348213174459,0.123746528811,0.0934888659416,0.00816296402443,0.195158355254,0.120096238107,0.0736123793131,1,0.7,10,20,12,2,20,7.34122788634e-05,6.60710509771e-06,7.34122788634e-05,0.00372034085471,0.00195801571341,0.000845663996813,7.34122788634e-05,6.60710509771e-06,7.34122788634e-05,0.277219210132,0.503303976082,0.212645929895
311,0.201992481706,0.0169649188583,0.176051836653,0.0704213528802,0.00693169517799,0.0427037921875,0.0571086464681,0.0378151583596,0.0652039263228,0.156593608796,0.152463185824,0.0157493967655,1,0.7,10,20,12,2,20,0.000232246102114,2.09021491903e-05,0.000232246102114,0.0141810033614,0.00158035003313,0.00237241913768,0.000232246102114,2.09021491903e-05,0.000232246102114,0.274028166624,0.496918996229,0.209948275907
312,0.0799065593516,0.119917846861,0.088817954236,0.0343170720997,0.0702664712654,0.418299090799,0.0180527507314,0.0301931386484,0.0229620648854,0.0200724830645,0.00344798831331,0.0937465797446,1,0.7,10,20,12,2,20,0.000381659864919,3.43493878427e-05,0.000381659864919,0.0205790022088,0.00741393404805,0.00105934597998,0.000381659864919,3.43493878427e-05,0.000381659864919,0.270504727565,0.491281301907,0.207566350056
313,0.0279583408255,0.0234183746061,0.186521823888,0.123521703451,0.134670478428,0.0904574303838,0.0830441342722,0.0513456622148,0.0789937966177,0.0344054825427,0.0615803855824,0.104082387188,1,0.7,10,20,12,2,20,0.000421535548391,3.79381993552e-05,0.000421535548391,0.0237051726326,0.00869439100189,0.00181434899187,0.000421535548391,3.79381993552e-05,0.000421535548391,0.269229385703,0.488432114642,0.206362568436
314,0.250488078517,0.143231725505,0.0198510833503,0.101145649035,0.102317239209,0.014224254015,0.0875043749144,0.0441093497632,0.140801602516,0.0495225021023,0.0152487778822,0.0315553631907,1,0.7,10,20,12,2,20,0.000399062537237,3.59156283513e-05,0.000399062537237,0.0359905369125,0.0126931467099,0.0015184907164,0.000399062537237,3.59156283513e-05,0.000399062537237,0.264456786476,0.48061367858,0.2030592792
315,0.101074598861,0.0277547679882,0.0678180806758,0.020241408125,0.0615556798299,0.0859118539694,0.0723821381974,0.0350554353393,0.190018028917,0.136485133442,0.169724165244,0.0319787094101,1,0.7,10,20,12,2,20,0.000155558103082,1.40002292774e-05,0.000155558103082,0.00408148173083,0.00132251833574,0.000382710755389,0.000155558103082,1.40002292774e-05,0.000155558103082,0.27757320224,0.503332059098,0.212657794969
316,0.0404136736585,0.255656974461,0.0101546562047,0.273816540903,0.0105087149615,0.100361274421,0.00806374537456,0.0714550338063,0.127383357695,0.0419325359439,0.0538550862821,0.00639840628833,1,0.7,10,20,12,2,20,0.000465021452993,4.18519307694e-05,0.000465021452993,0.0185325045044,0.00366563610765,0.00282927049882,0.000465021452993,4.18519307694e-05,0.000465021452993,0.271358848349,0.493265343316,0.208404607551
317,0.00462694456165,0.177950891457,0.117775561049,0.0869633772453,0.0675015910289,0.138113255609,0.0581969056121,0.0422287994257,0.0168516604361,0.224707741532,0.028007935037,0.0370753370068,1,0.7,10,20,12,2,20,4.54411869226e-06,4.08970682303e-07,4.54411869226e-06,1.13375994944e-05,8.80004720712e-05,6.17424515603e-06,4.54411869226e-06,4.08970682303e-07,4.54411869226e-06,0.27918475511,0.506636722782,0.214054015375
318,0.150972160072,0.0525725887545,0.117325249812,0.0854952108041,0.0181356863673,0.018580221188,0.113690750958,0.107330103221,0.0130933439303,0.0295584537389,0.278423949624,0.0148222815294,1,0.7,10,20,12,2,20,0.00012216604139,1.09949437251e-05,0.00012216604139,0.00215776820843,0.000711185757372,0.000546736156849,0.00012216604139,1.09949437251e-05,0.00012216604139,0.278159312144,0.504684951621,0.21322939206
319,0.0409587219963,0.0499278803319,0.219339951568,0.103122571862,0.0265297615521,0.125654868178,0.00590952189906,0.0362584738016,0.027195539628,0.243456719874,0.0817059416027,0.0399400477054,1,0.7,10,20,12,2,20,6.21051292228e-05,5.58946163005e-06,6.21051292228e-05,0.000394889340903,0.00093388283255,0.000215176696896,6.21051292228e-05,5.58946163005e-06,6.21051292228e-05,0.278596357927,0.50587001319,0.213730080573
320,0.010549823371,0.0411107203681,0.28707992308,0.0240813124185,0.0162404820454,0.1219379346,0.0389568521147,0.0664633236671,0.126747421521,0.0164586326534,0.244971375883,0.00540219827811,1,0.7,10,20,12,2,20,1.61972978712e-06,1.45775680841e-07,1.61972978712e-06,2.07733111675e-05,5.83096758731e-06,3.22879508642e-06,1.61972978712e-06,1.45775680841e-07,1.61972978712e-06,0.279151814832,0.506721674252,0.214089907372
321,0.0883332752213,0.0180567472988,0.0579385266728,0.423641126181,0.0113661002135,0.166684668599,0.1337296764,0.0109953219795,0.0159998866729,0.060657017372,0.0124240381007,0.000173615287829,1,0.7,10,20,12,2,20,0.00279195771363,0.000251276194227,0.00279195771363,0.062728285366,0.0241354010787,0.00826512970941,0.00279195771363,0.000251276194227,0.00279195771363,0.249410107724,0.452576936998,0.191213755882
322,0.288142082413,0.03165972603,0.0888469175342,0.11758209263,0.0841397176018,0.0375840890608,0.0299913068826,0.0126085570825,0.0223983124337,0.217299218382,0.0456894671691,0.0240585127804,1,0.7,10,20,12,2,20,9.61390485665e-05,8.65251437098e-06,9.61390485665e-05,0.000560949990433,0.00157680885279,0.000322101533729,9.61390485665e-05,8.65251437098e-06,9.61390485665e-05,0.278518987953,0.505180520525,0.213438769922
323,0.0421683062624,0.0190202498737,0.0164556628394,0.0178002667881,0.233643232355,0.0127001808898,0.0155115177542,0.0330871406511,0.450651421943,0.0486870291964,0.0336140968841,0.0766608945627,1,0.7,10,20,12,2,20,0.000779677587433,7.01709828689e-05,0.000779677587433,0.0467955601181,0.00937725270966,0.00329229615218,0.000779677587433,7.01709828689e-05,0.000779677587433,0.26155218309,0.475025416953,0.200698238662
324,0.00229103047571,0.0332774197726,0.00591736896895,0.046757467834,0.141122560363,0.0286677413506,0.0390423709109,0.438059825982,0.0849871777303,0.132109808486,0.00427322651453,0.0434940016115,1,0.7,10,20,12,2,20,1.09909780606e-05,9.89188025451e-07,1.09909780606e-05,2.54040338977e-05,5.8472960494e-05,8.0354074372e-05,1.09909780606e-05,9.89188025451e-07,1.09909780606e-05,0.279116063604,0.506624789482,0.214048973556
325,0.124980627468,0.00461976177077,0.000894791424549,0.0553312639003,0.0753544797673,0.00680562098967,0.175080034542,0.0575500844767,0.203212879862,0.0640731442146,0.204111513935,0.0279857976492,1,0.7,10,20,12,2,20,0.000223448782318,2.01103904086e-05,0.000223448782318,0.00441367161484,0.00293951929956,0.000389942201275,0.000223448782318,2.01103904086e-05,0.000223448782318,0.276558108272,0.50247082088,0.212293921822
326,0.147640307463,0.134470386062,0.0435180358345,0.000896110733861,0.0298022146283,0.02093340395,0.0712503436609,0.108000014603,0.179964247998,0.0511696426346,0.0724636469741,0.139891645458,1,0.7,10,20,12,2,20,2.25784363037e-06,2.03205926733e-07,2.25784363037e-06,5.56474708223e-06,5.21231980461e-06,2.4756608167e-05,2.25784363037e-06,2.03205926733e-07,2.25784363037e-06,0.279400126124,0.506541231926,0.214013670489
327,0.0699830406347,0.12553715786,0.0332138089495,0.0123383200563,0.041288495337,0.406766628129,0.0483477853343,0.0413534917337,0.12539487616,0.0192622582524,0.057753338288,0.0187607992646,1,0.7,10,20,12,2,20,2.10605185591e-05,1.89544667032e-06,2.10605185591e-05,0.000266839746772,0.000511456048934,8.43130164425e-05,2.10605185591e-05,1.89544667032e-06,2.10605185591e-05,0.279001258993,0.50618495552,0.213863143707
328,0.0341302701241,0.0965231981373,0.0772241073974,0.0746655230016,0.0325882648507,0.0444130245341,0.0175722710079,0.0622045168236,0.00299875554218,0.170660129018,0.383428660176,0.00359127938766,1,0.7,10,20,12,2,20,3.23551494895e-05,2.91196345405e-06,3.23551494895e-05,0.000297499284047,0.000568860796621,3.23829674676e-05,3.23551494895e-05,2.91196345405e-06,3.23551494895e-05,0.279076552276,0.506073434201,0.21381602595
329,0.398849300582,0.022880392043,0.0139355260437,0.0215709356298,0.0581674632784,0.137517273498,0.0786321815794,0.0584163762623,0.0707167811575,0.0231150883473,0.110296885034,0.00590179654453,1,0.7,10,20,12,2,20,7.72101291682e-07,6.94891162514e-08,7.72101291682e-07,4.10275183253e-06,1.55889993637e-06,2.03503066269e-06,7.72101291682e-07,6.94891162514e-08,7.72101291682e-07,0.279412100085,0.506556749279,0.21402022657
330,0.0885990330883,0.121706664074,0.107052009896,0.16498607399,0.0290509059393,0.0662951341867,0.0450008218386,0.0243791597763,0.141593175481,0.0391673583509,0.0216254453103,0.150544218068,1,0.7,10,20,12,2,20,0.000369918091616,3.32926282454e-05,0.000369918091616,0.00412557404504,0.00345514519244,0.00129225843873,0.000369918091616,3.32926282454e-05,0.000369918091616,0.276322768498,0.501411596627,0.211846399575
331,0.174271053922,0.102208975468,0.0237906849137,0.0869795640796,0.197969002304,0.125655821721,0.00633039944447,0.0361523752696,0.155997017523,0.0171239820869,0.0560215088947,0.0174996143732,1,0.7,10,20,12,2,20,0.000620263709338,5.58237338404e-05,0.000620263709338,0.0215824944185,0.00390273051022,0.00820507746322,0.000620263709338,5.58237338404e-05,0.000620263709338,0.268915174629,0.488437132284,0.20636468839
332,0.166016743393,0.0402086022562,0.115383638998,0.152000007926,0.0773336571215,0.141012688364,0.0198607612383,0.106101734253,0.00368195925701,0.0680933565342,0.0563918471845,0.0539150034731,1,0.7,10,20,12,2,20,0.000178113634771,1.60302271294e-05,0.000178113634771,0.00495908633498,0.00566980503997,0.000528704656667,0.000178113634771,1.60302271294e-05,0.000178113634771,0.275981103148,0.500609339773,0.211507446054
333,0.0012124373422,0.0646535026872,0.00915157433912,0.172645440808,0.0223928924405,0.0734612824675,0.242799108836,0.0976718326744,0.0479601477835,0.0471086595556,0.115626186971,0.105316934096,1,0.7,10,20,12,2,20,0.000148049572373,1.33244615136e-05,0.000148049572373,0.00497993919433,0.00508243648988,0.000389754117499,0.000148049572373,1.33244615136e-05,0.000148049572373,0.276130859649,0.50108833978,0.211709823557
334,0.126977851123,0.0490038039123,0.0308700089865,0.0750295787525,0.213705124232,0.0320826236875,0.0338524149595,0.0724478513751,0.200815962205,0.0197425658469,0.14463592238,0.000836292538985,1,0.7,10,20,12,2,20,0.000588586264093,5.29727637684e-05,0.000588586264093,0.0197207359956,0.0101539537811,0.00351034942762,0.000588586264093,5.29727637684e-05,0.000588586264093,0.269316287801,0.488462834735,0.206375547676
335,0.157405057464,0.0991793725332,0.0187098958962,0.0879001812604,0.130971360184,0.0742465861824,0.0156772660658,0.100748903248,0.064134104578,0.104303833806,0.0719784057305,0.0747450330516,1,0.7,10,20,12,2,20,0.000130817959392,1.17736163453e-05,0.000130817959392,0.000855001465811,0.00103497296474,0.00157244419628,0.000130817959392,1.17736163453e-05,0.000130817959392,0.278106301401,0.504663944395,0.213220516507
336,0.0199142034396,0.110626885457,0.0013586955116,0.0445454523768,0.0438969347275,0.0910583045844,0.0664549905406,0.294220549789,0.252500837002,0.0253763878504,0.0382247817882,0.0118219769327,1,0.7,10,20,12,2,20,0.00142315398513,0.000128083858662,0.00142315398513,0.0365062700022,0.0344189737282,0.00635164416267,0.00142315398513,0.000128083858662,0.00142315398513,0.256081445636,0.464458968586,0.196233914228
337,0.080873777723,0.133852713869,0.0510904218986,0.190329961263,0.070654790902,0.0113875751767,0.129076450752,0.142946558636,0.062183175137,0.0719584966855,0.0409659403012,0.0146801376558,1,0.7,10,20,12,2,20,0.00125693787547,0.000113124408792,0.00125693787547,0.0522912756279,0.00669067316205,0.00859646175179,0.00125693787547,0.000113124408792,0.00125693787547,0.258731534509,0.469902323114,0.198533731516
338,0.0387268567507,0.140079532194,0.0098178399024,0.0506069333078,0.113393098615,0.0283632208973,0.00221422128064,0.118295239819,0.156779126684,0.00872342657054,0.297354930713,0.0356455732653,1,0.7,10,20,12,2,20,5.5989960347e-05,5.03909643123e-06,5.5989960347e-05,0.00014528341274,0.000393836969375,0.000107994756509,5.5989960347e-05,5.03909643123e-06,5.5989960347e-05,0.278810170553,0.506368137978,0.213940538296
339,0.0293529781218,0.081867028024,0.0365432497495,0.251250252798,0.0338408546922,0.0176566288424,0.0981014311917,0.214567261437,0.0418992987626,0.0119174412672,0.140703786036,0.0422997890773,1,0.7,10,20,12,2,20,0.000482239631969,4.34015668772e-05,0.000482239631969,0.00757767200101,0.00321330111756,0.00306275353371,0.000482239631969,4.34015668772e-05,0.000482239631969,0.274892604233,0.498585523693,0.21065238376
340,0.0849406176727,0.0213316077199,0.0088955282721,0.00848260753661,0.0105350521949,0.187586958713,0.0307945791355,0.0100311032085,0.0935957325166,0.098334379207,0.121261840476,0.324209993346,1,0.7,10,20,12,2,20,3.17047244993e-05,2.85342520494e-06,3.17047244993e-05,0.00232718928985,0.000452363784195,0.000266864121901,3.17047244993e-05,2.85342520494e-06,3.17047244993e-05,0.278287454968,0.505120282663,0.213413319425
341,0.0841161455826,0.0245736458412,0.00335970693342,0.139703221006,0.0106789336317,0.0691549429808,0.0364635099882,0.0516366888538,0.249096832898,0.16591573365,0.0866112216092,0.0786894170249,1,0.7,10,20,12,2,20,0.00016584410347,1.49259693123e-05,0.00016584410347,0.00519028224585,0.00321605564065,0.000381189985017,0.00016584410347,1.49259693123e-05,0.00016584410347,0.276637533875,0.501850059684,0.212031650217
342,0.0903015090587,0.0380652059935,0.0129667990693,0.200121248955,0.124992122863,0.156747666035,0.00498751840651,0.106180573841,0.053179052741,0.130800981574,0.046955246812,0.0347020746525,1,0.7,10,20,12,2,20,0.000682382394715,6.14144155244e-05,0.000682382394715,0.0142407683495,0.00505307966142,0.0016907529513,0.000682382394715,6.14144155244e-05,0.000682382394715,0.272250558598,0.494841815135,0.209070666895
343,0.312643649906,0.129279424517,0.0279117783831,0.0475865922665,0.029613212908,0.227004558457,0.0320191580618,0.00636968360159,0.00808472151066,0.109951286544,0.0379109294319,0.0316250044123,1,0.7,10,20,12,2,20,0.000576954647911,5.1925918312e-05,0.000576954647911,0.00888303222629,0.00379348669912,0.00341038946556,0.000576954647911,5.1925918312e-05,0.000576954647911,0.274110268092,0.497287278094,0.210103874995
344,0.00868536197761,0.0019642617548,0.158893764743,0.0988038528133,0.00236570764643,0.109478873954,0.183911031369,0.0172285128444,3.29502462229e-05,0.345238691604,0.0696929317381,0.00370405930903,1,0.7,10,20,12,2,20,5.08351196734e-05,4.5751607706e-06,5.08351196734e-05,0.0110055452479,0.00099794653115,0.000480062774192,5.08351196734e-05,4.5751607706e-06,5.08351196734e-05,0.275762528276,0.500204869153,0.211336557217
345,0.0469499414142,0.0270410490115,0.211349419761,0.0358682008384,0.0547303371474,0.0139963443454,0.207159221236,0.113817345227,0.0968691815313,0.0970829790961,0.0385221643452,0.0566138160463,1,0.7,10,20,12,2,20,0.000499796931376,4.49817238238e-05,0.000499796931376,0.0117996083556,0.00546688482358,0.00265827286217,0.000499796931376,4.49817238238e-05,0.000499796931376,0.2731798408,0.495470117389,0.209336124597
346,0.123405491105,0.0751197917699,0.169311489458,0.148943407491,0.017177669938,0.0602721902363,0.0912010975545,0.0156925289862,0.118636633694,0.131282304583,0.00314090304518,0.0458164921384,1,0.7,10,20,12,2,20,0.000192909803014,1.73618822713e-05,0.000192909803014,0.0249641808109,0.00344410914536,0.00145857622808,0.000192909803014,1.73618822713e-05,0.000192909803014,0.27049710368,0.491268658811,0.207561008348
347,0.0214314506393,0.0827658499194,0.115497705721,0.135503491973,0.00874301815286,0.0228952108525,0.177896581901,0.00462716749148,0.121167697003,0.284053515368,0.0131706962347,0.012247614744,1,0.7,10,20,12,2,20,0.000131661563377,1.1849540704e-05,0.000131661563377,0.00955764062139,0.000791171130518,0.000661146371737,0.000131661563377,1.1849540704e-05,0.000131661563377,0.27590944926,0.500899998089,0.211630249192
348,0.126751755867,0.122889585731,0.0563493128475,0.0652904358113,0.0056595071087,0.112987799082,0.0320310258715,0.105411762697,0.0900480801327,0.121826634114,0.0288672695601,0.131886831178,1,0.7,10,20,12,2,20,0.000137925269973,1.24132742975e-05,0.000137925269973,0.00209841183032,0.00247991445504,0.000671354631017,0.000137925269973,1.24132742975e-05,0.000137925269973,0.277635133832,0.503717861247,0.212820796377
349,0.0997171453343,0.0462125467737,0.0361208148816,0.151228624892,0.0896379356981,0.0880764048545,0.145040074008,0.0156625812709,0.169559430495,0.119871180317,0.0152463108625,0.0236269506128,1,0.7,10,20,12,2,20,0.000359875181856,3.2388766367e-05,0.000359875181856,0.0125119222221,0.00058752231966,0.00438681157899,0.000359875181856,3.2388766367e-05,0.000359875181856,0.273839329721,0.497131905728,0.21003823017
350,0.0864715398447,0.307397352792,0.0360714478477,0.00307980828951,0.0769550005704,0.00942573295672,0.10085642944,0.229516922606,0.0544462079988,0.000888505274979,0.0158574583244,0.0790335940546,1,0.7,10,20,12,2,20,0.0016532767781,0.000148794910029,0.0016532767781,0.0065245235483,0.0120976881456,0.00214706815871,0.0016532767781,0.000148794910029,0.0016532767781,0.271716323716,0.492515781721,0.208087917777
351,0.0570051222279,0.0638516590365,0.00528586743754,0.04770658639,0.061419139712,0.299571117751,0.0389235663931,0.0756899735363,0.122891349816,0.0223315091027,0.111183884058,0.094140224539,1,0.7,10,20,12,2,20,0.000200717074655,1.80645367189e-05,0.000200717074655,0.00419988694677,0.00106098039998,0.00225750182309,0.000200717074655,1.80645367189e-05,0.000200717074655,0.276665894094,0.502619851925,0.212356887438
352,0.149674794176,0.185396365509,0.0619570944287,0.0187470309702,0.131082259627,0.0835173157328,0.0480380055235,0.0102792226737,0.109646796235,0.0575298774922,0.0103584067244,0.133772830909,1,0.7,10,20,12,2,20,0.000161260329795,1.45134296815e-05,0.000161260329795,0.00806087762077,0.00549536869623,0.00042795129018,0.000161260329795,1.45134296815e-05,0.000161260329795,0.27498947966,0.499368895996,0.210983358558
353,0.0315594733248,0.136374156303,0.173883505937,0.0501429057876,0.00333610117337,0.0927813530697,0.118716064608,0.151351554016,0.0192988568379,0.0704831390249,0.131746637062,0.0203262528557,1,0.7,10,20,12,2,20,0.000179944053449,1.61949648104e-05,0.000179944053449,0.00894428859768,0.00324091632702,0.00101002646237,0.000179944053449,1.61949648104e-05,0.000179944053449,0.275316484204,0.499638747462,0.211097370803
354,0.0887562342638,0.0231351836308,0.112989341243,0.0241268724464,0.0839477444552,0.0903288849533,0.0298654426485,0.17238692409,0.0783270507408,0.0813635852998,0.0379920337674,0.17678070246,1,0.7,10,20,12,2,20,7.97344940425e-08,7.17610446382e-09,7.97344940425e-08,7.99007535153e-06,7.02346119665e-07,1.99154535601e-07,7.97344940425e-08,7.17610446382e-09,7.97344940425e-08,0.279228296553,0.506687155417,0.214075323164
355,0.365220986247,0.00215222906359,0.0241252472393,0.0942994184864,0.042405687661,0.026731373137,0.11878996876,0.133349374743,0.00853739257163,0.00467657688021,0.0647578751595,0.114953870051,1,0.7,10,20,12,2,20,0.000486585265063,4.37926738557e-05,0.000486585265063,0.0183734109023,0.00665332378351,0.0036966653546,0.000486585265063,4.37926738557e-05,0.000486585265063,0.270550651673,0.491171895872,0.207520126006
356,0.00708980806736,0.0247853310696,0.433391987765,0.0741824075644,0.106225375651,0.160838401979,0.0211470044487,0.00581530717218,0.0197345354383,0.0782063284485,0.034741187074,0.0338423253216,1,0.7,10,20,12,2,20,0.000334936282105,3.01442653894e-05,0.000334936282105,0.0234840084599,0.00204724529735,0.00438209563229,0.000334936282105,3.01442653894e-05,0.000334936282105,0.270066088621,0.491121636788,0.207498891543
357,0.0336735022472,0.18532347971,0.18528012073,0.0144321989049,0.0210148603152,0.0131274537907,0.035503750208,0.0738268033535,0.108474521823,0.191888248504,0.133913090488,0.00354196992526,1,0.7,10,20,12,2,20,0.000133936837288,1.20543153559e-05,0.000133936837288,0.00597165687006,0.00232789593602,0.00185240866492,0.000133936837288,1.20543153559e-05,0.000133936837288,0.276270737191,0.501242492343,0.211774953015
358,0.133106025476,0.194094798572,0.105784767983,0.0644442242417,0.0801789699126,0.0374815865299,0.000424921571665,0.0259190479456,0.0846081380564,0.0556040320074,0.02763713895,0.190716348754,1,0.7,10,20,12,2,20,8.62269387957e-05,7.76042449162e-06,8.62269387957e-05,0.00235198742153,0.00209226442123,0.00045251268812,8.62269387957e-05,7.76042449162e-06,8.62269387957e-05,0.277859231575,0.503960334123,0.212923241167
359,0.0362267816063,0.0127380842033,0.312212521343,0.0449526202454,0.0195200288183,0.253524398208,0.273415610975,0.0145629986238,0.0126056354797,0.0153372102869,0.00355747951666,0.00134663069364,1,0.7,10,20,12,2,20,0.00156429593804,0.000140786634424,0.00156429593804,0.106466788173,0.011799712107,0.0166084397477,0.00156429593804,0.000140786634424,0.00156429593804,0.238592001544,0.435848366543,0.184145934864
360,0.00295594257859,0.17952692044,0.179880727463,0.142883396389,0.00994020617755,0.234422937036,0.0316017956385,0.0693195444488,0.0411419614033,0.0493322893599,0.0238336125461,0.0351606665186,1,0.7,10,20,12,2,20,0.000636116720425,5.72505048382e-05,0.000636116720425,0.00170186253297,0.00894773378086,0.000749479048042,0.000636116720425,5.72505048382e-05,0.000636116720425,0.275300392977,0.499572276815,0.211069286954
361,0.0148009101478,0.179475213247,0.138813019044,0.0151225638154,0.106639630736,0.040053149877,0.0958272041313,0.133832900576,0.00290088881363,0.0784792551179,0.159771753923,0.0342835105691,1,0.7,10,20,12,2,20,0.00010315926797,9.28433411731e-06,0.00010315926797,0.00888442275941,0.00147220114263,0.000406076808086,0.00010315926797,9.28433411731e-06,0.00010315926797,0.276151422613,0.500987466388,0.211667204549
362,0.0610665564706,0.0440147753903,0.0754568588887,0.00486174900602,0.0577299680244,0.130106563263,0.0347138443384,0.340072481702,0.0529411118636,0.0261627999914,0.0984482457205,0.074425045341,1,0.7,10,20,12,2,20,0.000440551253575,3.96496128217e-05,0.000440551253575,0.0132100493863,0.0035551651584,0.00500265743917,0.000440551253575,3.96496128217e-05,0.000440551253575,0.272734190121,0.494661816278,0.208994617378
363,0.025049091885,0.0105338184084,0.00437040140329,0.0625974256822,0.179230254533,0.0412808714473,0.0433050589625,0.18695225686,0.0118858029588,0.0745362380937,0.0767788026884,0.283479977078,1,0.7,10,20,12,2,20,0.000147247701272,1.32522931145e-05,0.000147247701272,0.00255067625896,0.000952557596394,0.000435502125548,0.000147247701272,1.32522931145e-05,0.000147247701272,0.278056875602,0.504315566275,0.213073326751
364,0.0207844291393,0.0820486006769,0.0731071743677,0.279115444299,0.325114921033,0.068414109576,0.0678155040911,0.000441850503112,0.0141041773873,0.0101262416296,0.0100621679608,0.0488653793364,1,0.7,10,20,12,2,20,0.00136833287832,0.000123149959049,0.00136833287832,0.0296950011773,0.036205677092,0.00259273717494,0.00136833287832,0.000123149959049,0.00136833287832,0.258712481639,0.468945146914,0.198129324571
365,0.0892392508658,0.0859587723234,0.169475552929,0.0159564341669,0.0201779754459,0.16923131736,0.195774790245,0.0129601781303,0.0836818044618,0.037025819496,0.0369630908063,0.0835550137694,1,0.7,10,20,12,2,20,0.000334372718284,3.00935446456e-05,0.000334372718284,0.0121499130277,0.00389846599636,0.00171901639516,0.000334372718284,3.00935446456e-05,0.000334372718284,0.273819004791,0.497023495133,0.209992426694
366,0.0200129713424,0.0972151670639,0.0593188465061,0.00558488838552,0.040401994848,0.297510234121,0.136712586444,0.0540260444615,0.105097536114,0.0113708008453,0.111932951003,0.0608159788651,1,0.7,10,20,12,2,20,0.000240495246207,2.16445721587e-05,0.000240495246207,0.0102346894033,0.00412260298178,0.00122937110052,0.000240495246207,2.16445721587e-05,0.000240495246207,0.274564529146,0.498308286284,0.210535250955
367,0.119198344373,0.0382107948544,0.120197219304,0.110559242167,0.0651595385262,0.0326950747795,0.10044512548,0.0226058503533,0.0889106876421,0.0103011720212,0.259131805372,0.0325851451273,1,0.7,10,20,12,2,20,0.000145821404177,1.31239263759e-05,0.000145821404177,0.00312617443602,0.00302345578567,0.000372488340483,0.000145821404177,1.31239263759e-05,0.000145821404177,0.277070141215,0.503197333394,0.212600873359
368,0.0189428903029,0.0307520051741,0.279873857458,0.191794881615,0.0648562871912,0.0791619406036,0.0458351086135,0.0532887721891,0.0987967571654,0.0409084910609,0.0675112264645,0.028277782162,1,0.7,10,20,12,2,20,3.22636780276e-06,2.90373102248e-07,3.22636780276e-06,1.51873433177e-05,0.000132648391516,2.49323795116e-06,3.22636780276e-06,2.90373102248e-07,3.22636780276e-06,0.279234934464,0.506573813951,0.214027436394
369,0.173790253315,0.00910312129228,0.0135712862767,0.0934684657247,0.020869777971,0.0760938961826,0.229651937341,0.0172587542434,0.15601498421,0.0680356950422,0.0334326223577,0.108709206043,1,0.7,10,20,12,2,20,0.000203151153833,1.82836038449e-05,0.000203151153833,0.00983113471765,0.00239150845059,0.00276959714113,0.000203151153833,1.82836038449e-05,0.000203151153833,0.274759813044,0.498698611476,0.210700163348
370,0.0876717606535,0.12271560316,0.0133028907759,0.208370972073,0.147273529297,0.00950235655246,0.0568091706435,0.17739476644,0.0295829680223,0.0318035338311,0.107328627617,0.00824382093408,1,0.7,10,20,12,2,20,0.000870633180974,7.83569862877e-05,0.000870633180974,0.0236877792288,0.00785945139959,0.00498248233412,0.000870633180974,7.83569862877e-05,0.000870633180974,0.267896202618,0.48642167854,0.205513159183
371,0.068838397043,0.029555064356,0.282796127459,0.039397610522,0.0270161690257,0.00677883818034,0.130400759002,0.0608906754699,0.101119009002,0.000288993229868,0.068419466547,0.184498890163,1,0.7,10,20,12,2,20,0.000341660466878,3.07494420191e-05,0.000341660466878,0.00529569590537,0.000888550901653,0.00272544861065,0.000341660466878,3.07494420191e-05,0.000341660466878,0.276375231275,0.501431938528,0.211854994028
372,0.0854270044219,0.0501013659815,0.0267547124382,0.139190048149,0.100662763894,0.136037310763,0.0778810881027,0.0178691847572,0.0732118136584,0.0945382593489,0.0790461331661,0.11928031532,1,0.7,10,20,12,2,20,0.000220687643476,1.98618879129e-05,0.000220687643476,0.00242619634725,0.00132552075209,0.00111578898626,0.000220687643476,1.98618879129e-05,0.000220687643476,0.277440332995,0.503880271754,0.212889414816
373,0.156423667873,0.295877614649,0.0214355058966,0.0122687360325,0.0379082427105,0.0113106970434,0.2500723595,0.0912151516132,0.00817970610005,0.0059305376613,0.0433953221036,0.0659824588164,1,0.7,10,20,12,2,20,0.000530982716986,4.77884445287e-05,0.000530982716986,0.0257617458326,0.00664352332485,0.00425645574203,0.000530982716986,4.77884445287e-05,0.000530982716986,0.268072046537,0.487203318669,0.205843402137
374,0.174106451128,0.0294791077387,0.0298714871163,0.0274476081235,0.10661830505,0.0947804840129,0.159480046693,0.0570889383652,0.1400598472,0.0443285796805,0.10137504383,0.0353641010635,1,0.7,10,20,12,2,20,0.000429669546636,3.86702591972e-05,0.000429669546636,0.00829917912954,0.00637589117929,0.00270785503253,0.000429669546636,3.86702591972e-05,0.000429669546636,0.273929040247,0.496936390655,0.209955625052
375,0.0202741109706,0.231302106871,0.0158979431336,0.0954810828374,0.0487654888353,0.0373648768622,0.0339888321605,0.0186642627901,0.0592771481745,0.111030830687,0.0914325728104,0.236520743867,1,0.7,10,20,12,2,20,6.5165070298e-05,5.86485632682e-06,6.5165070298e-05,0.00389841957422,0.00128768901013,0.000344195060129,6.5165070298e-05,5.86485632682e-06,6.5165070298e-05,0.277664780319,0.503713550821,0.212818975222
376,0.0455104282921,0.000669386342335,0.128214914344,0.0832923349236,0.208295521938,0.0562747815434,0.0731446427879,0.0488827919764,0.039546039302,0.180842327534,0.114945266035,0.0203815649809,1,0.7,10,20,12,2,20,0.000137958512388,1.2416266115e-05,0.000137958512388,0.0105634623776,0.00191350493691,0.000647652596037,0.000137958512388,1.2416266115e-05,0.000137958512388,0.275378696568,0.499768025968,0.211151990972
377,0.0451230265174,0.00219443066719,0.151361132217,0.0144707387626,0.0229727077614,0.156973511551,0.049698905901,0.0473279244543,0.344847185402,0.106251978396,0.0216920489655,0.037086409405,1,0.7,10,20,12,2,20,0.000277038110575,2.49334299517e-05,0.000277038110575,0.0125747317045,0.00202325444982,0.00294634860565,0.000277038110575,2.49334299517e-05,0.000277038110575,0.273759759098,0.497390430116,0.210147456724
378,0.0641777337061,0.0350169757099,0.0639207575143,0.335961135076,0.117393622678,0.00655758548178,0.0706198164828,0.104085501371,0.0566709602964,0.0800601120802,0.0607646648065,0.00477113479651,1,0.7,10,20,12,2,20,0.000344770105309,3.10293094778e-05,0.000344770105309,0.0145240946254,0.00581519772834,0.00116119798303,0.000344770105309,3.10293094778e-05,0.000344770105309,0.272690588046,0.495161885819,0.209205896758
379,0.088011922192,0.0539671518604,0.154587095023,0.186435491825,0.0409144094451,0.178383230472,0.00295301582575,0.0204304678563,0.00251470197,0.102322470578,0.145559520206,0.0239205227464,1,0.7,10,20,12,2,20,4.99648939881e-07,4.49684045893e-08,4.99648939881e-07,6.73275519235e-06,6.55496305809e-06,2.51845727813e-06,4.99648939881e-07,4.49684045893e-08,4.99648939881e-07,0.279220765154,0.506686355106,0.214074985032
380,0.00769773891124,0.200723520959,0.0798451506425,0.0599766746184,0.0239506307838,0.0134817788422,0.179487890984,0.0447826597987,0.0589856774774,0.134306156232,0.116906856435,0.0798552643149,1,0.7,10,20,12,2,20,7.85304811603e-05,7.06774330443e-06,7.85304811603e-05,0.000436922523092,0.00114333074286,8.63142076677e-05,7.85304811603e-05,7.06774330443e-06,7.85304811603e-05,0.278429635639,0.505852751829,0.213722787648
381,0.111077568178,0.0234350840518,0.118904600725,0.0103740481739,0.0394862692155,0.110136313734,0.00774136256984,0.175421461049,0.0196262983726,0.0251688923347,0.156773316742,0.201854784853,1,0.7,10,20,12,2,20,6.85327444169e-07,6.16794699752e-08,6.85327444169e-07,5.86305586663e-06,9.96033476798e-06,1.39958276764e-06,6.85327444169e-07,6.16794699752e-08,6.85327444169e-07,0.27932340715,0.50661265744,0.214043847768
382,0.0545255213505,0.128377829277,0.0111138516255,0.00647126871649,0.341074082808,0.165098528645,0.0121465434428,0.101149975977,0.0136033756536,0.0294791705563,0.0697193368367,0.0672405151103,1,0.7,10,20,12,2,20,0.000311291493146,2.80162343831e-05,0.000311291493146,0.00791237176992,0.00402778426446,0.000717652342876,0.000311291493146,2.80162343831e-05,0.000311291493146,0.275209135809,0.499706050877,0.211125806495
383,0.0314410510675,0.134627357047,0.102054330781,0.0163633763917,0.325214196476,0.0654822449142,0.0538836625033,0.0063785658695,0.0675303539969,0.0307707850747,0.152459436543,0.013794639335,1,0.7,10,20,12,2,20,1.49324046563e-05,1.34391641907e-06,1.49324046563e-05,4.7286551165e-05,0.000203757863964,2.95228159426e-05,1.49324046563e-05,1.34391641907e-06,1.49324046563e-05,0.279222259301,0.506456770486,0.21397798553
384,0.025702308951,0.0662239523645,0.020217035219,0.00152341256411,0.28153113738,0.0382567190101,0.25377714571,0.0728597645626,0.000884364018918,0.172707651897,0.0513356691648,0.0149808391578,1,0.7,10,20,12,2,20,0.000102610784149,9.23497057337e-06,0.000102610784149,0.00557345644575,0.00190263682086,0.000418201682133,0.000102610784149,9.23497057337e-06,0.000102610784149,0.276747426642,0.502586548563,0.212342816768
385,0.218392384752,0.00540286581076,0.0600622658158,0.0263161677636,0.261681607121,0.00955541432684,0.0481346706736,0.0725446393679,0.00185979561976,0.145415050601,0.138669016734,0.0119661214132,1,0.7,10,20,12,2,20,0.000311510646912,2.80359582221e-05,0.000311510646912,0.00777151171863,0.00230477699725,0.000670435648416,0.000311510646912,2.80359582221e-05,0.000311510646912,0.275861373492,0.500590360379,0.21149942726
386,0.00163318872673,0.0522588356539,0.0622543023753,0.0416864760415,0.109192857436,0.00842541987923,0.203081978431,0.285024186796,0.0576838019237,0.0350334766264,0.137096185268,0.00662929084324,1,0.7,10,20,12,2,20,0.000249315455779,2.24383910201e-05,0.000249315455779,0.0140148957286,0.00394650906306,0.000370724998087,0.000249315455779,2.24383910201e-05,0.000249315455779,0.273689947575,0.496967159248,0.209968624782
387,0.0364552892004,0.152643453162,0.0411446998184,0.11456164367,0.000202465810773,0.168589782502,0.11932768941,0.00138045071779,0.0696177415501,0.267112223732,0.0220410543595,0.00692350606717,1,0.7,10,20,12,2,20,0.000183343890211,1.6500950119e-05,0.000183343890211,0.00290293771595,0.00173648550545,0.000880973187648,0.000183343890211,1.6500950119e-05,0.000183343890211,0.277410059875,0.503552313712,0.212750852543
388,0.00455059926218,0.203358769401,0.126922494268,0.0758293126326,0.202945761576,0.0184658326717,0.128178853603,0.0471582435136,0.00121053673163,0.137522189518,0.0349815144052,0.0188758924177,1,0.7,10,20,12,2,20,0.00016692678814,1.50234109326e-05,0.00016692678814,0.00439121944871,0.00336877197652,0.000299619911829,0.00016692678814,1.50234109326e-05,0.00016692678814,0.27684715976,0.502211230178,0.21218424475
389,0.0328541259509,0.0952389707785,0.150431897336,0.00448813888154,0.124468344514,0.0250231582293,0.0096635011532,0.194995439365,0.090984471088,0.19105348098,0.018028084224,0.0627703875005,1,0.7,10,20,12,2,20,0.000144125681046,1.29713112941e-05,0.000144125681046,0.0106235224479,0.00206641382037,0.000410653812715,0.000144125681046,1.29713112941e-05,0.000144125681046,0.275442085256,0.49972223502,0.211132644296
390,0.0969586333905,0.102148628909,0.0349190874754,0.157124332225,0.119393591674,0.154173999928,0.0544290284624,0.0144337513522,0.0437004433583,0.0908037437832,0.00385791570471,0.128056843737,1,0.7,10,20,12,2,20,0.000247202323417,2.22482091076e-05,0.000247202323417,0.00648530390508,0.00568740261732,0.00142763697525,0.000247202323417,2.22482091076e-05,0.000247202323417,0.27501542382,0.499367962721,0.210982964249
391,0.158380838158,0.0258680575698,0.0431452359124,0.0302687057877,0.1114121646,0.0818443607218,0.0297662753559,0.16138797008,0.0805002256779,0.127132437995,0.100614218163,0.0496795099778,1,0.7,10,20,12,2,20,9.28410699939e-07,8.35569629945e-08,9.28410699939e-07,7.00468750996e-06,8.76839462609e-06,2.13950758406e-06,9.28410699939e-07,8.35569629945e-08,9.28410699939e-07,0.279279309719,0.506642458302,0.214056438633
392,0.0586752882263,0.270506451738,0.085949710992,0.138068827258,0.052763696283,0.026879670631,0.0243476885718,0.0365335224609,0.201717764146,0.00676469956116,0.0474925684374,0.0503001116938,1,0.7,10,20,12,2,20,0.000576372625868,5.18735363281e-05,0.000576372625868,0.0169482309336,0.00787074224255,0.00286976554726,0.000576372625868,5.18735363281e-05,0.000576372625868,0.270734213223,0.491506369404,0.207661441073
393,0.0297206280891,0.00198453153838,0.128542941258,0.204822514587,0.117088474394,0.0647608787442,0.0628481782273,0.0170480579774,0.0395121784677,0.0273435819245,0.215683816616,0.0906442181759,1,0.7,10,20,12,2,20,0.000206631504733,1.85968354259e-05,0.000206631504733,0.00700835661037,0.0032778972105,0.000979441055015,0.000206631504733,1.85968354259e-05,0.000206631504733,0.275632311846,0.500694744175,0.211543529414
394,0.0566614267977,0.20106834957,0.0472599316385,0.216385825683,0.041412737074,0.000230834568281,0.232824627034,0.00999003387701,0.000561513318221,0.00414849972333,0.130055381902,0.0594008388145,1,0.7,10,20,12,2,20,0.000139973556712,1.25976201041e-05,0.000139973556712,0.0159783589085,0.0028784411154,0.000891447332799,0.000139973556712,1.25976201041e-05,0.000139973556712,0.273254033048,0.496599388491,0.209813241637
395,0.00778521919141,0.00881704518826,0.04973042445,0.206873721656,0.0346905836429,0.263478683105,0.124561301999,0.0412918895153,0.0558142421579,0.0823202861239,0.115507973611,0.0091286293586,1,0.7,10,20,12,2,20,0.000148496348896,1.33646714006e-05,0.000148496348896,0.000385378905232,0.00205320088667,0.000396323558664,0.000148496348896,1.33646714006e-05,0.000148496348896,0.278320285904,0.504902703696,0.213321392312
396,0.0151324462974,0.00201457670691,0.300343089976,0.0671449108316,0.0690835067989,0.0405237555243,0.0921245826497,0.0338410589938,0.225998483068,0.0695888558725,0.0460259450183,0.0381787882617,1,0.7,10,20,12,2,20,0.000107330540878,9.65974867905e-06,0.000107330540878,0.00604317777175,0.000420902896354,0.000484560996495,0.000107330540878,9.65974867905e-06,0.000107330540878,0.277263112387,0.502874941503,0.212464662785
397,0.222038870952,0.0716637236372,0.0342543456547,0.102014952123,0.0847864278847,0.0214632398824,0.127241874089,0.138221169574,0.0460450169327,0.135500168448,0.0124869506984,0.00428326012523,1,0.7,10,20,12,2,20,0.000497422254961,4.47680029465e-05,0.000497422254961,0.00387731261758,0.00427307976008,0.00228923435839,0.000497422254961,4.47680029465e-05,0.000497422254961,0.275868079814,0.500255232635,0.211357835788
398,0.00915518747956,0.331675461255,0.090193232275,0.136814716655,0.0201068397894,0.0390033914764,0.0295449263704,0.103799053972,0.0390277170559,0.0387098843426,0.0969987225676,0.0649708667613,1,0.7,10,20,12,2,20,0.000419377408375,3.77439667538e-05,0.000419377408375,0.0120606823597,0.00475043399174,0.00324449538317,0.000419377408375,3.77439667538e-05,0.000419377408375,0.273161771856,0.495627148571,0.209402470271
399,0.0264634225445,0.00881921091429,0.0678252912349,0.0994034827497,0.20184467444,0.0306952117317,0.0855101634795,0.0425954929292,0.114852392327,0.0960405916456,0.0740914191943,0.151858646809,1,0.7,10,20,12,2,20,6.87062074284e-05,6.18355866856e-06,6.87062074284e-05,0.000351345031881,0.00149359390422,8.53530112517e-05,6.87062074284e-05,6.18355866856e-06,6.87062074284e-05,0.278795123647,0.505439291711,0.213548100748
400,0.249934962943,0.325487488557,0.0643853779871,0.0172061428231,0.0181791145932,0.053545223495,0.00412764435395,0.0180072842552,0.123583981832,0.0021873808627,0.0799576660194,0.0433977322785,1,0.7,10,20,12,2,20,0.000660396268574,5.94356641716e-05,0.000660396268574,0.0115220911796,0.0155595165312,0.0022033905385,0.000660396268574,5.94356641716e-05,0.000660396268574,0.270377754491,0.490387902184,0.207188888673
401,0.0554031612145,0.226559053973,0.017371472052,0.0208315128534,0.0979978390339,0.0097172366431,0.13879025991,0.00226178743943,0.259998751602,0.0201828147934,0.122745055616,0.0281410548684,1,0.7,10,20,12,2,20,1.85796495588e-05,1.6721684603e-06,1.85796495588e-05,0.000101560806061,0.000418331373796,4.45516992357e-05,1.85796495588e-05,1.6721684603e-06,1.85796495588e-05,0.27889989284,0.506473110964,0.213984889382
402,0.0085850225098,0.115714103207,0.021459634526,0.0815557270701,0.0827358939171,0.00560721924889,0.0753951039485,0.235169362584,0.0575585546736,0.15875971063,0.000735723074534,0.15672394461,1,0.7,10,20,12,2,20,2.3765877209e-06,2.13892894881e-07,2.3765877209e-06,6.12241998756e-06,9.05781476832e-06,4.14187782012e-06,2.3765877209e-06,2.13892894881e-07,2.3765877209e-06,0.279319205932,0.506609165426,0.214042372392
403,0.184315941502,0.0233835785541,0.000667471605378,0.125136737463,0.229983410044,0.00941301276515,0.0337454319204,0.0816411628924,0.165391073841,0.0326974574389,0.0563295040851,0.0572952178896,1,0.7,10,20,12,2,20,0.000627619744025,5.64857769623e-05,0.000627619744025,0.00421025636206,0.00466102780755,0.00164702903352,0.000627619744025,5.64857769623e-05,0.000627619744025,0.275395064956,0.500149856809,0.211313314502
404,0.25536792097,0.0329030784068,0.0237638734715,0.0249059046444,0.105770818579,0.00329893523192,0.0911865964773,0.181799502,0.0382172059162,0.0562595787698,0.0968576246337,0.0896689608996,1,0.7,10,20,12,2,20,1.85378341623e-06,1.6684050746e-07,1.85378341623e-06,1.60252088295e-05,2.24536391055e-05,5.08691757891e-06,1.85378341623e-06,1.6684050746e-07,1.85378341623e-06,0.279147500919,0.506714365203,0.214086819298
405,0.317513239916,0.0296069963664,0.0775833586245,0.0649719560585,0.123047158884,0.0310707481043,0.0128688647649,0.183220427762,0.0512608409108,0.0169095213476,0.063512307089,0.0284345801722,1,0.7,10,20,12,2,20,0.000282741798006,2.54467618205e-05,0.000282741798006,0.0263217451423,0.00236644513303,0.00435575274688,0.000282741798006,2.54467618205e-05,0.000282741798006,0.269174657621,0.489700905899,0.206898632742
406,0.0635464535203,0.0266585167754,0.0498835728644,0.00987680977545,0.0918717154644,0.250232377976,0.0391740504427,0.0159830904667,0.0255484504131,0.146615749242,0.0522119041537,0.228397308906,1,0.7,10,20,12,2,20,1.76558457323e-06,1.58902611591e-07,1.76558457323e-06,1.49961258694e-05,1.22516552081e-05,2.37844474453e-05,1.76558457323e-06,1.58902611591e-07,1.76558457323e-06,0.279345858439,0.506569932646,0.214025796543
407,0.0775211935436,0.0269222739973,0.0862235275115,0.01179148414,0.101435748316,0.0657172186872,0.111383233926,0.0994869643048,0.0182706275075,0.13228975568,0.228994076614,0.0399638957728,1,0.7,10,20,12,2,20,7.17612384602e-05,6.45851146142e-06,7.17612384602e-05,0.006361436407,0.00111395637563,0.000399822095611,7.17612384602e-05,6.45851146142e-06,7.17612384602e-05,0.277105267006,0.502439055283,0.212280500857
408,0.120554993202,0.205200932171,0.00647277551417,0.0590201602088,0.0491171127597,0.0312145631905,0.128575706225,0.0792453529965,0.0211192247477,0.111153873022,0.179122365456,0.00920294050608,1,0.7,10,20,12,2,20,7.37522513341e-05,6.63770262007e-06,7.37522513341e-05,0.00075321899619,0.00216681180986,0.000160185405692,7.37522513341e-05,6.63770262007e-06,7.37522513341e-05,0.278382509627,0.504906143937,0.213322845814
409,0.0778515968413,0.0176340418965,0.0851457876834,0.0420336150283,0.0749658078696,0.0213601512701,0.051229820285,0.00948164691048,0.067742728954,0.188835651593,0.0846891263685,0.2790300253,1,0.7,10,20,12,2,20,6.30503971001e-05,5.67453573901e-06,6.30503971001e-05,0.00139029148611,0.00043022974847,0.000421172246794,6.30503971001e-05,5.67453573901e-06,6.30503971001e-05,0.278751448642,0.505267702788,0.213475604428
410,0.107694269248,0.0281250115682,0.15114444947,0.0316212929041,0.23602615707,0.0902940327032,0.0639269745383,0.00054674644371,0.0118396744394,0.0590696613863,0.218171291297,0.00154043893196,1,0.7,10,20,12,2,20,0.000115108479905,1.03597631915e-05,0.000115108479905,0.00471461637489,0.00194283275617,0.000405039246189,0.000115108479905,1.03597631915e-05,0.000115108479905,0.277142936655,0.50285653534,0.212456886181
411,0.0924839205247,0.142056012176,0.0345061318534,0.126130154069,0.0540998409406,0.194896335417,0.0378712695854,0.0351433234789,0.0178913885037,0.0814486704183,0.07868830203,0.104784651004,1,0.7,10,20,12,2,20,0.000163901450242,1.47511305217e-05,0.000163901450242,0.0160070190987,0.00225330609072,0.00087177158766,0.000163901450242,1.47511305217e-05,0.000163901450242,0.273605864783,0.496714889545,0.209862040833
412,0.0100947604234,0.0498557207572,0.0521378485891,0.339395232675,0.10136682631,0.040812486095,0.0178055603208,0.0195263281102,0.209203559564,0.0325826903271,0.126615215499,0.000603771329612,1,0.7,10,20,12,2,20,5.94368520893e-08,5.34931668804e-09,5.94368520893e-08,2.54691636237e-06,3.03373797076e-07,1.06368921051e-07,5.94368520893e-08,5.34931668804e-09,5.94368520893e-08,0.279413785496,0.50656099079,0.214022018609
413,0.333279969014,0.00603052125486,0.111515866286,0.0506426165407,0.0436941525472,0.0299761204517,0.00853360876346,0.0351421886685,0.0317484925185,0.127754863343,0.147297230456,0.074384370155,1,0.7,10,20,12,2,20,0.000236886556978,2.1319790128e-05,0.000236886556978,0.0108826495579,0.00127085489518,0.00128200693177,0.000236886556978,2.1319790128e-05,0.000236886556978,0.275256439229,0.499344719563,0.210973144015
414,0.00882144876618,0.153227381722,0.114136932576,0.0337466551496,0.111973220656,0.0106975327656,0.31289596253,0.0702585171895,0.0302909118131,0.00304284105928,0.00631066809297,0.14459792768,1,0.7,10,20,12,2,20,0.000939454796014,8.45509316412e-05,0.000939454796014,0.0518086407524,0.00701548662548,0.00609768981918,0.000939454796014,8.45509316412e-05,0.000939454796014,0.25991775614,0.471868896742,0.199364608874
415,0.0650233106751,0.0276385749903,0.0465444721496,0.00622104057053,0.0600169452583,0.0717211603418,0.0373830776356,0.0595681527962,0.191892469653,0.309301303033,0.058459731095,0.0662297618013,1,0.7,10,20,12,2,20,2.4782210356e-05,2.23039893204e-06,2.4782210356e-05,0.000198640281416,0.000594800370161,0.00018753358264,2.4782210356e-05,2.23039893204e-06,2.4782210356e-05,0.278879328788,0.506176525369,0.213859581969
416,0.0294164022509,0.218959458443,0.00539373779253,0.0331676352297,0.278684974415,0.0875439015879,0.0629083457409,0.00648768590142,0.114067777875,0.0125833195023,0.0856655891537,0.0651211721078,1,0.7,10,20,12,2,20,0.000145834047483,1.31250642734e-05,0.000145834047483,0.010559901116,0.00263347557694,0.00317225027059,0.000145834047483,1.31250642734e-05,0.000145834047483,0.274308942337,0.498218519776,0.210497324605
417,0.216900840144,0.0143481259868,0.0216543456137,0.132772879039,0.0588057941554,0.081759985304,0.0956049281269,0.125264907082,0.0828112202985,0.0481774108449,0.0272823520073,0.0946172113975,1,0.7,10,20,12,2,20,0.000603117587591,5.42805828831e-05,0.000603117587591,0.0206958172471,0.0105049569346,0.00128937670168,0.000603117587591,5.42805828831e-05,0.000603117587591,0.269449685879,0.48895545288,0.206583678842
418,0.0178919294663,0.0352637133152,0.00479323492931,0.145662851804,0.0549903832363,0.00323749608933,0.00763752079391,0.0179054388391,0.295851865644,0.136986614854,0.256127537412,0.0236514136157,1,0.7,10,20,12,2,20,6.4028453053e-05,5.76256077477e-06,6.4028453053e-05,0.00066688033542,0.000263032359879,0.000941413717216,6.4028453053e-05,5.76256077477e-06,6.4028453053e-05,0.278584967889,0.505642226197,0.213633840568
419,0.00260032618952,0.103952899301,0.0417117872131,0.0272979410939,0.0570466619301,0.140349871549,0.01960133883,0.231813050878,0.000224855318098,0.280475386069,0.071257910853,0.0236679707746,1,0.7,10,20,12,2,20,0.000103124496975,9.28120472778e-06,0.000103124496975,0.0040391772882,0.0021854791456,0.000409312671714,0.000103124496975,9.28120472778e-06,0.000103124496975,0.27707779292,0.503238789158,0.212618388419
420,0.00638468917113,0.141744717123,0.120990287668,0.0606892635267,0.0525268462281,0.14009118525,0.00458735163063,0.240089135209,0.057457650803,0.0136149538257,0.0345453102539,0.127278609311,1,0.7,10,20,12,2,20,3.71454623887e-06,3.34309161498e-07,3.71454623887e-06,1.67798997828e-05,2.30493589297e-05,3.47027244249e-06,3.71454623887e-06,3.34309161498e-07,3.71454623887e-06,0.27882486761,0.506935891779,0.214180414276
421,0.186389892174,0.069854810703,0.0272560401903,0.00507603862155,0.432271918724,0.063666269726,0.0332900946878,0.00350485252416,0.00789716398417,0.0609937961461,0.0192547389471,0.0905443835711,1,0.7,10,20,12,2,20,0.000161117547782,1.45005793004e-05,0.000161117547782,0.0198264478836,0.00308508274435,0.00161714664363,0.000161117547782,1.45005793004e-05,0.000161117547782,0.27185302582,0.494161564541,0.208783261018
422,0.0505391916637,0.0155384642519,0.0440854904675,0.118779178768,0.0547537486907,0.195122804395,0.0151579211525,0.0315777386627,0.0696910432997,0.25283757002,0.0519193137139,0.0999975349149,1,0.7,10,20,12,2,20,7.15981756885e-05,6.44383581196e-06,7.15981756885e-05,0.00126329572087,0.000433504661756,0.000507640972775,7.15981756885e-05,6.44383581196e-06,7.15981756885e-05,0.278608318083,0.505369392047,0.21351856814
423,0.133163345103,0.0245631005798,0.103679568521,0.00583073896452,0.0252296143398,0.0517998789602,0.0456905019027,0.26514709778,0.00301978743191,0.0393219781343,0.25630804107,0.0462463472127,1,0.7,10,20,12,2,20,0.000181796992316,1.63617293084e-05,0.000181796992316,0.00455432052438,0.00181758817455,0.000236622426908,0.000181796992316,1.63617293084e-05,0.000181796992316,0.277040210712,0.503051913346,0.212539433389
424,0.0320359214157,0.00449938087956,0.0823626724382,0.0484231428381,0.122287814538,0.10262283366,0.00504904097766,0.083855428708,0.117105829663,0.20066887348,0.0365583250409,0.16453073636,1,0.7,10,20,12,2,20,0.000118203135424,1.06382821882e-05,0.000118203135424,0.0053267720068,0.00179666423605,0.000912371458708,0.000118203135424,1.06382821882e-05,0.000118203135424,0.276946350967,0.50230140754,0.212222344686
425,0.00139597681796,0.0441775388677,0.0415724226903,0.0140377599941,0.161901811001,0.0128217642508,0.098119764721,0.111648952305,0.133102537141,0.126440296126,0.180139779218,0.074641396866,1,0.7,10,20,12,2,20,9.99001602668e-05,8.99101442401e-06,9.99001602668e-05,0.00447503949816,0.000579667378607,0.000480127723081,9.99001602668e-05,8.99101442401e-06,9.99001602668e-05,0.277715722896,0.503572484945,0.212759374889
426,0.078403310692,0.0965885990989,0.0509352694298,0.032404003985,0.128594399131,0.115011099302,0.0434144153702,0.00220226952149,0.15908045953,0.252487029028,0.0166891795046,0.0241899654072,1,0.7,10,20,12,2,20,0.000150705381463,1.35634843317e-05,0.000150705381463,0.00599639937405,0.00167499948041,0.000785589513478,0.000150705381463,1.35634843317e-05,0.000150705381463,0.276670072173,0.502104035827,0.212138955137
427,0.0638166211452,0.0466355545149,0.140480321862,0.0700178117469,0.0907232689693,0.0791226883217,0.0596965831965,0.0716629593832,0.177087591213,0.0531999637624,0.0558091655408,0.0917474703438,1,0.7,10,20,12,2,20,0.000411399610518,3.70259649466e-05,0.000411399610518,0.00823812619021,0.0049296013176,0.000656922744797,0.000411399610518,3.70259649466e-05,0.000411399610518,0.274504636242,0.499086863363,0.210864199771
428,0.150211889811,0.00471925425778,0.0300664287554,0.0104884931251,0.0477866084256,0.0774649461281,0.10876358524,0.229734199093,0.126587694643,0.182289356257,0.0296596916559,0.00222785260776,1,0.7,10,20,12,2,20,0.00028087791622,2.52790124598e-05,0.00028087791622,0.00329456691718,0.00220063170885,0.00229825742407,0.00028087791622,2.52790124598e-05,0.00028087791622,0.27662577859,0.502219118222,0.212187577449
429,0.015700089803,0.00728376509596,0.0947082675672,0.0618000540095,0.0688748614233,0.15758724038,0.352291458766,0.0370637689048,0.0247458446194,0.03288322754,0.144556960461,0.00250446143012,1,0.7,10,20,12,2,20,0.000487595658106,4.38836092296e-05,0.000487595658106,0.0214742704639,0.00908386815129,0.00198284774119,0.000487595658106,4.38836092296e-05,0.000487595658106,0.26966992158,0.48910435305,0.206646589163
430,0.0470926684699,0.163510132024,0.109437984806,0.0692531590606,0.193143080527,0.0103464475043,0.0931136208122,0.0226412319191,0.0682609412138,0.143757111745,0.0658991418964,0.0135444800211,1,0.7,10,20,12,2,20,1.05370587242e-05,9.48335285177e-07,1.05370587242e-05,3.97432125703e-05,0.000212177280516,1.57387397112e-05,1.05370587242e-05,9.48335285177e-07,1.05370587242e-05,0.278644152154,0.506885162536,0.214158981172
431,0.0105236344388,0.0635934955507,0.0552580941323,0.0560735827852,0.0354871606495,0.0991826262312,0.30797707435,0.0650668698915,0.00973288132542,0.0828143017356,0.128471363076,0.0858189158337,1,0.7,10,20,12,2,20,0.000225620122445,2.03058110201e-05,0.000225620122445,0.00942005419758,0.00330188225467,0.00133865439949,0.000225620122445,2.03058110201e-05,0.000225620122445,0.275051443615,0.499082512071,0.21086236135
432,0.0407154300036,0.0108253658989,0.263891608985,0.011437317297,0.0744901921107,0.10734917319,0.00935301957246,0.0918083033077,0.017243552336,0.155239765239,0.0866585517038,0.130987720356,1,0.7,10,20,12,2,20,6.72898822942e-05,6.05608940648e-06,6.72898822942e-05,0.00234533024207,0.000185350850708,0.00152724342468,6.72898822942e-05,6.05608940648e-06,6.72898822942e-05,0.277856061111,0.504607903454,0.213196839209
433,0.132061859153,0.0144070528729,0.0346949229227,0.0678624884083,0.125987355553,0.00332756051222,0.0593420758575,0.076787705126,0.300286387559,0.15836229316,0.0108471253571,0.0160331735177,1,0.7,10,20,12,2,20,0.000375514725307,3.37963252776e-05,0.000375514725307,0.00394870447478,0.00503052420433,0.000705958218891,0.000375514725307,3.37963252776e-05,0.000375514725307,0.275921622477,0.50110617861,0.211717360463
434,0.0994571377853,0.045296116184,0.118867055594,0.00624362146431,0.0515938672357,0.141477375147,0.00387664657876,0.435927343474,0.0149276824652,0.0345530426722,0.0215294334733,0.0262506779264,1,0.7,10,20,12,2,20,0.000465462602515,4.18916342263e-05,0.000465462602515,0.0353535326196,0.00688180124038,0.00530219437812,0.000465462602515,4.18916342263e-05,0.000465462602515,0.264917992864,0.481967553757,0.203631291462
435,0.00416572869436,0.163333799098,0.175300815687,0.0172729050631,0.0917496310866,0.0713107100405,0.105227141165,0.0368783092591,0.14516466646,0.097913069376,0.0371753354015,0.0545078886696,1,0.7,10,20,12,2,20,0.000156159093037,1.40543183733e-05,0.000156159093037,0.00840950083019,0.00154007847954,0.000949577302135,0.000156159093037,1.40543183733e-05,0.000156159093037,0.275967906882,0.500864809488,0.211615382009
436,0.00792725443546,0.0640016178748,0.287920723548,0.0197814363643,0.0270896773908,0.0794201613797,0.0588033957765,0.0836088059707,0.0495187664048,0.0762599281051,0.170846892346,0.0748213404039,1,0.7,10,20,12,2,20,0.000142427918815,1.28185126934e-05,0.000142427918815,0.00572196693104,0.00211678947946,0.00181482285858,0.000142427918815,1.28185126934e-05,0.000142427918815,0.276320782491,0.501532716724,0.211897572816
437,0.0400101835046,0.0603892799024,0.165024188741,0.0889193958303,0.0611640615572,0.111678682017,0.00690687354501,0.0409152960593,0.168958551806,0.00855490541174,0.132972866699,0.114505714926,1,0.7,10,20,12,2,20,0.000108966037932,9.80694341389e-06,0.000108966037932,0.00553507431626,0.00323394352365,0.00043896874487,0.000108966037932,9.80694341389e-06,0.000108966037932,0.276455781547,0.501849387578,0.212031366252
438,0.222498595906,0.0458213672254,0.00400630130515,0.073505209009,0.00333087469819,0.043529751951,0.0138988357606,0.123994914986,0.154679071895,0.125057612492,0.171832121838,0.0178453429347,1,0.7,10,20,12,2,20,8.98833735354e-06,8.08950361819e-07,8.98833735354e-06,1.36977912623e-05,0.000161433870346,5.96655953372e-05,8.98833735354e-06,8.08950361819e-07,8.98833735354e-06,0.279291958826,0.50645741488,0.213978257787
439,0.0613886390052,0.00320569680086,0.146529850708,0.00527710087628,0.153264226784,0.0377998570218,0.164158068805,0.100570937638,0.0694846634194,0.103711359589,0.0296112625162,0.124998336837,1,0.7,10,20,12,2,20,0.000304862272454,2.74376045208e-05,0.000304862272454,0.00707779556125,0.00275028084984,0.0013393687998,0.000304862272454,2.74376045208e-05,0.000304862272454,0.27553148906,0.50054603967,0.211480701761
440,0.214860014368,0.0684336477055,0.0854930709141,0.00381038432239,0.0082833786774,0.0723889283211,0.056208052245,0.0161938330168,0.0195700711219,0.231923193361,0.155377936647,0.0674574892999,1,0.7,10,20,12,2,20,3.10962887882e-05,2.79866599094e-06,3.10962887882e-05,0.000463866116691,0.000419653564412,8.76065681686e-05,3.10962887882e-05,2.79866599094e-06,3.10962887882e-05,0.279014729078,0.506069709797,0.213814452389
441,0.0616645160899,0.10819399394,0.000835681932243,0.0653641317076,0.132906454576,0.0700311705318,0.137245459279,0.162290059181,0.109813769181,0.00187719591076,0.097792482946,0.051985084724,1,0.7,10,20,12,2,20,0.000174705726342,1.57235153708e-05,0.000174705726342,0.0261348250999,0.00102441020024,0.0024851278825,0.000174705726342,1.57235153708e-05,0.000174705726342,0.270435238504,0.491522058613,0.207668069764
442,0.0120044098657,0.0111086491772,0.0501387283702,0.164606841763,0.0351508158278,0.00820132463742,0.0106807066977,0.0394629912822,0.253716101107,0.187683831333,0.223344148851,0.00390145108812,1,0.7,10,20,12,2,20,8.82865119298e-05,7.94578607368e-06,8.82865119298e-05,0.000930847891246,0.00113307965861,9.85174577065e-05,8.82865119298e-05,7.94578607368e-06,8.82865119298e-05,0.27847537319,0.505443335102,0.213549809081
443,0.00344594015625,0.0373073504996,0.0171709097179,0.0515920798382,0.0183592049407,0.066915518646,0.164861562749,0.132079804593,0.387117917717,0.0695480359023,0.0498494110085,0.0017522642318,1,0.7,10,20,12,2,20,0.000772265338629,6.95038804766e-05,0.000772265338629,0.0197510744808,0.0110250694506,0.00149024911659,0.000772265338629,6.95038804766e-05,0.000772265338629,0.269314660985,0.488710633991,0.206480242861
444,0.0806719788525,0.0503853188882,0.102512033627,0.0204143193694,0.0226026479872,0.131896363518,0.189043089254,0.0272060810069,0.0257533880103,0.0251312373558,0.116761909968,0.207621632164,1,0.7,10,20,12,2,20,9.15402742427e-05,8.23862468185e-06,9.15402742427e-05,0.00254214887965,0.000664454893934,0.00025261855054,9.15402742427e-05,8.23862468185e-06,9.15402742427e-05,0.278131298611,0.504764035654,0.213262805064
445,0.23340480902,0.114291184852,0.294048413259,0.0263349211183,0.126535309281,0.0429633845522,0.00870008800938,0.0164014231105,0.00352321864766,0.0567276746828,0.0533755612627,0.0236940122046,1,0.7,10,20,12,2,20,0.000803079130352,7.22771217317e-05,0.000803079130352,0.0434824800651,0.00960140246831,0.00449098450429,0.000803079130352,7.22771217317e-05,0.000803079130352,0.262039718514,0.475942737211,0.201085806472
446,0.111552587201,0.0431534058251,0.00318621639584,0.304081357706,0.0441758006803,0.0187959105976,0.0160624948111,0.0813641348992,0.0184604369952,0.0364842286702,0.0550821751187,0.267601251099,1,0.7,10,20,12,2,20,0.000108526275008,9.76736475073e-06,0.000108526275008,0.00119297839994,0.00188119584181,0.000302906699387,0.000108526275008,9.76736475073e-06,0.000108526275008,0.278215537444,0.504712648004,0.213241093782
447,0.107581609011,0.0229222292257,0.0629380677004,0.0609694719474,0.0221001020783,0.0371157966673,0.416515455164,0.0950580770716,0.0910291761376,0.00720522399303,0.0509447140411,0.025620076963,1,0.7,10,20,12,2,20,0.00254063685458,0.000228657316913,0.00254063685458,0.0167910409942,0.0106239114511,0.00584549505801,0.00254063685458,0.000228657316913,0.00254063685458,0.267061624962,0.484399343046,0.204658722437
448,0.0285029067453,0.0122031465993,0.0104946066443,0.0967743946028,0.00952739601927,0.0508484764704,0.0256440061485,0.0923081978204,0.316817368506,0.00252941262232,0.0479323591775,0.306417728644,1,0.7,10,20,12,2,20,1.20543899826e-06,1.08489509843e-07,1.20543899826e-06,2.23157571266e-05,6.91582676584e-05,2.35281560059e-06,1.20543899826e-06,1.08489509843e-07,1.20543899826e-06,0.279104167558,0.506711400258,0.214085566609
449,0.0880109733308,0.107606766908,0.245881793134,0.054123218374,0.127820953978,0.0641907423102,0.026105810759,0.0564054074103,0.0192509752514,0.0535827682723,0.0865509457447,0.070469644527,1,0.7,10,20,12,2,20,0.000632978487973,5.69680639176e-05,0.000632978487973,0.0124605892498,0.00365158937174,0.00221699724666,0.000632978487973,5.69680639176e-05,0.000632978487973,0.273470180075,0.49599634023,0.209558453747
450,0.153651201042,0.314532011951,0.0401858763105,0.00556814170266,0.135313740346,0.0138654276278,0.054489091751,0.0127674696974,0.0186611024422,0.103106748185,0.0410265445902,0.106832644355,1,0.7,10,20,12,2,20,7.54410993316e-05,6.78969893985e-06,7.54410993316e-05,0.00187326813404,0.000618784215407,0.000353412745699,7.54410993316e-05,6.78969893985e-06,7.54410993316e-05,0.278212139058,0.505185976838,0.213441075214
451,0.110284022067,0.00172372925116,0.0257345264453,0.0413274646684,0.0014578912845,0.221014906023,0.0297076888896,0.0749691956211,0.0651702058261,0.0643866643711,0.265796436072,0.0984272694808,1,0.7,10,20,12,2,20,8.70915581224e-05,7.83824023102e-06,8.70915581224e-05,0.00410804790435,0.00138515217633,0.000754314809383,8.70915581224e-05,7.83824023102e-06,8.70915581224e-05,0.277567770635,0.503213126019,0.212607545743
452,0.0535921320469,0.00764448628897,0.00549458511628,0.26315223844,0.0792377046389,0.179540157506,0.0238439213845,0.0315650161524,0.165914522971,0.00584171804873,0.00986801370949,0.174305503696,1,0.7,10,20,12,2,20,0.000249811741992,2.24830567793e-05,0.000249811741992,0.00364686394222,0.00473546262362,0.00293978536273,0.000249811741992,2.24830567793e-05,0.000249811741992,0.275648296045,0.500516962351,0.211468416593
453,0.00430684805487,0.0821606567718,0.00439830436421,0.0773469703223,0.0529031131674,0.160799406394,0.134373402418,0.029618140407,0.317750636351,0.00444925631004,0.0387164216632,0.0931768437763,1,0.7,10,20,12,2,20,2.86711671708e-06,2.58040504537e-07,2.86711671708e-06,2.61667116156e-05,3.93467190091e-05,2.9985765341e-05,2.86711671708e-06,2.58040504537e-07,2.86711671708e-06,0.278964987446,0.506803183697,0.214124345112
454,0.0431284819688,0.0185926999411,0.119646511586,0.146780876642,0.00702268751333,0.375125853,0.0444952844317,0.0132311795487,0.0629104868864,0.0305862312423,0.124042793446,0.0144369137934,1,0.7,10,20,12,2,20,1.41114196988e-05,1.27002777289e-06,1.41114196988e-05,1.8443972367e-05,2.18278063359e-05,0.000183900522154,1.41114196988e-05,1.27002777289e-06,1.41114196988e-05,0.279280904355,0.506457601131,0.213978336478
455,0.0335889481023,0.206756874791,0.133456537487,0.06626949902,0.00509061923843,0.0991250757755,0.0737587756566,0.0600220788648,0.0862997364136,0.111998823806,0.106061248614,0.0175717822308,1,0.7,10,20,12,2,20,3.20628613218e-06,2.88565751896e-07,3.20628613218e-06,1.39240460432e-05,0.000132583243537,7.40193520188e-06,3.20628613218e-06,2.88565751896e-07,3.20628613218e-06,0.279400588393,0.506454903414,0.213977196692
456,0.0691093599025,0.0489789830753,0.0836124253218,0.0567287117176,0.0476513559448,0.191970721648,0.0244415252096,0.0291413547688,0.168640873383,0.178636745044,0.091089455421,0.00999848856306,1,0.7,10,20,12,2,20,3.66807365186e-06,3.30126628667e-07,3.66807365186e-06,2.41956700098e-05,3.56045886124e-05,3.10457510215e-05,3.66807365186e-06,3.30126628667e-07,3.66807365186e-06,0.279101030737,0.506708464468,0.214084326238
457,0.0263959238201,0.00303336822736,0.0440391681473,0.0116279994338,0.064154441574,0.141532007956,0.0916379322326,0.298092384758,0.167539774704,0.120769010335,0.0141729457102,0.0170050431017,1,0.7,10,20,12,2,20,0.000647692509242,5.82923258317e-05,0.000647692509242,0.00698335071555,0.00554993247475,0.002225523017,0.000647692509242,5.82923258317e-05,0.000647692509242,0.274534823867,0.497714597707,0.210284417531
458,0.0996754606385,0.145660913555,0.155916300412,0.0414660081105,0.0645988532904,0.0876617305224,0.222648371536,0.00135187747134,0.0223911248464,0.131280207269,0.014570841629,0.0127783107194,1,0.7,10,20,12,2,20,2.07623370367e-05,1.8686103333e-06,2.07623370367e-05,4.30473754339e-05,0.00016368989186,1.70082561378e-05,2.07623370367e-05,1.8686103333e-06,2.07623370367e-05,0.279129563646,0.506544748163,0.214015156099
459,0.0470263622337,0.168753469052,0.0460544037603,0.0515499713033,0.202612203139,0.215404349049,0.0433191158342,0.143564385139,0.0220842064895,0.00098806625938,0.000942700031523,0.057700767709,1,0.7,10,20,12,2,20,0.00284005973613,0.000255605376252,0.00284005973613,0.0644227241578,0.0288851625827,0.0148907372603,0.00284005973613,0.000255605376252,0.00284005973613,0.245704514634,0.445852661981,0.188372749687
460,0.139133399106,0.00275448514171,0.0623657166441,0.097949111106,0.122196912451,0.0121068758927,0.0707183122,0.0268103760258,0.160968965148,0.243523617662,0.0192405660127,0.0422316626093,1,0.7,10,20,12,2,20,0.000109902840833,9.89125567498e-06,0.000109902840833,0.00187252331436,0.00313293183131,0.000198711519346,0.000109902840833,9.89125567498e-06,0.000109902840833,0.277789258137,0.503723853303,0.21282332802
461,0.00797893498851,0.0355090904719,0.238686883693,0.0140717245151,0.146417988919,0.211867131022,0.0948949237848,0.00247797598403,0.124726516584,0.0102338992969,0.0894544263603,0.0236805043803,1,0.7,10,20,12,2,20,0.000273101499416,2.45791349474e-05,0.000273101499416,0.00797015817117,0.00342676833229,0.00136480761465,0.000273101499416,2.45791349474e-05,0.000273101499416,0.275307697395,0.499675925637,0.211113078582
462,0.0603469670366,0.0341952942654,0.0249066907115,0.0486649961844,0.280546677284,0.174876045658,0.0148018745904,0.0374025211229,0.0981452886859,0.0498754641879,0.108929692915,0.0673084873584,1,0.7,10,20,12,2,20,0.000425282789851,3.82754510866e-05,0.000425282789851,0.0151423946897,0.00200557438645,0.00609693567805,0.000425282789851,3.82754510866e-05,0.000425282789851,0.271919940844,0.494240753842,0.208816718498
463,0.0982874899603,0.0849897955344,0.0785485276919,0.127765052485,0.179082194795,0.058419614851,0.0190500822546,0.0080307033274,0.0877521780345,0.0499607780549,0.138271930751,0.0698416522599,1,0.7,10,20,12,2,20,7.16208777364e-05,6.44587899628e-06,7.16208777364e-05,0.000602324355831,0.000422357294158,0.000494473356582,7.16208777364e-05,6.44587899628e-06,7.16208777364e-05,0.278832087029,0.505693766394,0.213655616301
464,0.188536186202,0.268371092307,0.0165419358954,0.154984939737,0.0693030495648,0.0364012592684,0.0434600456687,0.101073296278,0.00577094330102,0.0546802732099,0.0247469299835,0.0361300485838,1,0.7,10,20,12,2,20,0.000979099314223,8.81189382801e-05,0.000979099314223,0.0455524881756,0.0164323248634,0.00444615424753,0.000979099314223,8.81189382801e-05,0.000979099314223,0.259663254061,0.470870399662,0.198942743857
465,0.0168990813727,0.00894398551743,0.0490961960723,0.121803820369,0.0155398137968,0.367294659323,0.138045097494,0.0511079013003,0.0640762862252,0.0695151532314,0.00686977870872,0.0908082265886,1,0.7,10,20,12,2,20,0.000819968860002,7.37971974001e-05,0.000819968860002,0.0128504219701,0.00392270726467,0.00435310412773,0.000819968860002,7.37971974001e-05,0.000819968860002,0.2725899179,0.49409938763,0.208756991274
466,0.222314475105,0.0255572249972,0.149491382792,0.109648967027,0.0610579232643,0.0915499994267,0.0363861461308,0.056482724925,0.00960526552171,0.0752323061411,0.0681258340336,0.0945477506364,1,0.7,10,20,12,2,20,0.000415973791632,3.74376412469e-05,0.000415973791632,0.0229877208906,0.00442215733039,0.00237247226266,0.000415973791632,3.74376412469e-05,0.000415973791632,0.270422523708,0.49072503013,0.20733132523
467,0.0806219842532,0.231967706591,0.00780499103553,0.00387629647011,0.024903575345,0.0308291934812,0.0080635432129,0.255756899592,0.106564819484,0.0732489009053,0.166684720798,0.00967736883063,1,0.7,10,20,12,2,20,0.000172451067201,1.55205960481e-05,0.000172451067201,0.00786959815754,0.00233671848952,0.000193549937986,0.000172451067201,1.55205960481e-05,0.000172451067201,0.276034753643,0.501120938004,0.211723596307
468,0.092466265896,0.0252276576925,0.0167603782468,0.197727453842,0.123119987617,0.0102970745081,0.0171559779921,0.298290078,0.0706411424546,0.0560477825159,0.0113221073875,0.080944093847,1,0.7,10,20,12,2,20,0.000775347702154,6.97812931938e-05,0.000775347702154,0.0225028003401,0.0133537584789,0.00117865038416,0.000775347702154,6.97812931938e-05,0.000775347702154,0.268196194197,0.486135425803,0.205392217402
469,0.0451324499089,0.0639982216507,0.08080495577,0.0901611891145,0.0973783432241,0.191472666593,0.0223753068274,0.00162659438773,0.050144798592,0.00184595253562,0.0986250087269,0.256434512669,1,0.7,10,20,12,2,20,0.000143704086816,1.29333678134e-05,0.000143704086816,0.0014127927309,0.00108288063688,0.000571583334203,0.000143704086816,1.29333678134e-05,0.000143704086816,0.278076004796,0.504925170769,0.21333088465
470,0.1611795488,0.00581655360011,0.0145618979492,0.110081337868,0.0972339703151,0.0129200336113,0.0300722296372,0.035849416301,0.222380286166,0.129330169023,0.0914449100561,0.0891296466728,1,0.7,10,20,12,2,20,8.93665184911e-05,8.0429866642e-06,8.93665184911e-05,0.000764167388769,0.00122119589524,0.000502123732808,8.93665184911e-05,8.0429866642e-06,8.93665184911e-05,0.278330273123,0.505313664544,0.21349502327
471,0.0324436514031,0.0412678839384,0.0217795811862,0.337434408722,0.183858886374,0.00496314674859,0.0320947851015,0.0359387663455,0.00125433871531,0.0502218201648,0.244614747865,0.0141279834355,1,0.7,10,20,12,2,20,4.28390121914e-07,3.85551109722e-08,4.28390121914e-07,6.59121341316e-06,7.66252783118e-06,8.67996414678e-07,4.28390121914e-07,3.85551109722e-08,4.28390121914e-07,0.279312152184,0.506622801693,0.214048133715
472,0.125032137164,0.0715707993194,0.311208368541,0.0183676981985,0.0347438324191,0.0164609046168,0.0469045688661,0.047057585255,0.158898302464,0.11627423242,0.00815564086016,0.0453259298747,1,0.7,10,20,12,2,20,0.000168001305102,1.51201174591e-05,0.000168001305102,0.00226231532308,0.00141107814492,0.000898390335706,0.000168001305102,1.51201174591e-05,0.000168001305102,0.277786519182,0.503999614453,0.212939837106
473,0.161496099948,0.104039838501,0.120660610118,0.00138337901869,0.140321783285,0.0356071170046,0.0414028658036,0.0629476441592,0.0246950257366,0.0578860118843,0.0407485708483,0.208811053692,1,0.7,10,20,12,2,20,0.000179568602038,1.61611741834e-05,0.000179568602038,0.00916164463884,0.00296748654084,0.00104457176687,0.000179568602038,1.61611741834e-05,0.000179568602038,0.275373585805,0.499614843228,0.211087271264
474,0.0551825990222,0.0610449622686,0.099326157839,0.138268210787,0.00109372005874,0.0827060130511,0.0510245792318,0.0967064259917,0.241738244071,0.122470435135,0.00852059771226,0.0419180548318,1,0.7,10,20,12,2,20,0.000366774826484,3.30097343836e-05,0.000366774826484,0.00159750184483,0.00189458919397,0.00100887099892,0.000366774826484,3.30097343836e-05,0.000366774826484,0.277729144568,0.503505641209,0.212731133411
475,0.0685063935773,0.0867832331536,0.17920675998,0.0144166181223,0.070521066613,0.00217603848494,0.00505017727761,0.0252359037834,0.0667064273314,0.0854556746146,0.0500717858811,0.345869921181,1,0.7,10,20,12,2,20,4.8305655347e-05,4.34750898123e-06,4.8305655347e-05,0.00218937421833,0.000542608760108,0.000240713674017,4.8305655347e-05,4.34750898123e-06,4.8305655347e-05,0.277979928387,0.505339513055,0.213505944266
476,0.0248975018092,0.0175421232126,0.0283096271229,0.011421287527,0.315786772518,0.244908550368,0.0205318359527,0.0878138308454,0.0196634788081,0.216139080216,1.15787415519e-06,0.0129847537454,1,0.7,10,20,12,2,20,0.000216233216078,1.9460989447e-05,0.000216233216078,0.0126785413908,0.00264541494666,0.000801068633214,0.000216233216078,1.9460989447e-05,0.000216233216078,0.274125148662,0.498309997556,0.210535973968
477,0.101280649521,0.0252641607113,0.225876968385,0.0494522994547,0.178673935916,0.181726905337,0.0064547623539,0.0143332804545,0.0564548504894,0.0850065117798,0.0024805116818,0.0729951639151,1,0.7,10,20,12,2,20,0.000190577708967,1.7151993807e-05,0.000190577708967,0.0269757636625,0.00168307167559,0.00133598434873,0.000190577708967,1.7151993807e-05,0.000190577708967,0.270001780458,0.491533768036,0.207673016995
478,0.0794825357327,0.26929198532,0.164646324529,0.0285299400157,0.209623905563,0.0750784852565,0.105323563934,0.0062712447296,0.00321956200212,0.0479997300018,0.00219236570175,0.00834035721378,1,0.7,10,20,12,2,20,0.00336665824669,0.000302999242202,0.00336665824669,0.042470919413,0.0237813392251,0.0216528619899,0.00336665824669,0.000302999242202,0.00336665824669,0.250711740247,0.455051323482,0.192259184171
479,0.00892593334411,0.0890911658451,0.00599126913608,0.106079712589,0.028777070885,0.0189384496541,0.0268128954369,0.0598162365065,0.0574733745659,0.207592616014,0.0399190709348,0.350582205089,1,0.7,10,20,12,2,20,7.01243010954e-05,6.31118709859e-06,7.01243010954e-05,0.00122882976214,0.000513062887532,0.00016802749529,7.01243010954e-05,6.31118709859e-06,7.01243010954e-05,0.278755009169,0.505477645769,0.213564305338
480,0.0594169418822,0.00242241771587,0.0031840000676,0.0210222671286,0.113794185429,0.123311974209,0.35254436304,0.0232204078245,0.0314229203232,0.0808010521319,0.0281546702982,0.16070479995,1,0.7,10,20,12,2,20,7.34956271344e-06,6.61460644209e-07,7.34956271344e-06,1.95758372511e-05,0.000250567240294,6.67583952762e-06,7.34956271344e-06,6.61460644209e-07,7.34956271344e-06,0.279239044412,0.506469887872,0.213983527626
481,0.0169930227132,0.0228541516704,0.202471704254,0.05956791957,0.270027945405,0.0224227137935,0.0231219405321,0.0350261572472,0.252624294454,0.012657223342,0.0247498200504,0.0574831069688,1,0.7,10,20,12,2,20,1.15059001724e-06,1.03553101552e-07,1.15059001724e-06,1.07538884469e-05,7.82206635475e-06,1.78395298984e-06,1.15059001724e-06,1.03553101552e-07,1.15059001724e-06,0.279355743373,0.506586353078,0.214032734175
482,0.0122824166024,0.186038652384,0.135653272685,0.136585373703,0.135509667535,0.0496247237944,0.000877409650314,0.000957125442293,0.0833625499162,0.0595208989752,0.17360006495,0.0259878443621,1,0.7,10,20,12,2,20,0.000157111360469,1.41400224422e-05,0.000157111360469,0.00294066635775,0.00354463554508,0.00105378136031,0.000157111360469,1.41400224422e-05,0.000157111360469,0.276943631271,0.502538179247,0.212322380732
483,0.0207563742919,0.113781187439,0.0238022900595,0.0145120964349,7.97388430123e-05,0.0317982393814,0.0283873454959,0.00894851849345,0.110935352438,0.0164465973847,0.613226392665,0.0173258670737,1,0.7,10,20,12,2,20,1.10530794438e-05,9.94777149938e-07,1.10530794438e-05,6.87168066561e-05,9.3799864013e-05,6.87592231381e-05,1.10530794438e-05,9.94777149938e-07,1.10530794438e-05,0.279199244942,0.506518999854,0.214004277438
484,0.124532450424,0.2568028371,0.0786776038941,0.103657051761,0.00559965306556,0.0509646447582,0.0761015470178,0.0189277491835,0.162969104075,0.00821229858083,0.010536505453,0.103018554686,1,0.7,10,20,12,2,20,0.00113484264656,0.000102135838191,0.00113484264656,0.0347968426008,0.0122351397178,0.00597008827184,0.00113484264656,0.000102135838191,0.00113484264656,0.263233144588,0.477343509707,0.201677632851
485,0.146044599051,0.124323576773,0.0749145287839,0.0585596627368,0.208931724598,0.0119405431104,0.132252955009,0.0537785784437,0.0416050341504,0.0287235286082,0.0484050727002,0.0705201960352,1,0.7,10,20,12,2,20,0.00102793286814,9.25139581324e-05,0.00102793286814,0.0372981979398,0.0104452136842,0.004205445071,0.00102793286814,9.25139581324e-05,0.00102793286814,0.263520336745,0.478196166729,0.202037880443
486,0.192268038458,0.211977265078,0.226043332866,0.0803528333575,0.0472568638316,0.0303691082244,0.0210519754564,0.0722754733487,0.0591562650832,0.0309712049293,0.0131288798404,0.0151487595261,1,0.7,10,20,12,2,20,7.40006419036e-05,6.66005777132e-06,7.40006419036e-05,4.98591812378e-05,0.000427069416695,0.000137244237925,7.40006419036e-05,6.66005777132e-06,7.40006419036e-05,0.278954929596,0.506236608003,0.213884966881
487,0.179775442772,0.0845659541392,0.00452170042285,0.0969517644337,0.054329328693,0.0266079846408,0.270710754139,0.0109491666716,0.0577816541864,0.090348244556,0.042634504008,0.0808235013373,1,0.7,10,20,12,2,20,3.69778276904e-06,3.32800449214e-07,3.69778276904e-06,2.89711158949e-05,3.9261226036e-05,2.35021509686e-06,3.69778276904e-06,3.32800449214e-07,3.69778276904e-06,0.279196449967,0.506655543581,0.214061967163
488,0.100002003164,0.316495282077,0.000904326006038,0.0160079943539,0.0673364556486,0.0486615843961,0.0310933514042,0.334599685235,0.027042501743,0.0255851470531,0.011909017293,0.0203626516265,1,0.7,10,20,12,2,20,1.38231140403e-05,1.24408026362e-06,1.38231140403e-05,2.5821602982e-05,2.41804148182e-05,0.000222350038457,1.38231140403e-05,1.24408026362e-06,1.38231140403e-05,0.279005069138,0.506618487303,0.214046310886
489,0.000507364276018,0.133930531298,0.0896798691036,0.00862940699504,0.160574147007,0.119921010171,0.0624944774148,0.0263268538388,0.00544913141758,0.0314585787904,0.00257060469678,0.358458024991,1,0.7,10,20,12,2,20,0.000109716373977,9.87447365793e-06,0.000109716373977,0.00160130767097,0.00090411652182,0.000751349877686,0.000109716373977,9.87447365793e-06,0.000109716373977,0.278291197611,0.504740536995,0.21325287688
490,0.0648298038403,0.0998825256389,0.128005336046,0.0030598130965,0.220098773076,0.0132207032061,0.0259328219149,0.115372345584,0.0855008779155,0.0338547100925,0.174180237368,0.0360620522213,1,0.7,10,20,12,2,20,0.000137482944473,1.23734650026e-05,0.000137482944473,0.00375647061248,0.00241126217367,0.000828720545728,0.000137482944473,1.23734650026e-05,0.000137482944473,0.277071829105,0.502887197789,0.212469841066
491,0.0216402472977,0.0327159115777,0.13197474374,0.00224985653638,0.079526303714,0.109067942144,0.0667214985089,0.147147531569,0.158708464876,0.0247711059847,0.0179603541047,0.207516039948,1,0.7,10,20,12,2,20,0.000247142106945,2.2242789625e-05,0.000247142106945,0.00641888876972,0.00283501754802,0.00130441072151,0.000247142106945,2.2242789625e-05,0.000247142106945,0.276048095012,0.500780691699,0.211579842243
492,0.0131379621592,0.0914759255128,0.102658996844,0.0204785573254,0.0410275046337,0.249075577304,0.0201355668569,0.0395548910837,0.0101939499117,0.0824285864804,0.265256676708,0.0645758051802,1,0.7,10,20,12,2,20,0.00015947964309,1.43531678781e-05,0.00015947964309,0.0079671842815,0.00267406126511,0.000335327223248,0.00015947964309,1.43531678781e-05,0.00015947964309,0.275980976533,0.500791441679,0.211584384109
493,0.0861227331756,0.0974692279584,0.0578454745225,0.028104344569,0.280791423587,0.00301063328942,0.00292884237221,0.0171251447004,0.00980693697717,0.21555446498,0.19338235033,0.00785842353743,1,0.7,10,20,12,2,20,4.14903517723e-05,3.73413165951e-06,4.14903517723e-05,0.000446775717872,0.000746037002554,0.00034119564308,4.14903517723e-05,3.73413165951e-06,4.14903517723e-05,0.27893808651,0.505697346542,0.213657128914
494,0.257455190982,0.0157290236912,0.00962443333397,0.0480708682696,0.0271768324886,0.0876846630641,0.00505072918462,0.0330165357469,0.166905240969,0.159053771133,0.154635856779,0.0355968543588,1,0.7,10,20,12,2,20,7.8932091525e-07,7.10388823725e-08,7.8932091525e-07,6.5840261365e-06,1.63935113067e-06,1.3015953878e-06,7.8932091525e-07,7.10388823725e-08,7.8932091525e-07,0.279257360201,0.506664193648,0.214065621816
495,0.0167172619669,0.019309365327,0.149984802419,0.0922651701024,0.173815117488,0.0229378728534,0.023868679785,0.0237176941847,0.0274940303256,0.222989374683,0.191703516,0.0351971148657,1,0.7,10,20,12,2,20,2.66210092595e-06,2.39589083336e-07,2.66210092595e-06,1.86031196849e-05,3.9293382449e-05,5.68438358315e-06,2.66210092595e-06,2.39589083336e-07,2.66210092595e-06,0.279149146835,0.506696762529,0.214079382168
496,0.0361484743113,0.223517201669,0.108917200785,0.0195584339869,0.260946775177,0.121604581115,0.0731099364767,0.0018537459908,0.0499702847127,0.00230421837757,0.0002616049726,0.101807542425,1,0.7,10,20,12,2,20,3.86218185663e-07,3.47596367096e-08,3.86218185663e-07,9.14886422381e-06,3.71150030136e-06,1.15909806677e-06,3.86218185663e-07,3.47596367096e-08,3.86218185663e-07,0.279322561586,0.506616382818,0.214045421741
497,0.00569659796454,0.303507491405,0.0238908407957,0.0115812035985,0.0106199698494,0.0126584795299,0.0481967252833,0.108958131439,0.252225565174,0.00749209401841,0.0721167304414,0.1430561705,1,0.7,10,20,12,2,20,2.63487437519e-06,2.37138693767e-07,2.63487437519e-06,1.06149475955e-05,8.40453052047e-06,1.07123266839e-05,2.63487437519e-06,2.37138693767e-07,2.63487437519e-06,0.279274023649,0.506632851158,0.214052379614
498,0.147049422613,0.0167750670696,0.021220028686,0.183242752373,0.0308831768991,0.0183092366944,0.0194658561739,0.120672781909,0.0387399983157,0.0181867409582,0.350488291436,0.0349666468715,1,0.7,10,20,12,2,20,9.2941206492e-05,8.36470858428e-06,9.2941206492e-05,0.00644310939269,0.0012645077273,0.000586428998761,9.2941206492e-05,8.36470858428e-06,9.2941206492e-05,0.276573895481,0.502455932624,0.212287631534
499,0.110490739141,0.118281135486,0.0126886556787,0.110695695297,0.0278186103208,0.169324850073,0.057847695,0.145729748625,0.128669004441,0.0745081408903,0.00305374419967,0.0408919808486,1,0.7,10,20,12,2,20,2.98963975158e-06,2.69067577642e-07,2.98963975158e-06,9.10637993055e-06,3.53135917131e-06,2.21362666777e-05,2.98963975158e-06,2.69067577642e-07,2.98963975158e-06,0.279302250973,0.506608420616,0.21404205771
500,0.0202347160732,0.0826707920812,0.0615721298137,0.145040306769,0.158849452198,0.0330044920909,0.0281542851516,0.0922013336622,0.187294130352,0.0734358285423,0.01131137677,0.106231156496,1,0.7,10,20,12,2,20,0.000192308937061,1.73078043355e-05,0.000192308937061,0.0133021452206,0.00251444373648,0.0018716280941,0.000192308937061,1.73078043355e-05,0.000192308937061,0.273988831554,0.497377223225,0.210141876813
501,0.0980593967637,0.202596159436,0.0310224099733,0.066070972469,0.0546895180096,0.093585093261,0.088047241695,0.0438637643942,0.0749017823378,0.16628100621,0.000879212326213,0.0800034431237,1,0.7,10,20,12,2,20,0.000293350112724,2.64015101451e-05,0.000293350112724,0.0125312444482,0.0022043756121,0.00369002449019,0.000293350112724,2.64015101451e-05,0.000293350112724,0.27363684857,0.496809352132,0.209901951276
502,0.0856229505198,0.0320228378144,0.0227867731014,0.109696484883,0.103038453365,0.019685755141,0.115870267441,0.0756207368369,0.128612984541,0.0280905751676,0.0837975023574,0.195154678831,1,0.7,10,20,12,2,20,0.00014735794635,1.32622151715e-05,0.00014735794635,0.00258010060446,0.000755057952646,0.000453011252312,0.00014735794635,1.32622151715e-05,0.00014735794635,0.278107438424,0.504385543445,0.213102892106
503,0.0584882941634,0.121805485474,0.0945126390862,0.180971422439,0.0138670014354,0.133343077754,0.0210247928257,0.0470064015615,0.00333771792511,0.0315166742747,0.220823381638,0.0733031114227,1,0.7,10,20,12,2,20,0.000334460035974,3.01014032377e-05,0.000334460035974,0.00878446459635,0.00204468786752,0.00133182860994,0.000334460035974,3.01014032377e-05,0.000334460035974,0.275315339363,0.499912574069,0.211213062544
504,0.118667459143,0.00236748898029,0.0368890425589,0.0590108649152,0.118012473732,0.0582019710313,0.0496877659621,0.133422377451,0.0334293168254,0.0606030316816,0.180181141759,0.149527065961,1,0.7,10,20,12,2,20,5.35740516818e-06,4.82166465136e-07,5.35740516818e-06,1.19502000668e-05,7.21271057726e-05,4.55720734133e-06,5.35740516818e-06,4.82166465136e-07,5.35740516818e-06,0.279286812067,0.506574453052,0.214027706414
505,0.0483356842463,0.00862900158303,0.171040667135,0.0155552160341,0.0149743631564,0.168489343499,0.0073719324773,0.0988211893021,0.333251782596,0.0154257572532,0.0349122894781,0.0831927732395,1,0.7,10,20,12,2,20,0.000906406630083,8.15765967074e-05,0.000906406630083,0.00972255724427,0.00756775604105,0.00435976787531,0.000906406630083,8.15765967074e-05,0.000906406630083,0.272223189263,0.493734938392,0.208603011471
506,0.274236025851,0.0374191578362,0.0794453665236,0.0743519459951,0.0691158563377,0.229558632027,0.0223130081386,0.103464018924,0.0152969924669,0.0460975591734,0.0341556814922,0.0145457552337,1,0.7,10,20,12,2,20,0.00054664573563,4.91981162067e-05,0.00054664573563,0.0474455556586,0.00812523527421,0.00175102570168,0.00054664573563,4.91981162067e-05,0.00054664573563,0.261820465769,0.477028287115,0.201544451306
507,0.0734013101318,0.0150728496477,0.223059960581,0.254836183188,0.124722031822,0.00652491581751,0.0642479793724,0.117856170514,0.0373646287238,0.0630577493693,0.00680615510636,0.0130500657264,1,0.7,10,20,12,2,20,0.000363418648713,3.27076783842e-05,0.000363418648713,0.0229661922298,0.00589349598089,0.00169893293182,0.000363418648713,3.27076783842e-05,0.000363418648713,0.269908912093,0.49069481674,0.207318560073
508,0.0359325700619,0.0236366669656,0.0819655263508,0.0395241766129,0.124881788209,0.0467261893493,0.380883181199,0.124700461705,0.0766114283852,0.00465672062623,0.0273431890514,0.0331381014831,1,0.7,10,20,12,2,20,0.00274201009792,0.000246780908813,0.00274201009792,0.127216436153,0.0226499320621,0.0184063922319,0.00274201009792,0.000246780908813,0.00274201009792,0.229038659941,0.415625291672,0.175601685731
509,0.0238423722232,0.153812566057,0.196364113854,0.0690861753666,0.000129523652606,0.00887693813001,0.0718927306122,0.0490488674708,0.122749774669,0.0443192646585,0.23895967257,0.0209180007354,1,0.7,10,20,12,2,20,0.00021986511753,1.97878605777e-05,0.00021986511753,0.012239717714,0.00382593620153,0.000576318617817,0.00021986511753,1.97878605777e-05,0.00021986511753,0.274328534517,0.497792939725,0.210317517034
510,0.242585055941,0.0500995252162,0.0369970898093,0.217843281928,0.0133080141126,0.0224884560556,0.0776975969195,0.0207745557601,0.144274800055,0.0661551759839,0.0983021641352,0.00947428408388,1,0.7,10,20,12,2,20,0.000160471699174,1.44424529257e-05,0.000160471699174,0.00199858418885,0.00729663607676,0.000487642872668,0.000160471699174,1.44424529257e-05,0.000160471699174,0.276306832214,0.501398617184,0.21184091576
511,0.11731990856,0.0895114476597,0.0821545675782,0.0192351316694,0.128539989231,0.0032527101283,0.0803693834504,0.327095279674,0.0653642103785,0.0189969822202,0.032532937879,0.0356274515705,1,0.7,10,20,12,2,20,0.0013554799164,0.000121993192476,0.0013554799164,0.0877243531164,0.0190752832545,0.0125455094978,0.0013554799164,0.000121993192476,0.0013554799164,0.24424063163,0.443408306819,0.187340009631
512,0.0727742220847,0.0998239126278,0.047483386041,0.0417266384544,0.0705992365435,0.115445328529,0.0782765196658,0.114743567663,0.028876731806,0.257382095273,0.0345524739216,0.0383158873908,1,0.7,10,20,12,2,20,7.88240346161e-05,7.09416311545e-06,7.88240346161e-05,0.00426879911832,0.00113293154715,0.000920465958562,7.88240346161e-05,7.09416311545e-06,7.88240346161e-05,0.277343566198,0.503342532663,0.21266222005
513,0.216773000304,0.0495812354658,0.139314781946,0.00856625523095,0.0715457766179,0.0767079503817,0.0330517497192,0.00905363324313,0.0870552309655,0.185437403309,0.0926401059977,0.0302728768196,1,0.7,10,20,12,2,20,6.38615068851e-05,5.74753561966e-06,6.38615068851e-05,0.00396791123622,0.000451521215859,0.000343850941851,6.38615068851e-05,5.74753561966e-06,6.38615068851e-05,0.277932924077,0.504068085364,0.212968766066
514,0.0286392321374,0.248863835055,0.0413846827078,0.07558849934,0.10335457862,0.0683333563539,0.0424892003684,0.0658531669035,0.0702325727585,0.144950813255,0.0890709915567,0.0212390709442,1,0.7,10,20,12,2,20,6.34495960596e-06,5.71046364537e-07,6.34495960596e-06,1.97974494145e-05,0.000169889655082,5.90412677126e-06,6.34495960596e-06,5.71046364537e-07,6.34495960596e-06,0.279304913688,0.506483636661,0.213989336489
515,0.148658493681,0.0380418731923,0.259989656942,0.0150941346033,0.0877535086685,0.00787705172677,0.0178813277539,0.03336317938,0.077500170021,0.0782985388735,0.0954053437044,0.140136721453,1,0.7,10,20,12,2,20,6.68645221966e-05,6.01780699769e-06,6.68645221966e-05,0.00268348422936,0.00208541785834,0.000287744345749,6.68645221966e-05,6.01780699769e-06,6.68645221966e-05,0.27768307893,0.504028668495,0.212952112439
516,0.0275216207528,0.0709871328085,0.0516213276372,0.00309108882916,0.178645605961,0.225562081323,0.0926272280935,0.0105626000238,0.0135609182391,0.175302490656,0.00793380000787,0.142584105669,1,0.7,10,20,12,2,20,0.000103491159727,9.31420437541e-06,0.000103491159727,0.00430479616447,0.00152784106713,0.000591293177751,0.000103491159727,9.31420437541e-06,0.000103491159727,0.277464489718,0.503113523251,0.212565463574
517,0.0299105098412,0.205124522629,0.169230450046,0.256502602865,0.0852162486639,0.0238047909279,0.138282026359,0.0450732198477,0.00367121898065,0.0115867689875,0.0219278233782,0.00966981747415,1,0.7,10,20,12,2,20,8.94914654028e-07,8.05423188626e-08,8.94914654028e-07,4.25950156645e-06,2.23075917273e-06,1.26041748914e-06,8.94914654028e-07,8.05423188626e-08,8.94914654028e-07,0.279410868829,0.506557215992,0.214020423757
518,0.0183703454327,0.0267935752412,0.116916236463,0.0623458477748,0.155113350793,0.10735930019,0.0687637720881,0.105634747571,0.242049366299,0.0514741594835,0.0122578327771,0.0329214658867,1,0.7,10,20,12,2,20,0.000775848409109,6.98263568199e-05,0.000775848409109,0.0641509643089,0.0277779013164,0.00679301084653,0.000775848409109,6.98263568199e-05,0.000775848409109,0.250714929776,0.455058100107,0.192262047295
519,0.0409862894361,0.091663006071,0.115952726139,0.124199237979,0.0746409609846,0.13085479432,0.0370596393424,0.246665471346,0.0215776778069,0.0186096787557,0.0138203227171,0.0839701951019,1,0.7,10,20,12,2,20,0.000896760803487,8.07084723139e-05,0.000896760803487,0.0244039090158,0.00994330705681,0.00799907136296,0.000896760803487,8.07084723139e-05,0.000896760803487,0.26649385829,0.483241753333,0.204169640783
520,0.323022289388,0.02446736287,0.0571916175698,0.0945242188994,0.235736058974,0.0945595708463,0.0684659948504,0.0587334199891,0.0193729215591,0.00104223166207,0.0207140727236,0.0021702406683,1,0.7,10,20,12,2,20,0.000403407634179,3.63066870761e-05,0.000403407634179,0.0580316417365,0.00664605352692,0.00256297292058,0.000403407634179,3.63066870761e-05,0.000403407634179,0.258786669625,0.472609081392,0.199677336888
521,0.0816866864104,0.0336526786492,0.16600217598,0.00658826623796,0.0442000715391,0.00875532678661,0.311016408819,0.024007936684,0.20890201038,0.0223742858962,0.0893163637253,0.00349778889199,1,0.7,10,20,12,2,20,0.00107149416536,9.64344748827e-05,0.00107149416536,0.0266015746872,0.0114853229741,0.0032052654545,0.00107149416536,9.64344748827e-05,0.00107149416536,0.266451242683,0.483499296021,0.204278452569
522,0.0801056333149,0.0118328701546,0.182884134234,0.0955542612246,0.101706110529,0.184393737435,0.0400810101759,0.000465281470783,0.0188638811221,0.11412978732,0.135752520209,0.0342307728088,1,0.7,10,20,12,2,20,0.00016722903338,1.50506130042e-05,0.00016722903338,0.00633975479609,0.00136764923229,0.00107103095496,0.00016722903338,1.50506130042e-05,0.00016722903338,0.276376162397,0.502036123206,0.212110262054
523,0.0112922429427,0.147460941016,0.136661329547,0.107997357092,0.0195914305583,0.137538100418,0.012781464886,0.0961280980232,0.0180892391563,0.190897488751,0.0787841847688,0.0427781228389,1,0.7,10,20,12,2,20,7.70761982059e-06,6.93685783853e-07,7.70761982059e-06,7.55090020417e-06,5.04216255887e-05,5.02446617024e-06,7.70761982059e-06,6.93685783853e-07,7.70761982059e-06,0.279300768884,0.506575758364,0.214028257909
524,0.138678425472,0.201707935663,0.114224032209,0.0309582515118,0.13158024449,0.003017748638,0.00724105433114,0.067119958712,0.0784051144807,0.0889377718271,0.0940307809985,0.0440986816673,1,0.7,10,20,12,2,20,0.000208027873383,1.87225086045e-05,0.000208027873383,0.0112942788666,0.00199926130645,0.00194120470021,0.000208027873383,1.87225086045e-05,0.000208027873383,0.274593791577,0.498630514614,0.210671392425
525,0.0273464276879,0.137871466769,0.0604766136846,0.0180342237666,0.0855970555582,0.030140038577,0.0936970588248,0.24015439132,0.121538334158,0.0487088362384,0.0944986750138,0.0419368784024,1,0.7,10,20,12,2,20,0.000204899715575,1.84409744018e-05,0.000204899715575,0.00156637708741,0.00450121810171,0.00116590659802,0.000204899715575,1.84409744018e-05,0.000204899715575,0.277105332001,0.502498900106,0.212305785295
526,0.201847595299,0.044884349026,0.0943248963831,0.051078740847,0.174609658224,0.0801758663597,0.0110245842506,0.0186167266672,0.102594719512,0.179214854454,0.0183102731939,0.0233177357841,1,0.7,10,20,12,2,20,0.000145484548327,1.30936093494e-05,0.000145484548327,0.011313067722,0.00141057594948,0.000607614137406,0.000145484548327,1.30936093494e-05,0.000145484548327,0.274979298266,0.49988141899,0.211199899523
527,0.0498910526009,0.00173430523125,0.00150154931861,0.0899745548744,0.0111947549216,0.0832484032591,0.0732053979077,0.239336715618,0.236255472195,0.109463547195,0.0800097209124,0.0241845259657,1,0.7,10,20,12,2,20,1.63774179707e-06,1.47396761737e-07,1.63774179707e-06,1.31461886113e-05,3.20371043261e-06,1.0840748002e-05,1.63774179707e-06,1.47396761737e-07,1.63774179707e-06,0.279087096613,0.50676897503,0.21410989195
528,0.119717856849,0.0226183656836,0.409071857612,0.0436241494434,0.0131937486234,0.0709714972035,0.021323544657,0.0410091417064,0.0341788376562,0.0274627174238,0.181380229968,0.0154480531743,1,0.7,10,20,12,2,20,0.000167771856227,1.50994670604e-05,0.000167771856227,0.0213807734333,0.0014406835998,0.00153001077411,0.000167771856227,1.50994670604e-05,0.000167771856227,0.272117509749,0.494080658056,0.208749078029
529,0.0320833891866,0.167488296622,0.0170339838496,0.220564783297,0.0630460555109,0.0647372877942,0.212159487002,0.0251999871324,0.0429785126973,0.102722701893,0.0505674968049,0.00141801820932,1,0.7,10,20,12,2,20,4.76324918944e-08,4.28692427049e-09,4.76324918944e-08,1.36279453817e-06,1.58534865392e-07,2.11052676181e-07,4.76324918944e-08,4.28692427049e-09,4.76324918944e-08,0.279450691573,0.50653594161,0.21401143533
530,0.0104363147374,0.0358449224729,0.0361827041379,0.0679371927152,0.284825853744,0.179472512638,0.0840427595246,0.0656619023031,0.0308163663122,0.0659456632102,0.0585504679786,0.0802833402256,1,0.7,10,20,12,2,20,0.000125424707337,1.12882236603e-05,0.000125424707337,0.0103904790403,0.00557617841437,0.000600554480322,0.000125424707337,1.12882236603e-05,0.000125424707337,0.274234580785,0.49818905589,0.210484876114
531,0.267741459282,0.0830686325479,0.196499718267,0.0157962789153,0.0867267646014,0.0249111999399,0.142640688898,0.0186059263768,0.057259116522,0.0155905057003,0.00992899511816,0.0812307138314,1,0.7,10,20,12,2,20,0.000458077805608,4.12270025047e-05,0.000458077805608,0.048972617882,0.0105245307619,0.000955636658286,0.000458077805608,4.12270025047e-05,0.000458077805608,0.261321529062,0.475438256878,0.200872663531
532,0.17315129356,0.0201312143239,0.0111608116602,0.122054853066,0.0317926837304,0.0311914725128,0.0239134152046,0.34068970411,0.164624858535,0.0440120820659,0.0361174846948,0.00116012653588,1,0.7,10,20,12,2,20,0.00105390249792,9.48512248132e-05,0.00105390249792,0.033513276439,0.0325851487851,0.00764948619663,0.00105390249792,9.48512248132e-05,0.00105390249792,0.257363130671,0.467123828096,0.197359817371
533,0.073403140739,0.298441596357,0.034048037871,0.136610605665,0.00855331837565,0.0109696752126,0.00510248041638,0.188273379041,0.0898038930983,0.124576579136,0.0147841204232,0.0154331736647,1,0.7,10,20,12,2,20,0.000594248642992,5.34823778693e-05,0.000594248642992,0.0115693826923,0.00722016378336,0.00409942301929,0.000594248642992,5.34823778693e-05,0.000594248642992,0.272098403211,0.493869010872,0.208659657094
534,0.161644761894,0.0536376875201,0.0146728766887,0.0419659714228,0.013506652724,0.0606388227162,0.0197346528685,0.0576994694551,0.0221881520585,0.428423583651,0.0372705374384,0.0886168315627,1,0.7,10,20,12,2,20,3.37863888026e-05,3.04077499223e-06,3.37863888026e-05,0.00182064920601,0.000333434271016,0.000310441919482,3.37863888026e-05,3.04077499223e-06,3.37863888026e-05,0.278476560734,0.505390289466,0.213527397299
535,0.222378641932,0.032077138953,0.0409852736548,0.0481524286307,0.1154681647,0.0664117635514,0.0845264611781,0.0834059897021,0.084138186533,0.124265420029,0.00434464698699,0.0938458841487,1,0.7,10,20,12,2,20,0.00013857481862,1.24717336758e-05,0.00013857481862,0.00171685157134,0.00325410121022,0.00121349941568,0.00013857481862,1.24717336758e-05,0.00013857481862,0.277172853771,0.503383797041,0.21267965425
536,0.0262580011699,0.0629315831853,0.0188370884766,0.0167488434844,0.141645174527,0.313394850736,0.0907048767692,0.00996862231695,0.0273443225173,0.161869736931,0.040187809723,0.0901090901629,1,0.7,10,20,12,2,20,0.00025596223236,2.30366009124e-05,0.00025596223236,0.0124255026363,0.00486278003278,0.00107735801461,0.00025596223236,2.30366009124e-05,0.00025596223236,0.273805035612,0.49684316455,0.209916237023
537,0.00173113131137,0.129176310145,0.0317621467408,0.036517522617,0.00823006071669,0.0807180754227,0.0646733777946,0.0272452089511,0.150900222369,0.202583164255,0.198085175975,0.0683776037019,1,0.7,10,20,12,2,20,4.81112728006e-05,4.33001455206e-06,4.81112728006e-05,0.00126263625207,0.000901579771924,0.000330079661485,4.81112728006e-05,4.33001455206e-06,4.81112728006e-05,0.278576111486,0.505257284856,0.213471202852
538,0.0794962789859,0.0796226240304,0.0788263158163,0.366448921914,0.0549775859756,0.00300761098119,0.145755097477,0.0543153550688,0.0112268380073,0.0419510450813,0.0762263571916,0.0081459694704,1,0.7,10,20,12,2,20,0.000277340186631,2.49606167968e-05,0.000277340186631,0.0140290100529,0.00194080198929,0.00312842951454,0.000277340186631,2.49606167968e-05,0.000277340186631,0.27339175536,0.496555867208,0.209794853895
539,0.0348328382138,0.0332317496172,0.0354469435331,0.216376719064,0.0755903343506,0.145722201306,0.042434853735,0.0866425737846,0.0984435555529,0.060211487657,0.006427291384,0.164639451802,1,0.7,10,20,12,2,20,0.000511970080541,4.60773072487e-05,0.000511970080541,0.0358513341974,0.00445950851242,0.00347077692053,0.000511970080541,4.60773072487e-05,0.000511970080541,0.266361395458,0.483456555342,0.204260394632
540,0.182422833886,0.238710477147,0.0686781141268,0.0449335960616,0.176366467765,0.140445262564,0.030401019581,0.00149295847657,0.00659535381489,0.0263061151807,0.0325431588367,0.0511046425581,1,0.7,10,20,12,2,20,0.00128471592942,0.000115624433647,0.00128471592942,0.0540589786914,0.0137024581189,0.00824941129109,0.00128471592942,0.000115624433647,0.00128471592942,0.256501864065,0.465460228646,0.196656946603
541,0.00516029854937,0.231769730678,0.146934694377,0.0387128928878,0.0393715725548,0.0203785569783,0.0270154438303,0.0940105728676,0.105220070426,0.097542350211,0.157101752202,0.0367820644381,1,0.7,10,20,12,2,20,0.000228283009447,2.05454708503e-05,0.000228283009447,0.0057265316457,0.00306295859894,0.00121574826833,0.000228283009447,2.05454708503e-05,0.000228283009447,0.27594512958,0.501297299774,0.211798109154
542,0.145505548676,0.171252337124,0.0545140136544,0.0286219462284,0.0146655407487,0.0343258964048,0.056606630271,0.0129357878609,0.0401095592545,0.245421817807,0.0923430662792,0.103697855691,1,0.7,10,20,12,2,20,6.40937076203e-05,5.76843368583e-06,6.40937076203e-05,0.00121469760045,0.000565559988417,0.000506676290101,6.40937076203e-05,5.76843368583e-06,6.40937076203e-05,0.278548690521,0.505375370054,0.213521093848
543,0.0643744471765,0.0545089338302,0.045894364861,0.148391067505,0.0211170591164,0.0534915650661,0.0440543810945,0.173103144999,0.0950284550773,0.13695796297,0.1049703167,0.0581083016041,1,0.7,10,20,12,2,20,0.000186455349501,1.67809814551e-05,0.000186455349501,0.0126549842152,0.00467643559758,0.000789480600238,0.000186455349501,1.67809814551e-05,0.000186455349501,0.274091278701,0.497018233761,0.209990203764
544,0.261752010598,0.0868001005068,0.036714300043,0.0310896699413,0.0974703172229,0.00978892912077,0.175087854517,0.00511417072168,0.00637280002383,0.0631271697405,0.0140166976512,0.212665979913,1,0.7,10,20,12,2,20,0.000251600981971,2.26440883774e-05,0.000251600981971,0.00617938501193,0.0018030096068,0.00169579191239,0.000251600981971,2.26440883774e-05,0.000251600981971,0.276221668251,0.501264290413,0.2117841627
545,0.0447610321614,0.0173778816456,0.14389071646,0.00526661300967,0.0564591167375,0.0597083442643,0.176463523551,0.0071369858706,0.247304432445,0.209764875779,0.00904200361128,0.0228244744642,1,0.7,10,20,12,2,20,4.39076697588e-07,3.9516902783e-08,4.39076697588e-07,3.98698892988e-06,9.60028266064e-07,2.03943774169e-06,4.39076697588e-07,3.9516902783e-08,4.39076697588e-07,0.279411627303,0.506558559509,0.214020991392
546,0.282306885882,0.00424241539945,0.0438891766723,0.0142256408605,0.0889591540275,0.00199353385046,0.0375916922952,0.0422842231848,0.248185605197,0.0354831633757,0.115107079481,0.0857314297744,1,0.7,10,20,12,2,20,0.000223440814996,2.01096733496e-05,0.000223440814996,0.00365744835816,0.00209054052862,0.000196498322307,0.000223440814996,2.01096733496e-05,0.000223440814996,0.277301262528,0.503212841937,0.212607425718
547,0.0188919925334,0.00858538312049,0.0521489279093,0.0488350053117,0.220200987173,0.0754976380662,0.182090354219,0.101928340774,0.143452314763,0.0935912807602,0.0155015277369,0.0392762476312,1,0.7,10,20,12,2,20,0.000770593228008,6.93533905207e-05,0.000770593228008,0.0146468772985,0.00720975994761,0.00230690356435,0.000770593228008,6.93533905207e-05,0.000770593228008,0.271653522059,0.492767562346,0.208194295091
548,0.00299587300784,0.019789237177,0.036791261285,0.0443784790171,0.0849055755052,0.00916831332315,0.0874371784854,0.231409273143,0.284305744175,0.107916628023,0.0773317412362,0.0135706956221,1,0.7,10,20,12,2,20,0.000206716125642,1.86044513078e-05,0.000206716125642,0.010671420286,0.00398422970532,0.000304152029497,0.000206716125642,1.86044513078e-05,0.000206716125642,0.274742138298,0.498723364693,0.210710621583
549,0.00817631648313,0.0139567080713,0.0524289097256,0.0331804819381,0.209709747703,0.251634736598,0.0440143137282,0.00530774737661,0.074527823992,0.0230472115437,0.248143267247,0.0358727355934,1,0.7,10,20,12,2,20,0.000198246836875,1.78422153188e-05,0.000198246836875,0.00271190403329,0.00118982004156,0.00108848113414,0.000198246836875,1.78422153188e-05,0.000198246836875,0.277739808913,0.503649429947,0.212791884153
550,0.226410579012,0.00875150042864,0.117671755538,0.027724618621,0.149597574311,0.0305661452927,0.0325603276749,0.113167000349,0.178814362864,0.0605871183938,0.00690572800154,0.0472432895125,1,0.7,10,20,12,2,20,0.00107773820854,9.69964387688e-05,0.00107773820854,0.0299899379454,0.00846242725977,0.0134591751047,0.00107773820854,9.69964387688e-05,0.00107773820854,0.26350710178,0.478085351282,0.201991060917
551,0.0369506802067,0.128929024714,0.0696809798812,0.0441486239864,0.0964073650603,0.0519724847491,0.0448434514668,0.0775339543545,0.0932420967487,0.0845858755527,0.0033980109821,0.268307452297,1,0.7,10,20,12,2,20,0.000123477162242,1.11129446017e-05,0.000123477162242,0.00267304583083,0.00130278878841,0.000668874264627,0.000123477162242,1.11129446017e-05,0.000123477162242,0.277876470335,0.504015948149,0.212946738093
552,0.113923003882,0.0194955450603,0.00128895410181,0.126006370484,0.150620230126,0.0856735089544,0.18552999188,0.0842644139985,0.115334358027,0.0282938632062,0.03651294881,0.0530568114688,1,0.7,10,20,12,2,20,0.000755396281136,6.79856653022e-05,0.000755396281136,0.015792966621,0.0162567517693,0.00164505850362,0.000755396281136,6.79856653022e-05,0.000755396281136,0.269035059357,0.487952623756,0.206159983537
553,0.0713244491767,0.0870981771061,0.0595936229891,0.270463783673,0.0644127958917,0.0103751346166,0.0317019845244,0.0890349076243,0.121405989651,0.0629812509399,0.114458985239,0.0171489185682,1,0.7,10,20,12,2,20,0.000202578745147,1.82320870633e-05,0.000202578745147,0.00809529880946,0.00270743785074,0.0010195099158,0.000202578745147,1.82320870633e-05,0.000202578745147,0.275755156949,0.500229045568,0.211346771753
554,0.0667923044915,0.191544179692,0.0765161960374,0.218145061589,0.00623566966227,0.102966022503,0.0317496941431,0.0235331580315,0.0569418504038,0.0493251216345,0.0121362427609,0.164114499051,1,0.7,10,20,12,2,20,0.000133674712048,1.20307240843e-05,0.000133674712048,0.0132938833701,0.00210861727155,0.00160091871397,0.000133674712048,1.20307240843e-05,0.000133674712048,0.274186155566,0.497892207228,0.210359457554
555,0.159535854996,0.0240379292238,0.117738534305,0.0321035767265,0.108271992625,0.0198667525503,0.274890709852,0.0596634806284,0.0373840463417,0.129789069341,0.0347581805435,0.00195987286701,1,0.7,10,20,12,2,20,0.000425749638962,3.83174675066e-05,0.000425749638962,0.00823443620604,0.00435765346148,0.00111793149396,0.000425749638962,3.83174675066e-05,0.000425749638962,0.274958106625,0.498806494709,0.210745744014
556,0.0174722963307,0.0128461992548,0.265016798134,0.0119926595112,0.0253136808437,0.0529621681293,0.0130810603914,0.182786481791,0.244494283324,0.0355471731466,0.135496233441,0.00299096570233,1,0.7,10,20,12,2,20,0.000847193847857,7.62474463071e-05,0.000847193847857,0.0312398439381,0.00730643465698,0.00291421580892,0.000847193847857,7.62474463071e-05,0.000847193847857,0.266657806448,0.483894853331,0.204445575533
557,0.000961751041102,0.192801713967,0.191360409257,0.0536534519961,0.0830210365415,0.185564210312,0.00069950055638,0.124796535793,0.0575860508353,0.0192795158591,0.0661490308882,0.0241267929539,1,0.7,10,20,12,2,20,0.00171122563499,0.000154010307149,0.00171122563499,0.0341316826922,0.00791550258038,0.00672749100885,0.00171122563499,0.000154010307149,0.00171122563499,0.263741084272,0.478264545724,0.202066770568
558,0.0398975200688,0.0378678932482,0.134434660147,0.0655101436171,0.0180558332235,0.0463177321692,0.045796441337,0.17459497747,0.0105515741063,0.158476817877,0.0569947460276,0.211501660708,1,0.7,10,20,12,2,20,9.03590237163e-07,8.13231213446e-08,9.03590237163e-07,1.03825649368e-05,1.86332184244e-05,2.31133528041e-06,9.03590237163e-07,8.13231213446e-08,9.03590237163e-07,0.279169897744,0.506710016261,0.21408498187
559,0.18410303434,0.0621386650617,0.050469718955,0.247458798383,0.147276481253,0.0435130493466,0.0609512122998,0.0365241809063,0.03859291473,0.109492958521,0.00939084939906,0.010088136804,1,0.7,10,20,12,2,20,0.000332844797123,2.99560317411e-05,0.000332844797123,0.0283202864649,0.00385876992328,0.00216074209835,0.000332844797123,2.99560317411e-05,0.000332844797123,0.269024593576,0.488748201537,0.206496115149
560,0.0595766369909,0.198938743988,0.0462281690844,0.0103076507558,0.0856943486904,0.0515471897559,0.135793680667,0.0044012571658,0.0330893542649,0.256816053532,0.0604418636718,0.0571650514328,1,0.7,10,20,12,2,20,0.000104257727277,9.38319545496e-06,0.000104257727277,0.00101059409671,0.000490489140509,0.000668178130359,0.000104257727277,9.38319545496e-06,0.000104257727277,0.278637631431,0.505277546504,0.213479763398
561,0.00617515339946,0.00410168776742,0.0808658585621,0.0257345770774,0.0539789317262,0.0371648960232,0.218290796878,0.288420218983,0.0205893431742,0.0843150313496,0.0264864204086,0.153877084651,1,0.7,10,20,12,2,20,2.79100465143e-06,2.51190418629e-07,2.79100465143e-06,2.20886898753e-05,4.10894213558e-05,3.85313956884e-06,2.79100465143e-06,2.51190418629e-07,2.79100465143e-06,0.279388269512,0.506525857882,0.214007174955
562,0.0881354458677,0.0854764373701,0.188510131211,0.0341448694644,0.120799514525,0.0370081613909,0.0427242130285,0.121121864378,0.0104644083146,0.000219176282769,0.00780258209307,0.263593196074,1,0.7,10,20,12,2,20,9.75507885266e-05,8.77957096739e-06,9.75507885266e-05,0.000200425009608,0.000315073091364,0.000196044387838,9.75507885266e-05,8.77957096739e-06,9.75507885266e-05,0.278939342855,0.506109913786,0.213831438574
563,0.0404257145194,0.0372370371477,0.0115195768422,0.0565509074292,0.139860080286,0.0303690130696,0.0125749483524,0.21217642236,0.214066088361,0.0677220631618,0.0626940142942,0.114804134177,1,0.7,10,20,12,2,20,0.000229145481115,2.06230933004e-05,0.000229145481115,0.0075924516863,0.00340010465716,0.00225804478624,0.000229145481115,2.06230933004e-05,0.000229145481115,0.275360170319,0.49942453458,0.21100686586
564,0.0118387655224,0.0291522380734,0.0623654432401,0.162554457399,0.0013783972748,0.0915883231242,0.046611808633,0.229042300986,0.0157499517007,0.119653404192,0.00106534029252,0.228999569562,1,0.7,10,20,12,2,20,8.44656845586e-05,7.60191161028e-06,8.44656845586e-05,0.00356776824057,0.00149268537266,0.000271963961025,8.44656845586e-05,7.60191161028e-06,8.44656845586e-05,0.277684625241,0.503781996924,0.2128478937
565,0.0785606629153,0.0142755446685,0.169438675569,0.00465161752543,0.0429034982301,0.0208985924881,0.0404273426864,0.024656057825,0.0388037730229,0.19004263803,0.296039484621,0.0793021124175,1,0.7,10,20,12,2,20,8.96203068133e-07,8.0658276132e-08,8.96203068133e-07,1.31413020549e-05,2.17189975517e-05,3.0305665241e-06,8.96203068133e-07,8.0658276132e-08,8.96203068133e-07,0.279159040477,0.506713056259,0.214086266269
566,0.075485707073,0.0420189416887,0.0123603934141,0.0308546287281,0.0871529962094,0.381026640932,0.106978982165,0.0874154866828,0.0201502994423,0.0480585402094,0.0745844335236,0.0339129499323,1,0.7,10,20,12,2,20,2.13104323908e-06,1.91793891517e-07,2.13104323908e-06,1.08132486145e-05,2.69188981105e-05,2.48306165954e-06,2.13104323908e-06,1.91793891517e-07,2.13104323908e-06,0.279354581702,0.506570330636,0.214025964694
567,0.266683476521,0.0325015257627,0.0805261412943,0.100388881252,0.141572888216,0.130756875298,0.144631950743,0.0426525133481,0.00454218961996,0.0461643257569,0.00227012405772,0.00730910813054,1,0.7,10,20,12,2,20,0.00142008911383,0.000127808020245,0.00142008911383,0.0521245845429,0.0331035765238,0.0223066221706,0.00142008911383,0.000127808020245,0.00142008911383,0.247552820882,0.44919256477,0.189783858615
568,0.00952420835369,0.11425504975,0.104995553173,0.0123774132005,0.0399895266004,0.217724617036,0.116609620082,0.0410076338332,0.0434483434152,0.0484758434258,0.0818915548188,0.169700636311,1,0.7,10,20,12,2,20,0.000140727924781,1.26655132303e-05,0.000140727924781,0.00702292237519,0.00158711988364,0.000590916109493,0.000140727924781,1.26655132303e-05,0.000140727924781,0.276395638091,0.501803276495,0.212011884319
569,0.0310834427108,0.164520553268,0.0183171617081,0.132415758583,0.0188140912242,0.0419087747871,0.033946698312,0.284700864976,0.148926818888,0.0111011813345,0.0582834726526,0.0559811815552,1,0.7,10,20,12,2,20,0.000735545093101,6.61990583791e-05,0.000735545093101,0.00510876176685,0.00482595304878,0.005779441989,0.000735545093101,6.61990583791e-05,0.000735545093101,0.274053957349,0.497122887422,0.210034419936
570,0.0415137782268,0.000478116338196,0.0853269853115,0.0732393673484,0.203335930447,0.0785612188437,0.0156150158471,0.0275044432895,0.174534367217,0.112207625713,0.183864231211,0.00381892020749,1,0.7,10,20,12,2,20,0.000142998222096,1.28698399887e-05,0.000142998222096,0.00191071318102,0.00158835098594,0.000746911063493,0.000142998222096,1.28698399887e-05,0.000142998222096,0.278061708094,0.504108670725,0.212985913381
571,0.00623211245172,0.0502000604248,0.048696822113,0.1522478986,0.00163538233103,0.262073230563,0.0951875671105,0.031658276332,0.244470870627,0.0437396653536,0.0274615143114,0.0363965997821,1,0.7,10,20,12,2,20,0.000495087493145,4.4557874383e-05,0.000495087493145,0.0208984386179,0.0101229863377,0.00397428557469,0.000495087493145,4.4557874383e-05,0.000495087493145,0.268647465717,0.488075471375,0.206211886656
572,0.0832895045223,0.206807083784,0.261860850315,0.00203619998345,0.0199557876203,0.0307670540478,0.0441827167699,0.0426426598104,0.00821624717589,0.00730107767584,0.246331081044,0.0466097372513,1,0.7,10,20,12,2,20,0.000107545070092,9.6790563083e-06,0.000107545070092,0.00676176816519,0.00132560090637,0.000812199644838,0.000107545070092,9.6790563083e-06,0.000107545070092,0.276544741579,0.502007839235,0.212098312077
573,0.0379930027932,0.0925994396629,0.0291861066874,0.108796521111,0.0268916062957,0.0345879033059,0.120582680369,0.0360124746161,0.159343114526,0.00643154917782,0.0331395426093,0.314436058847,1,0.7,10,20,12,2,20,0.00011221056989,1.00989512901e-05,0.00011221056989,0.00347926835807,0.00167703626255,0.00111606110803,0.00011221056989,1.00989512901e-05,0.00011221056989,0.2774820857,0.503182079711,0.212594428678
574,0.0502799608094,0.00908105569047,0.060490916335,0.123261933627,0.0743797982596,0.193222715155,0.0784610553407,0.146765573205,0.0144537281753,0.0920092445066,0.138761123296,0.0188328956004,1,0.7,10,20,12,2,20,0.00013669780246,1.23028022214e-05,0.00013669780246,0.00168060992194,0.00118847492424,0.000989410077737,0.00013669780246,1.23028022214e-05,0.00013669780246,0.278102838132,0.504370664414,0.213096605715
575,0.0183742274396,0.00155852263825,0.322534441003,0.250412411316,0.0196906006498,0.107513411618,0.032371862013,0.0764132686983,0.0279895504642,0.0708739269783,0.0186309252781,0.053636851904,1,0.7,10,20,12,2,20,0.000596826018002,5.37143416202e-05,0.000596826018002,0.0295122801567,0.00728362405584,0.0075683933576,0.000596826018002,5.37143416202e-05,0.000596826018002,0.266115898806,0.482970172843,0.204054898026
576,0.0205929225275,0.0685801665942,0.140251367065,0.139237074821,0.101272367818,0.0720483625272,0.0228157297179,0.324210941356,0.00592567736389,0.0494089547258,0.000201722428404,0.0554547130549,1,0.7,10,20,12,2,20,0.000881158863752,7.93042977377e-05,0.000881158863752,0.036664846075,0.02415459713,0.00270464293993,0.000881158863752,7.93042977377e-05,0.000881158863752,0.260636182806,0.4725177413,0.199638745699
577,0.0748558957198,0.104562854197,0.0125901418302,0.126525039681,0.00670391099004,0.00442771789881,0.0987127559563,0.0714575041571,0.0435624897743,0.0214855670466,0.0838595260921,0.351256596658,1,0.7,10,20,12,2,20,7.93413467945e-05,7.1407212115e-06,7.93413467945e-05,0.00237710377233,0.000573185007829,0.000527555618563,7.93413467945e-05,7.1407212115e-06,7.93413467945e-05,0.278240388842,0.504710101884,0.213240018046
578,0.201830541157,0.0279004632238,0.0391233583012,0.143217363327,0.0622705889787,0.0496718513008,0.151298195609,0.211085174314,0.0431312681835,0.00339114924236,0.0354384031708,0.0316416431922,1,0.7,10,20,12,2,20,0.00198302380511,0.00017847214246,0.00198302380511,0.0131224395635,0.0151615917817,0.0123277022562,0.00198302380511,0.00017847214246,0.00198302380511,0.265605966645,0.481893328821,0.203599931427
579,0.127804490746,0.0896712972893,0.136873558625,0.0456393136796,0.208405755023,0.0151654643025,0.0102363348757,0.0457474099934,0.0629115596722,0.0539505103374,0.178512439211,0.0250818662442,1,0.7,10,20,12,2,20,0.000207223010044,1.8650070904e-05,0.000207223010044,0.0119608719651,0.00494332107269,0.00183310930145,0.000207223010044,1.8650070904e-05,0.000207223010044,0.273585545667,0.496879409358,0.209931550454
580,0.0119610605937,0.0127952949668,0.356323089557,0.0001417736493,0.235493483318,0.0153910728148,0.0826084400225,0.106037535754,0.0159157127926,0.0167172321034,0.0327902246005,0.113825079828,1,0.7,10,20,12,2,20,0.000781419417737,7.03277475963e-05,0.000781419417737,0.018143199968,0.00386731169197,0.00625046566656,0.000781419417737,7.03277475963e-05,0.000781419417737,0.270328672376,0.490786655277,0.207357361855
581,0.0365674304281,0.0490070886247,0.136242311143,0.00894865815062,0.0320606532429,0.066201377308,0.021512695766,0.214746830874,0.0356006879037,0.120963485801,0.177887018738,0.10026176202,1,0.7,10,20,12,2,20,7.20121904636e-05,6.48109714172e-06,7.20121904636e-05,0.000971269221024,0.00120760917519,0.000201682822263,7.20121904636e-05,6.48109714172e-06,7.20121904636e-05,0.278351288731,0.505425053845,0.213542085249
582,0.00582013439493,0.166802652561,0.0665078861023,0.0476570817001,0.0185047397207,0.104961519629,0.221345549202,0.126085901319,0.0212294218946,0.0854449325001,0.0537998041841,0.0818403767923,1,0.7,10,20,12,2,20,0.000235311032888,2.11779929599e-05,0.000235311032888,0.0179561788056,0.00204809867651,0.0011958991821,0.000235311032888,2.11779929599e-05,0.000235311032888,0.272991011444,0.495483452917,0.209341758857
583,0.25240974779,0.140401831217,0.00573867159672,0.16166988934,0.00744739097268,0.0294409098772,0.029536846568,0.0158368018747,0.0245661207921,0.049072623654,0.0385956837829,0.245283482535,1,0.7,10,20,12,2,20,0.000144053261346,1.29647935211e-05,0.000144053261346,0.0020639326551,0.00146713922129,0.000797581001199,0.000144053261346,1.29647935211e-05,0.000144053261346,0.278073622553,0.504039073418,0.212956508519
584,0.115066857464,0.321814654581,0.0432036602889,0.0631716024885,0.0469935956824,0.0390971307439,0.0363648725101,0.0452407264827,0.0242773185952,0.012525858518,0.192802476548,0.059441246098,1,0.7,10,20,12,2,20,0.000103226534725,9.29038812528e-06,0.000103226534725,0.0104759811224,0.00214961821081,0.00159609116727,0.000103226534725,9.29038812528e-06,0.000103226534725,0.275182898611,0.499236501915,0.210927422059
585,0.331869663959,0.0701402970036,0.145271228778,0.0156338868057,0.0330399431811,0.0296456231254,0.0535514092512,0.0147897936911,0.0160290086919,0.261292220209,0.00213114362983,0.0266057816733,1,0.7,10,20,12,2,20,0.000164379086793,1.47941178114e-05,0.000164379086793,0.00336736726355,0.000459243865185,0.00132103700162,0.000164379086793,1.47941178114e-05,0.000164379086793,0.277583879989,0.503747885623,0.212833481676
586,0.0581008535983,0.191455609678,0.0124680636194,0.038654054595,0.000811864821965,0.162009733212,0.0182737826801,0.0420753222607,0.0633239641057,0.062526743801,0.151857800765,0.198442206863,1,0.7,10,20,12,2,20,6.83386677512e-05,6.15048009761e-06,6.83386677512e-05,0.00142577592117,0.000404825157503,0.000395737740332,6.83386677512e-05,6.15048009761e-06,6.83386677512e-05,0.278564508066,0.50539437433,0.213529123154
587,0.071544927032,0.0984553755613,0.0408682081591,0.0148741440198,0.113372644575,0.0280595770397,0.105980594131,0.00205243252349,0.0377196827241,0.147744209754,0.200525211899,0.138802992581,1,0.7,10,20,12,2,20,5.77543150841e-05,5.19788835757e-06,5.77543150841e-05,0.00357436895352,0.0008082513862,0.000171882597283,5.77543150841e-05,5.19788835757e-06,5.77543150841e-05,0.277805846838,0.504322135106,0.213076102082
588,0.211533456007,0.147060659534,0.0738477677802,0.103455399245,0.0269482855282,0.0572500564339,0.0165086097519,0.00633696094561,0.0458957665992,0.123633431738,0.034704040904,0.152825565533,1,0.7,10,20,12,2,20,9.07624126023e-05,8.16861713421e-06,9.07624126023e-05,0.0063846057557,0.000652879338072,0.000493153739605,9.07624126023e-05,8.16861713421e-06,9.07624126023e-05,0.277093471018,0.502633745704,0.21236275756
589,0.0480850605422,0.038663419401,0.0337799605361,0.326295988514,0.109833449867,0.0139288080515,0.152013424823,0.0140451249325,0.0431056352702,0.181482697324,0.02586003555,0.0129063951894,1,0.7,10,20,12,2,20,1.60691934571e-07,1.44622741114e-08,1.60691934571e-07,5.4294030028e-06,1.08110939734e-06,2.34413916894e-07,1.60691934571e-07,1.44622741114e-08,1.60691934571e-07,0.279368543493,0.506589834719,0.214034205169
590,0.129296089356,0.00597281911782,0.0565722544477,0.0436904614049,0.108547361303,0.00786413525733,0.23905948414,0.0173030160655,0.310030808756,0.0271397711593,0.0240668081428,0.0304569908491,1,0.7,10,20,12,2,20,0.00259414787781,0.000233473309003,0.00259414787781,0.073574320106,0.0126613295211,0.0140857892582,0.00259414787781,0.000233473309003,0.00259414787781,0.248353567758,0.45025058364,0.190230871588
591,0.0648262968767,0.0577333150339,0.0401613146818,0.0824181363746,0.0617167710983,0.0590544139319,0.274616233331,0.110080196543,0.151484135841,0.0048058753258,0.0384985125369,0.0546047984245,1,0.7,10,20,12,2,20,0.00176848684797,0.000159163816317,0.00176848684797,0.0239306155864,0.016138774022,0.00469877475997,0.00176848684797,0.000159163816317,0.00176848684797,0.264759098996,0.480197161063,0.202883300549
592,0.0184629926463,0.0338073739915,0.024557767102,0.0529574185163,0.0585780814864,0.042602096531,0.165499234256,0.237851585622,0.0220914447842,0.126102398473,0.0631805057972,0.154309100794,1,0.7,10,20,12,2,20,5.66810035234e-05,5.10129031711e-06,5.66810035234e-05,0.00106701421393,0.00195470604317,0.000245884551117,5.66810035234e-05,5.10129031711e-06,5.66810035234e-05,0.278200346375,0.504952634251,0.213342487971
593,0.0446217310711,0.13464123963,0.00578989919005,0.0111848413635,0.047560648626,0.0859263677225,0.0394341321515,0.0282812576746,0.193973612583,0.381850755599,0.00970209811151,0.0170334162777,1,0.7,10,20,12,2,20,0.000109845012482,9.88605112341e-06,0.000109845012482,0.00322926022736,0.00157032759258,0.000616861795662,0.000109845012482,9.88605112341e-06,0.000109845012482,0.277730029906,0.503616427646,0.21277794068
594,0.016095111319,0.194669027414,0.131742600148,0.131169949535,0.0862596985537,0.146711359038,0.0248731645409,0.0447597631746,0.0175275950521,0.0301951454098,0.0914144096094,0.0845821762067,1,0.7,10,20,12,2,20,0.000358996398117,3.23096758305e-05,0.000358996398117,0.0197224317756,0.00159352534875,0.00151918700301,0.000358996398117,3.23096758305e-05,0.000358996398117,0.272170646348,0.494547349442,0.208946255139
595,0.0239025616171,0.0615977252336,0.00205402477368,0.0147063685544,0.250266081738,0.000622616207953,0.08166046138,0.0655187555654,0.0144246025061,0.25827325732,0.0927929498502,0.134180595253,1,0.7,10,20,12,2,20,5.70328449644e-08,5.1329560468e-09,5.70328449644e-08,2.38442197296e-06,7.09753727014e-07,2.57408089898e-07,5.70328449644e-08,5.1329560468e-09,5.70328449644e-08,0.279413614732,0.506560840272,0.214021955015
596,0.0352546446071,0.0355265985425,0.0330841122575,0.0262053296719,0.0141859563824,0.0461909608112,0.0186466525851,0.0108042672628,0.149323612866,0.261985370327,0.304957460939,0.0638350337474,1,0.7,10,20,12,2,20,1.46927558827e-05,1.32234802944e-06,1.46927558827e-05,0.000290787535011,0.000127978594039,5.92898687775e-05,1.46927558827e-05,1.32234802944e-06,1.46927558827e-05,0.279105898525,0.506400442712,0.213954187046
597,0.0283067074954,0.163395810047,0.0535199643358,0.0367891137668,0.274882556607,0.0189441872724,0.00637612454224,0.131066381015,0.0815327406393,0.165722903145,0.0308071974565,0.00865631367814,1,0.7,10,20,12,2,20,0.00017258153661,1.55323382949e-05,0.00017258153661,0.0165100778277,0.0016487184975,0.00289680207228,0.00017258153661,1.55323382949e-05,0.00017258153661,0.272939052843,0.495805945825,0.209478012111
598,0.113441869903,0.0875485716783,0.00797003585271,0.102333095797,0.0356851813663,0.0336827283496,0.0511169508241,0.170601684781,0.233439527051,0.0110256473702,0.0379453656137,0.115209341413,1,0.7,10,20,12,2,20,0.000209992903794,1.88993613415e-05,0.000209992903794,0.00440562865346,0.00242893390765,0.00189296109446,0.000209992903794,1.88993613415e-05,0.000209992903794,0.276518791047,0.501845985912,0.212029929048
599,0.00746594871213,0.188898690876,0.00928331140295,0.0518711989963,0.126030585798,0.0387483269164,0.055561280788,0.03704662301,0.0306426229421,0.00100731299785,0.356961684235,0.0964824133259,1,0.7,10,20,12,2,20,3.22148591558e-05,2.89933732403e-06,3.22148591558e-05,0.00198677037686,0.000863533941353,0.000163292099923,3.22148591558e-05,2.89933732403e-06,3.22148591558e-05,0.278347650135,0.505099539779,0.213404555557
600,0.138201566199,0.0165144211365,0.0907129022467,0.0771233975902,0.355078158045,0.0120739289186,0.0177979866352,0.0349701266859,0.116939100182,0.00871639128122,0.0185269407565,0.113345080323,1,0.7,10,20,12,2,20,0.000814364267857,7.32927841072e-05,0.000814364267857,0.0188703626484,0.00846979469653,0.00388204809293,0.000814364267857,7.32927841072e-05,0.000814364267857,0.269634285979,0.489096285373,0.20664318057
601,0.0513310429011,0.0345778502862,0.278797435597,0.0501408930303,0.00249111015956,0.0334782878429,0.0778041459498,0.0276314083617,0.0950271290182,0.0751525697423,0.101810151682,0.171757975429,1,0.7,10,20,12,2,20,0.000125449983745,1.12904985371e-05,0.000125449983745,0.00155850734184,0.000916405726359,0.000871525859204,0.000125449983745,1.12904985371e-05,0.000125449983745,0.278181189523,0.504708605004,0.213239385614
602,0.00476797575283,0.190470403467,0.0585759663506,0.0552568338464,0.155376460728,0.0130403391555,0.0134461836148,0.192657859637,0.0397077413408,0.152777811205,0.105428103649,0.0184943212538,1,0.7,10,20,12,2,20,0.000341520597771,3.07368537994e-05,0.000341520597771,0.00563110531641,0.00219414784609,0.000806471746788,0.000341520597771,3.07368537994e-05,0.000341520597771,0.276373720162,0.501628821673,0.211938177157
603,0.0289625428261,0.033026694122,0.237570033897,0.0351213656179,0.00335585246591,0.040514737271,0.0250536667425,0.0112306957892,0.0340264830505,0.235861463365,0.302251358732,0.0130251061207,1,0.7,10,20,12,2,20,4.5508092906e-05,4.09572836154e-06,4.5508092906e-05,0.000451334477514,0.000353897683768,0.000102103222534,4.5508092906e-05,4.09572836154e-06,4.5508092906e-05,0.278915652075,0.506141854982,0.21384493373
604,0.114560446916,0.0547640777958,0.142407645773,0.0824614598394,0.0252565874295,0.0013722658655,0.0378666722925,0.010931590374,0.143795488417,0.118775135415,0.0118202806489,0.255988349234,1,0.7,10,20,12,2,20,2.52376936987e-05,2.27139243289e-06,2.52376936987e-05,0.00226860014972,0.00035620723691,0.000135909205491,2.52376936987e-05,2.27139243289e-06,2.52376936987e-05,0.278272644626,0.505350541456,0.213510603765
605,0.00569966941832,0.167250773767,0.166778567906,0.0233170165304,0.0353000890948,0.0722960156503,0.0198956455237,0.197975482784,0.00498647820885,0.0741328381328,0.127128489002,0.105238933982,1,0.7,10,20,12,2,20,0.000224367550767,2.0193079569e-05,0.000224367550767,0.00654172047497,0.00096358964172,0.00246443002578,0.000224367550767,2.0193079569e-05,0.000224367550767,0.276318179869,0.501071510458,0.211702713169
606,0.180983946072,0.108771054921,0.0414772476228,0.113788592178,0.00413472891985,0.0674440177889,0.0451614652536,0.0265248803233,0.0853697374027,0.159034491534,0.0352804422072,0.132029395777,1,0.7,10,20,12,2,20,0.000167992812865,1.51193531578e-05,0.000167992812865,0.00262064630509,0.00135676490946,0.000948550785045,0.000167992812865,1.51193531578e-05,0.000167992812865,0.277713513803,0.503801978376,0.212856335864
607,0.00447145334655,0.0336261685348,0.188231566798,0.0022585481497,0.0208101707714,0.0897562119333,0.0514898496627,0.0226559544423,0.0108688730978,0.239205938209,0.304498127588,0.0321271374652,1,0.7,10,20,12,2,20,1.87210014118e-05,1.68489012706e-06,1.87210014118e-05,0.000148159593562,0.000196611738942,2.06240864918e-05,1.87210014118e-05,1.68489012706e-06,1.87210014118e-05,0.279203515979,0.50639918089,0.213953653926
608,0.0124920579539,0.173565531711,0.0310812629784,0.150565283234,0.0439870197161,0.0868785754693,0.162243489831,0.15487063661,0.046212518827,0.00330974379925,0.100291754537,0.0345021253345,1,0.7,10,20,12,2,20,0.000440457501876,3.96411751688e-05,0.000440457501876,0.0065925417271,0.00692758075021,0.000234842163642,0.000440457501876,3.96411751688e-05,0.000440457501876,0.274952428197,0.498735672973,0.210715821831
609,0.109793646515,0.158229934382,0.0470154329206,0.011400084013,0.219388493537,0.0134247251277,0.0159189498845,0.0667152514732,0.149320155992,0.0167827713183,0.131969384017,0.0600411708202,1,0.7,10,20,12,2,20,0.000356204454317,3.20584008885e-05,0.000356204454317,0.0192466572999,0.00902989395032,0.000576209426316,0.000356204454317,3.20584008885e-05,0.000356204454317,0.270972384422,0.491167606525,0.207518313757
610,0.0836491161258,0.0145739309857,0.0274995674795,0.0775426570303,0.257223379596,0.0524005768802,0.00924406135564,0.0143826183766,0.107250008518,0.024331693122,0.0117163625952,0.320186027935,1,0.7,10,20,12,2,20,0.000155295059397,1.39765553458e-05,0.000155295059397,0.00854052656241,0.00315504709106,0.00148572809957,0.000155295059397,1.39765553458e-05,0.000155295059397,0.275268378698,0.499754788191,0.211146398011
611,0.0106820781691,0.291080856684,0.053188015235,0.00807236111098,0.119101686253,0.0136984534338,0.158200519064,0.0171321395951,0.0415503342527,0.135031144083,0.128686782198,0.0235756299222,1,0.7,10,20,12,2,20,0.00014179567573,1.27616108157e-05,0.00014179567573,0.00601495525845,0.000975668269544,0.00127259593689,0.00014179567573,1.27616108157e-05,0.00014179567573,0.276834446377,0.502150881008,0.212158747226
612,0.0104546075155,0.0188927354674,0.0818118337213,0.0447949562367,0.0299053702211,0.0585117346918,0.18005033628,0.122179087881,0.177144291774,0.0155792989751,0.0223499673075,0.238325779928,1,0.7,10,20,12,2,20,5.92229372803e-06,5.33006435522e-07,5.92229372803e-06,2.2437537754e-05,0.000115133783907,1.34430791146e-05,5.92229372803e-06,5.33006435522e-07,5.92229372803e-06,0.2791108175,0.506652662855,0.214060750056
613,0.198664379294,0.0140233977363,0.208777422376,0.032123181541,0.0610122001356,0.0248352544268,0.117858121492,0.0109211248349,0.132126041164,0.0396185129645,0.0912375183207,0.0688028457141,1,0.7,10,20,12,2,20,0.000526612703606,4.73951433245e-05,0.000526612703606,0.0105881563709,0.00545666667718,0.00131623529947,0.000526612703606,4.73951433245e-05,0.000526612703606,0.273668442058,0.496850093844,0.209919164649
614,0.100341400842,0.0691943268256,0.0963235434722,0.0139668923117,0.125568332547,0.0501685189285,0.0772301215407,0.0305783468319,0.114148533039,0.0564372364975,0.265904798503,0.000137948660282,1,0.7,10,20,12,2,20,0.000113173585628,1.01856227065e-05,0.000113173585628,0.00806195612131,0.00101778041019,0.000789109619573,0.000113173585628,1.01856227065e-05,0.000113173585628,0.276226796332,0.501533421392,0.211897870538
615,0.00525107441743,0.0494834221099,0.011713127078,0.024743223829,0.0596403068405,0.0962220461709,0.00662746890841,0.0568893744115,0.0661002703105,0.481702381217,0.0168973869556,0.124729917751,1,0.7,10,20,12,2,20,6.23165051461e-05,5.60848546315e-06,6.23165051461e-05,0.00188875597248,0.000593161431908,0.000197324302948,6.23165051461e-05,5.60848546315e-06,6.23165051461e-05,0.278404916279,0.50520587629,0.213449482732
616,0.204974811621,0.0220895573982,0.27545072983,0.0106217927503,0.190577717357,0.0374391627587,0.0141713527325,0.0452482728032,0.0175299385062,0.0405009816779,0.0446924610465,0.096703221518,1,0.7,10,20,12,2,20,6.76048531064e-07,6.08443677958e-08,6.76048531064e-07,5.15477512975e-06,4.2168464841e-06,4.17594823338e-07,6.76048531064e-07,6.08443677958e-08,6.76048531064e-07,0.279360359656,0.506591933388,0.214035091857
617,0.150419563649,0.0417011132204,0.0752495608127,0.0127728118566,0.0185774560308,0.0227376400613,0.124656972394,0.0677026093175,0.167263333743,0.0798112083711,0.184869323567,0.0542384069765,1,0.7,10,20,12,2,20,0.000169445814681,1.52501233213e-05,0.000169445814681,0.00536143912909,0.00232338945958,0.000550431421585,0.000169445814681,1.52501233213e-05,0.000169445814681,0.276866864531,0.502066496979,0.212123094974
618,0.0953419893986,0.0946942498193,0.00926353177305,0.215951518423,0.352459232765,0.00103772344259,0.0256106941355,0.00331047214031,0.0389744495883,0.107372725795,0.0393811157443,0.0166022969754,1,0.7,10,20,12,2,20,0.000663759406774,5.97383466097e-05,0.000663759406774,0.0218520464526,0.00916254525417,0.004940181187,0.000663759406774,5.97383466097e-05,0.000663759406774,0.26804583882,0.487328558148,0.205896315818
619,0.118989693932,0.0191384534969,0.122492851444,0.186422594095,0.0370198729396,0.0568503404574,0.0311416023041,0.0444200734439,0.0133108660215,0.081479861124,0.0174886270601,0.271245163681,1,0.7,10,20,12,2,20,7.2175525438e-05,6.49579728942e-06,7.2175525438e-05,0.00358188096854,0.000388013122234,0.00154854843815,7.2175525438e-05,6.49579728942e-06,7.2175525438e-05,0.2777766004,0.503622680756,0.212780582619
620,0.105003198128,0.0170135366039,0.0884188539579,0.016369038928,0.00660290154583,0.118464734232,0.0976466575996,0.384620155709,0.0173574526937,0.0463802826965,0.0512968929282,0.0508262949767,1,0.7,10,20,12,2,20,0.000271447999151,2.44303199236e-05,0.000271447999151,0.022863941513,0.0143896035773,0.00428471716221,0.000271447999151,2.44303199236e-05,0.000271447999151,0.266997162989,0.485293442616,0.205036479505
621,0.0888165235616,0.0695324936338,0.0729599299409,0.0788975042134,0.0859941347795,0.128803835849,0.0959211521018,0.0148828090972,0.0640763607408,0.131236214335,0.13848324734,0.0303957944072,1,0.7,10,20,12,2,20,0.000154747642209,1.39272877988e-05,0.000154747642209,0.00500702636164,0.00106303966441,0.000408518499881,0.000154747642209,1.39272877988e-05,0.000154747642209,0.277363917838,0.502995186286,0.212515466206
622,0.0553288388075,0.114241692649,0.0838081673955,0.031359625099,0.1879341582,0.118698900802,0.0550233042632,0.0332929744761,0.0658378078026,0.0195312590795,0.0906707643236,0.144272507102,1,0.7,10,20,12,2,20,0.000291149298678,2.6203436881e-05,0.000291149298678,0.00297533311482,0.00127663343514,0.00119427941198,0.000291149298678,2.6203436881e-05,0.000291149298678,0.276839910579,0.503688463544,0.212808375847
623,0.10354238367,0.0719616529718,0.00214116221297,0.199350301951,0.0363511633555,0.0215755328327,0.0507846712277,0.0240024231358,0.0304551686201,0.105156795603,0.0806814571385,0.273997287281,1,0.7,10,20,12,2,20,4.79102055055e-05,4.31191849549e-06,4.79102055055e-05,0.00430026181809,0.000437668883742,0.00059525623364,4.79102055055e-05,4.31191849549e-06,4.79102055055e-05,0.277755109548,0.503839324328,0.212872114529
624,0.0612221206733,0.0835734559665,0.184119357509,0.0287038582605,0.0155111857188,0.00291307930906,0.13405908862,0.0906602147906,0.106068982581,0.029707750324,0.0946959545843,0.168764951663,1,0.7,10,20,12,2,20,9.93059402188e-05,8.93753461969e-06,9.93059402188e-05,0.0110073106672,0.00143071028616,0.00111864175935,9.93059402188e-05,8.93753461969e-06,9.93059402188e-05,0.275329314964,0.499612599995,0.211086323498
625,0.127916950339,0.0359427138077,0.00824723048242,0.136901024265,0.0576117477285,0.0704954814958,0.00430939777396,0.128491114794,0.145020594758,0.0442592124042,0.0326622738911,0.20814225826,1,0.7,10,20,12,2,20,0.000231976147821,2.08778533038e-05,0.000231976147821,0.00556315224196,0.00276666362708,0.00154695659596,0.000231976147821,2.08778533038e-05,0.000231976147821,0.276335288921,0.501102480363,0.211715797953
626,0.022571006505,3.51846625946e-05,0.0728077643481,0.337769329278,0.0615531707028,0.0230328532967,0.149601284278,0.0467327250115,0.115737149816,0.124876337183,0.0377124099602,0.00757078495846,1,0.7,10,20,12,2,20,2.60915871051e-06,2.34824283945e-07,2.60915871051e-06,1.73666466981e-05,2.03538956107e-05,5.91725655558e-06,2.60915871051e-06,2.34824283945e-07,2.60915871051e-06,0.279310599335,0.506597438722,0.21403741786
627,0.143060897407,0.353652631521,0.0117378834088,0.0380329693908,0.000381806557185,0.0294037440733,0.234929196705,0.0737294135977,0.0335151392234,0.00824129592109,0.0642288802004,0.00908614199387,1,0.7,10,20,12,2,20,0.00180664645419,0.000162598180877,0.00180664645419,0.0307190865882,0.0196600457173,0.0147023391427,0.00180664645419,0.000162598180877,0.00180664645419,0.258999985841,0.469853610216,0.198513150316
628,0.091611258659,0.0382355564596,0.0102309976112,0.0185862575421,0.148500367671,0.292136917952,0.180893637784,0.0787229379885,0.0157922847299,0.00755134404854,0.00517146445697,0.112566975097,1,0.7,10,20,12,2,20,0.000476131016661,4.28517914995e-05,0.000476131016661,0.0146061555241,0.00377376225312,0.00473440083173,0.000476131016661,4.28517914995e-05,0.000476131016661,0.272285924514,0.493925855344,0.208683673883
629,0.00140996195116,0.0701952345556,0.0760911804995,0.110307007763,0.211693515109,0.00694775979589,0.110402142782,0.138059414807,0.0134234683509,0.110220651089,0.0500489510574,0.10120071224,1,0.7,10,20,12,2,20,9.79297523625e-05,8.81367771262e-06,9.79297523625e-05,0.000754491593441,0.00246007269412,0.000265217737082,9.79297523625e-05,8.81367771262e-06,9.79297523625e-05,0.278239028326,0.504655074365,0.213216768919
630,0.0156502633197,0.0335146928006,0.0128672996865,0.141622623379,0.00194751212702,0.00591796405161,0.264255454382,0.165440664047,0.0822115556707,0.0297184209196,0.207419246979,0.039434302637,1,0.7,10,20,12,2,20,0.000164997601692,1.48497841523e-05,0.000164997601692,0.00400724967556,0.00358726925788,0.000613295560052,0.000164997601692,1.48497841523e-05,0.000164997601692,0.276741352313,0.502187095408,0.21217404781
631,0.0488311808705,0.169718856277,0.0329342985083,0.00311703996914,0.029919997726,0.0726752293006,0.190562715688,0.0650435221628,0.194080591083,0.0279411084731,0.0192264029194,0.145949057022,1,0.7,10,20,12,2,20,0.00049386544398,4.44478899582e-05,0.00049386544398,0.0185100733486,0.00457226394576,0.0037043707908,0.00049386544398,4.44478899582e-05,0.00049386544398,0.271075611664,0.492142933353,0.207930389342
632,0.097440667973,0.303011924634,0.0104774222834,0.0916107588308,0.149929490796,0.0670918841068,0.212337235787,0.00728953879759,0.0155964231345,0.00271282436693,0.0263911230218,0.0161107062687,1,0.7,10,20,12,2,20,0.00225089569213,0.000202580612291,0.00225089569213,0.038960616594,0.0761070104929,0.00994625778189,0.00225089569213,0.000202580612291,0.00225089569213,0.241777671577,0.43852351463,0.185276184931
633,0.139762093433,0.00957711317465,0.0836781199657,0.0236964768013,0.0138502994039,0.0445837451992,0.385913112396,0.0871456781763,0.0983517447805,0.0772545404956,0.0207566916545,0.0154303845192,1,0.7,10,20,12,2,20,0.00104478516306,9.40306646756e-05,0.00104478516306,0.00916298699315,0.0116456092874,0.00325502304311,0.00104478516306,9.40306646756e-05,0.00104478516306,0.271266654906,0.492304058903,0.207998464886
634,0.144965152627,0.0406850909211,0.0297464086002,0.135050013632,0.0781847218952,0.00483414755169,0.210379567639,0.0707292954644,0.0493681365558,0.120838167671,0.110335600016,0.00488369742614,1,0.7,10,20,12,2,20,0.000221980701894,1.99782631705e-05,0.000221980701894,0.00411148799224,0.00282751904117,0.000345589898759,0.000221980701894,1.99782631705e-05,0.000221980701894,0.276987453644,0.502495655599,0.212304414491
635,0.0115025342221,0.00113040833119,0.0649558615727,0.180760583984,0.0169158664459,0.0313699497304,0.100550632332,0.10730267027,0.0357941409796,0.224245279481,0.190484765798,0.034987306852,1,0.7,10,20,12,2,20,8.44310717235e-05,7.59879645511e-06,8.44310717235e-05,0.00421752418809,0.00128935915524,0.000179068795137,8.44310717235e-05,7.59879645511e-06,8.44310717235e-05,0.27749828896,0.503664560297,0.212798276725
636,0.102714285808,0.178776281588,0.147730878506,0.0045341475099,0.213411372136,0.0594695669211,0.0213835393531,0.108456778327,0.0002036166042,0.0301811998732,0.0444108477068,0.0887274856661,1,0.7,10,20,12,2,20,0.000592461300579,5.33215170522e-05,0.000592461300579,0.010592916031,0.00589233496614,0.00417096094647,0.000592461300579,5.33215170522e-05,0.000592461300579,0.272908872498,0.49487411411,0.209084313212
637,0.155084256085,0.0773035012374,0.213180322313,0.135258992334,0.110409084376,0.00562946791918,0.00917437238351,0.0106358654805,0.0612466919708,0.0531377201524,0.109097181569,0.0598425441793,1,0.7,10,20,12,2,20,1.49839250669e-06,1.34855325602e-07,1.49839250669e-06,1.50010585617e-05,6.7011618221e-06,2.3512219754e-06,1.49839250669e-06,1.34855325602e-07,1.49839250669e-06,0.278732146116,0.507021115755,0.214216421406
638,0.195359700141,0.0197382124473,0.0253880224543,0.00857064672764,0.0780304524769,0.00728689602197,0.0300598189342,0.377009787504,0.061550734427,0.0302601321301,0.0701144002698,0.0966311964651,1,0.7,10,20,12,2,20,0.000123542525031,1.11188272528e-05,0.000123542525031,0.0161912894098,0.00357950474998,0.000642371489273,0.000123542525031,1.11188272528e-05,0.000123542525031,0.273124946844,0.496270987523,0.209674492229
639,0.0389066723808,0.0193450626308,0.0421979366059,0.11572392826,0.199393765746,0.177320974979,0.0689435660622,0.109790006722,0.0148510452115,0.105915540765,0.0837003377021,0.0239111629356,1,0.7,10,20,12,2,20,0.000540903153193,4.86812837874e-05,0.000540903153193,0.0165193056968,0.00657625808229,0.00160623163882,0.000540903153193,4.86812837874e-05,0.000540903153193,0.271654519184,0.493063416673,0.208319293544
640,0.057219388495,0.0934807860069,0.0984683906142,0.176470237984,0.111498735647,0.0164342396991,0.0282362821584,0.0923039650059,0.174534649917,0.0404270123343,0.0464368642512,0.0644894478869,1,0.7,10,20,12,2,20,0.000264194645149,2.37775180634e-05,0.000264194645149,0.018936552623,0.00507212169935,0.00300296114182,0.000264194645149,2.37775180634e-05,0.000264194645149,0.27126956923,0.492523347409,0.20809111428
641,0.0707467174144,0.0101452457031,0.103203081807,0.017422340348,0.0401828758479,0.201642175792,0.0668008366035,0.0544464227864,0.0185531861252,0.13463187074,0.183693726382,0.0985315204496,1,0.7,10,20,12,2,20,4.03295167659e-05,3.62965650893e-06,4.03295167659e-05,0.000366361351002,0.000499798182607,3.41891561448e-05,4.03295167659e-05,3.62965650893e-06,4.03295167659e-05,0.278958915243,0.506131570255,0.213840588433
642,0.00699907612584,0.0703691913025,0.253409022008,0.023612057794,0.109431490149,0.120067837392,0.000616831947212,0.0236305146116,0.0491154021453,0.133837716808,0.115900320458,0.0930105392585,1,0.7,10,20,12,2,20,8.28659022676e-05,7.45793120409e-06,8.28659022676e-05,0.00453552048307,0.00065834774147,0.0003602061423,8.28659022676e-05,7.45793120409e-06,8.28659022676e-05,0.277523112579,0.503744417282,0.212832016301
643,0.000159178937943,0.142900819271,0.0258181465987,0.128023025881,0.0402687285362,0.0521287272083,0.075482280684,0.16870905099,0.026613753129,0.0482193275571,0.171905235235,0.119771725972,1,0.7,10,20,12,2,20,0.000110912357781,9.98211220028e-06,0.000110912357781,0.000709679551489,0.000424780647369,0.000733989366136,0.000110912357781,9.98211220028e-06,0.000110912357781,0.278580962939,0.505509296197,0.213577677643
644,0.0991833576733,0.0123032760535,0.00320197527874,0.0761857689461,0.0132650890178,0.0145030176076,0.1186348547,0.260142530789,0.0644405719126,0.00206469074285,0.147879926257,0.188194941021,1,0.7,10,20,12,2,20,7.1821411032e-05,6.46392699288e-06,7.1821411032e-05,0.00387606143308,0.00169366962982,5.80188883627e-05,7.1821411032e-05,6.46392699288e-06,7.1821411032e-05,0.277503904272,0.503738581567,0.212829550712
645,0.0489309986041,0.156771968964,0.0307410582236,0.170044904027,0.272611960317,0.0403973848903,0.0117138873401,0.00015181812402,0.0143495440055,0.0778522503194,0.0694422525161,0.106991972669,1,0.7,10,20,12,2,20,0.000194507510957,1.75056759861e-05,0.000194507510957,0.00517815223146,0.000636238683009,0.000946541639774,0.000194507510957,1.75056759861e-05,0.000194507510957,0.277157132238,0.502825232908,0.212443660904
646,0.119197158856,0.0928310009948,0.152680205526,0.000663864056025,0.100844339749,0.0833061742617,0.0249935722972,0.0702771710759,0.212278595188,0.00888615095006,0.0338424889429,0.100199278103,1,0.7,10,20,12,2,20,0.00115235111192,0.000103711600073,0.00115235111192,0.034893426649,0.00485733607223,0.00546353819875,0.00115235111192,0.000103711600073,0.00115235111192,0.265388328716,0.481251699625,0.203328843091
647,0.176494039038,0.0733703915037,0.137970195968,0.00656004675203,0.0638678174987,0.120944859901,0.0276799970389,0.056131686799,0.119227975965,0.0262698450023,0.0598239313666,0.131659213166,1,0.7,10,20,12,2,20,0.000508370261183,4.57533235065e-05,0.000508370261183,0.011274153489,0.00348585621354,0.0016657248549,0.000508370261183,4.57533235065e-05,0.000508370261183,0.274136713044,0.497232031428,0.210080533278
648,0.21171226247,0.0217796549681,0.0763216033569,0.0668443935703,0.0639144730315,0.0215886787402,0.000959337503043,0.0368128729605,0.0861881482634,0.23200332465,0.144805728813,0.037069521673,1,0.7,10,20,12,2,20,0.00011813850274,1.06324652466e-05,0.00011813850274,0.00283018328823,0.00133007001571,0.000485767286675,0.00011813850274,1.06324652466e-05,0.00011813850274,0.27789331231,0.504018873924,0.212947974233
649,0.0498038270248,0.0293045416817,0.001208723202,0.0632229790108,0.106771251504,0.0911589338698,0.159314352336,2.30216660829e-05,0.069003082123,0.0371345610116,0.231287963229,0.161766763341,1,0.7,10,20,12,2,20,8.68000547204e-05,7.81200492483e-06,8.68000547204e-05,0.00448341328664,0.00154364435636,0.00109633970542,8.68000547204e-05,7.81200492483e-06,8.68000547204e-05,0.277185982288,0.502866640517,0.212461155618
650,0.0706860990561,0.171202426202,0.0182557907714,0.117958953129,0.046447060076,0.0920774249323,0.0631818008038,0.0686650022718,0.0849258662073,0.202823305705,0.000423949716678,0.0633523211287,1,0.7,10,20,12,2,20,0.0001739485261,1.5655367349e-05,0.0001739485261,0.0112920148993,0.00137032038469,0.00126681561845,0.0001739485261,1.5655367349e-05,0.0001739485261,0.275186389616,0.499231883756,0.210925470887
651,0.087663455508,0.0809879664755,0.0149704174155,0.225795132681,0.00116273007175,0.0681609397432,0.0977525979021,0.0543868682764,0.114880988455,0.167060920404,0.0610780806905,0.0260999023767,1,0.7,10,20,12,2,20,0.000185233037575,1.66709733817e-05,0.000185233037575,0.00312530619569,0.00314711624923,0.000744403596956,0.000185233037575,1.66709733817e-05,0.000185233037575,0.277152716594,0.502675700012,0.212380483255
652,0.00603043533911,0.215060543533,0.0031145965854,0.0156348318218,0.0815729451522,0.185572730044,0.0577988868912,0.0535334123626,0.131380921343,0.0129393480323,0.0187969169702,0.218564431925,1,0.7,10,20,12,2,20,5.53690788955e-07,4.98321710059e-08,5.53690788955e-07,4.52500284604e-06,1.5731838876e-06,1.68268611779e-06,5.53690788955e-07,4.98321710059e-08,5.53690788955e-07,0.279361455977,0.506592934076,0.214035514647
653,0.082837193543,0.133984263992,0.113123461116,0.133438591801,0.155835709183,0.0349947144831,0.150696891407,0.0525308278136,0.0449103388566,0.0205678015701,0.061459983701,0.0156202225345,1,0.7,10,20,12,2,20,0.000935716272276,8.42144645048e-05,0.000935716272276,0.0146086503904,0.0173148153279,0.00494205761435,0.000935716272276,8.42144645048e-05,0.000935716272276,0.267625861984,0.4861844082,0.205412912465
654,0.0183448971436,0.173030665794,0.0743126033836,0.25260109635,0.169260816393,0.084011476669,0.0395835480164,0.00557117431833,0.00353955254683,0.0606307667713,0.0719452349069,0.0471681677062,1,0.7,10,20,12,2,20,7.51013637265e-06,6.75912273538e-07,7.51013637265e-06,1.18280989848e-05,0.000206781194938,4.41435858524e-06,7.51013637265e-06,6.75912273538e-07,7.51013637265e-06,0.279297245581,0.506466318732,0.213982019664
655,0.0937246162123,0.215447139183,0.0466356868691,0.0566159871583,0.090067429882,0.0445094171783,0.028465784028,0.0285522198858,0.221363171268,0.00926821214943,0.134659200015,0.03069113617,1,0.7,10,20,12,2,20,0.000333002442458,2.99702198212e-05,0.000333002442458,0.019538511242,0.00283589008746,0.00090553061198,0.000333002442458,2.99702198212e-05,0.000333002442458,0.272185852311,0.494300362417,0.208841903121
656,0.035696979651,0.0222212915723,0.0245550879417,0.0477430240648,0.0501792777359,0.143927497898,0.0293056163144,0.328637806175,0.0345614873587,0.169445113796,0.0555937721678,0.058133045325,1,0.7,10,20,12,2,20,6.00985136186e-05,5.40886622567e-06,6.00985136186e-05,0.00414936719385,0.00131687192195,0.000780387642433,6.00985136186e-05,5.40886622567e-06,6.00985136186e-05,0.277166459268,0.503575186072,0.212760516115
657,0.104076578519,0.041356795144,0.0388601732947,0.171629112444,0.107951957079,0.0468616525644,0.011993006114,0.0404281110254,0.0176419925043,0.309358475435,0.0664399522231,0.0434021936538,1,0.7,10,20,12,2,20,9.37481585459e-05,8.43733426913e-06,9.37481585459e-05,0.00407808943592,0.0016667324211,0.000195054052454,9.37481585459e-05,8.43733426913e-06,9.37481585459e-05,0.277291026173,0.503604380045,0.212772850569
658,0.0773163355775,0.177624684981,0.00164455070978,0.0391439319932,0.0950396156674,0.121203420741,0.11727578336,0.0511822985716,0.08813313201,0.00827186863115,0.00749922176953,0.215665155988,1,0.7,10,20,12,2,20,0.0001439175828,1.2952582452e-05,0.0001439175828,0.0138115299259,0.00139041108485,0.00126173336258,0.0001439175828,1.2952582452e-05,0.0001439175828,0.274164875999,0.498256502026,0.210513372106
659,0.0647577795423,0.0592287606864,0.226188254861,0.00550322505034,0.0516993971085,0.0884813243508,0.0228741624747,0.0825526458928,0.0238094399281,0.0224056905414,0.21133510075,0.141164218813,1,0.7,10,20,12,2,20,3.67288738198e-06,3.30559864378e-07,3.67288738198e-06,1.5931560282e-05,1.53204319215e-05,6.65998040019e-06,3.67288738198e-06,3.30559864378e-07,3.67288738198e-06,0.279038282902,0.506789773256,0.214118679201
660,0.103574568864,0.0208091442064,0.0612739225085,0.0113781992719,0.0730771913311,0.0621523531692,0.0353035148163,0.112889654582,0.108977731838,0.117823950057,0.0388488624573,0.253890906899,1,0.7,10,20,12,2,20,4.95172980919e-07,4.45655682827e-08,4.95172980919e-07,7.49273196577e-06,1.35993682274e-06,4.59969190168e-06,4.95172980919e-07,4.45655682827e-08,4.95172980919e-07,0.279279455215,0.50664676457,0.214058258031
661,0.0695163417071,0.159810862383,0.238312903806,0.0286879798171,0.0125100564141,0.0968566116239,0.0178538803355,0.0550461682191,0.154135313745,0.0408709391989,0.0250670454148,0.101331897335,1,0.7,10,20,12,2,20,0.000240412586047,2.16371327442e-05,0.000240412586047,0.016497300334,0.00492636140959,0.000657572916026,0.000240412586047,2.16371327442e-05,0.000240412586047,0.272639692179,0.495096062251,0.209178086301
662,0.0255911440164,0.0687246973195,0.0157236308673,0.114664401218,0.11199095986,0.03070060407,0.0840060079954,0.0802894914764,0.383849051098,0.0189502169859,0.00163190518206,0.0638778899103,1,0.7,10,20,12,2,20,0.0017125602203,0.000154130419827,0.0017125602203,0.0116510193694,0.0144736220573,0.00500045256138,0.0017125602203,0.000154130419827,0.0017125602203,0.268635304474,0.487227486691,0.205853613127
663,0.105079779898,0.031637364646,0.142838114194,0.00505874704795,0.00737984116841,0.0169714708931,0.0930650244112,0.118956123796,0.0760403024275,0.250088485676,0.047475192213,0.105409553629,1,0.7,10,20,12,2,20,6.76657019995e-05,6.08991317996e-06,6.76657019995e-05,0.00185948084606,0.00126880445765,0.000278470403708,6.76657019995e-05,6.08991317996e-06,6.76657019995e-05,0.278152065956,0.50485647501,0.213301860692
664,0.133424393473,0.0839047948166,0.165216201171,0.0058122176548,0.0349133480841,0.0379743976785,0.20385636178,0.106057757068,0.0481256643518,0.0670000789499,0.0474597627069,0.0662550222654,1,0.7,10,20,12,2,20,0.000300794269305,2.70714842375e-05,0.000300794269305,0.0033420135659,0.00334245551013,0.00246582652781,0.000300794269305,2.70714842375e-05,0.000300794269305,0.276378704876,0.501380442513,0.211833236962
665,0.0528436062411,0.119071604572,0.075586435952,0.0800229757437,0.148889894233,0.0108501913163,0.169267739614,0.000100146878586,0.0611895736077,0.161399923098,0.00569298899729,0.115084919746,1,0.7,10,20,12,2,20,8.69576589987e-05,7.82618930989e-06,8.69576589987e-05,0.0112418258921,0.000828198055511,0.000653228060534,8.69576589987e-05,7.82618930989e-06,8.69576589987e-05,0.275465639816,0.500138928057,0.211308697104
666,0.00134026608007,0.0999373700655,0.20697569498,0.12050238308,0.0760719116284,0.0518621955451,0.0796514197672,0.0159026263058,0.036078062553,0.186448383138,0.029299786227,0.0959299006299,1,0.7,10,20,12,2,20,1.51968833222e-06,1.367719499e-07,1.51968833222e-06,1.02152204806e-05,1.78177218563e-05,5.55618273181e-06,1.51968833222e-06,1.367719499e-07,1.51968833222e-06,0.279085604421,0.506765872869,0.214108581287
667,0.0459245744661,0.0125141711334,0.0425974253119,0.122300877384,0.0204193156779,0.298184436648,0.203686447387,0.140614070135,0.0317067497535,0.039679701451,0.00106726118118,0.0413049694704,1,0.7,10,20,12,2,20,0.000734150674687,6.60735607218e-05,0.000734150674687,0.0229637115691,0.00959334118402,0.00176338117889,0.000734150674687,6.60735607218e-05,0.000734150674687,0.268466867493,0.487974656418,0.206169292337
668,0.1010152458,0.0689564748099,0.0908497139731,0.00726745400123,0.0435587358965,0.0439341491369,0.0251706177074,0.0806542058557,0.0603314070411,0.192712409712,0.275327678572,0.0102219074945,1,0.7,10,20,12,2,20,4.36052978371e-05,3.92447680534e-06,4.36052978371e-05,0.00219830118973,0.000904374794835,0.000446272195978,4.36052978371e-05,3.92447680534e-06,4.36052978371e-05,0.278286761503,0.504732527361,0.21324949281
669,0.0835043482877,0.0018569616168,0.067500885695,0.0891132103687,0.0772575465016,0.349521509966,0.0207353283792,0.00053931638939,0.0799290151974,0.0294598198563,0.0577310345511,0.142851023191,1,0.7,10,20,12,2,20,0.000133577702455,1.2021993221e-05,0.000133577702455,0.00393689587242,0.00174096723454,0.00280405913949,0.000133577702455,1.2021993221e-05,0.000133577702455,0.276373681553,0.502345196066,0.212240845338
670,0.0608708695852,0.177311908233,0.00195794235259,0.13465271737,0.0353306879834,0.0567805457972,0.100554987352,0.168138418894,0.0109256963613,0.182967585367,0.0507687410829,0.0197398996211,1,0.7,10,20,12,2,20,0.000237644053052,2.13879647747e-05,0.000237644053052,0.00466745629323,0.00350567718706,0.0011985425451,0.000237644053052,2.13879647747e-05,0.000237644053052,0.276469763578,0.501346367842,0.211818840413
671,0.0607210388061,0.0495411717975,0.00545380212521,0.188774374647,0.0666872926787,0.11766702178,0.053441952822,0.137992901472,0.0023244091445,0.102119767102,0.0445047185824,0.170771549043,1,0.7,10,20,12,2,20,0.000141477749108,1.27329974197e-05,0.000141477749108,0.0092130566321,0.00215277053142,0.000830309749212,0.000141477749108,1.27329974197e-05,0.000141477749108,0.275742827667,0.500154417173,0.211315241256
672,0.0531408928982,0.0671031759737,0.237914236249,0.00898323457807,0.131652978218,0.014782166749,0.0166236098209,0.0167348557192,0.0633275051758,0.00253290504951,0.237396614777,0.149807824792,1,0.7,10,20,12,2,20,6.86740926719e-05,6.18066834047e-06,6.86740926719e-05,0.00298947373727,0.00117561444771,0.000914782609295,6.86740926719e-05,6.18066834047e-06,6.86740926719e-05,0.277558377801,0.504094688012,0.212980005685
673,0.0057733749081,0.0813368578166,0.0843170555338,0.0396934189675,0.00844910319269,0.000581250432901,0.120049530674,0.0852699664546,0.0130031037567,0.427994938834,0.045253150285,0.0882782491441,1,0.7,10,20,12,2,20,1.35473359864e-05,1.21926023878e-06,1.35473359864e-05,0.0011184884101,0.000687520599315,6.76809270629e-05,1.35473359864e-05,1.21926023878e-06,1.35473359864e-05,0.278812313144,0.505629081937,0.213628287118
674,0.138342297245,0.0694907768119,0.136929268043,0.0670420759197,0.152009611044,0.0145720394631,0.0873424962887,0.0175106061364,0.114798501824,0.000555930265601,0.11783515706,0.0835712398981,1,0.7,10,20,12,2,20,0.000338310320374,3.04479288337e-05,0.000338310320374,0.0130860719325,0.00260868556174,0.000948548230342,0.000338310320374,3.04479288337e-05,0.000338310320374,0.274141432791,0.497575482844,0.210225641502
675,0.107916178775,0.214563738146,0.00214573358689,0.00830044357288,0.0523634472598,0.0435692100145,0.0177942623157,0.0646993741036,0.148871758665,0.0974152206667,0.0566938599605,0.185666772932,1,0.7,10,20,12,2,20,0.00021996700467,1.97970304203e-05,0.00021996700467,0.008820608902,0.00145702123119,0.00220051253302,0.00021996700467,1.97970304203e-05,0.00021996700467,0.275543591253,0.499865591565,0.211193212436
676,0.0174527919625,0.0221067503704,0.057013418733,0.0712853177243,0.0664518299723,0.0190500798203,0.195789484627,0.0495246197938,0.108357229153,0.11748065718,0.0557505708307,0.219737249832,1,0.7,10,20,12,2,20,6.94360504077e-07,6.2492445367e-08,6.94360504077e-07,1.20597079523e-05,2.76214030458e-05,9.22975129444e-07,6.94360504077e-07,6.2492445367e-08,6.94360504077e-07,0.279115861411,0.506742096363,0.214098535713
677,0.0875241052566,0.0681011188701,0.00357058251543,0.184609575137,0.0325594747595,0.280543535275,0.0891193364953,0.049532436559,0.0546001099807,0.0620978384384,0.0130983275478,0.0746435591647,1,0.7,10,20,12,2,20,0.000467261428289,4.2053528546e-05,0.000467261428289,0.00508753789118,0.00634745803493,0.00284862049176,0.000467261428289,4.2053528546e-05,0.000467261428289,0.274914136648,0.498312192734,0.21053690143
678,0.0611004053039,0.0883031748691,0.0904075799796,0.0378184416142,0.182194553964,0.0130627710689,0.208919318218,0.0773734918718,0.10960480584,0.0580326825114,0.00388594665625,0.0692968281036,1,0.7,10,20,12,2,20,0.000818428054669,7.36585249202e-05,0.000818428054669,0.078346593043,0.00892192764651,0.00904628969003,0.000818428054669,7.36585249202e-05,0.000818428054669,0.251469526422,0.456094645997,0.192699987934
679,0.0361678353433,0.00543016624721,0.0295024332161,0.266744791336,0.302382742927,0.0141529305916,0.0308672209333,0.0542339937219,0.169853972268,0.0740503151556,0.000488373284422,0.0161252249748,1,0.7,10,20,12,2,20,0.00164856273352,0.000148370646017,0.00164856273352,0.0854276409578,0.0219963798976,0.00814287521277,0.00164856273352,0.000148370646017,0.00164856273352,0.245076608077,0.44461546828,0.187850035348
680,0.021792603383,0.117863846149,0.0438106743191,0.041028668843,0.0306104733121,0.222659414395,0.0755679323859,0.0332503482301,0.0816715140604,0.124673021812,0.000568168678323,0.206503334432,1,0.7,10,20,12,2,20,0.00017356039589,1.56204356301e-05,0.00017356039589,0.00941030331804,0.00105893193929,0.00322007130802,0.00017356039589,1.56204356301e-05,0.00017356039589,0.275076524164,0.499478865951,0.211029820864
681,0.0424396138367,0.0831716805173,0.0430079343143,0.0209074271268,0.169451708628,0.02217909831,0.238317592874,0.166604999712,0.0462512725231,0.0711992888253,0.0575770465537,0.0388923367781,1,0.7,10,20,12,2,20,1.23204066203e-05,1.10883659583e-06,1.23204066203e-05,3.05833694792e-05,9.11944819199e-05,1.02186945699e-05,1.23204066203e-05,1.10883659583e-06,1.23204066203e-05,0.279226740085,0.50656573924,0.214024024829
682,0.01827833586,0.173458482773,0.0476975244793,0.0453639751705,0.172199104928,0.0896306231927,0.179244244882,0.0357153590772,0.176746535062,0.0244243295085,0.0207341295991,0.0165073554676,1,0.7,10,20,12,2,20,3.92523594844e-05,3.5327123536e-06,3.92523594844e-05,6.92024364459e-05,0.000158050845012,0.000155025104899,3.92523594844e-05,3.5327123536e-06,3.92523594844e-05,0.279115173141,0.506389085139,0.213949388471
683,0.0243572398566,0.0760131169214,0.0314155584077,0.0138568747079,0.0652461936952,0.0511307137154,0.255953799681,0.288659603574,0.0840097809048,0.0247843549612,0.0157002658701,0.0688724977048,1,0.7,10,20,12,2,20,0.000644627363361,5.80164627025e-05,0.000644627363361,0.0114083980209,0.0183924650215,0.00423236488718,0.000644627363361,5.80164627025e-05,0.000644627363361,0.268460931603,0.48844379479,0.206367503299
684,0.0719527793132,0.0314798504412,0.213530242092,0.199102796148,0.00875605323714,0.0426827930595,0.112343775605,0.143682301827,0.0445654202248,0.058805808503,0.0276983532934,0.0453998262559,1,0.7,10,20,12,2,20,0.000170229511275,1.53206560147e-05,0.000170229511275,0.022855240646,0.00548786896088,0.000771074336905,0.000170229511275,1.53206560147e-05,0.000170229511275,0.270404623395,0.491929443448,0.207840189857
685,0.112879935281,0.0944875611079,0.0524031013126,0.149605508141,0.0103340093772,0.0408075062519,0.0972221795625,0.112343230553,0.159989061594,0.0707143939851,0.0652819924774,0.033931520357,1,0.7,10,20,12,2,20,0.000565439790959,5.08895811863e-05,0.000565439790959,0.0177361289535,0.00859633932418,0.00331711361737,0.000565439790959,5.08895811863e-05,0.000565439790959,0.270383366982,0.490406687379,0.207196825418
686,0.0555665026557,0.0951010822072,0.187482715183,0.00682241420828,0.0360688966947,0.0211083464336,0.0462053354075,0.0548652494719,0.102225780759,0.0911203567254,0.0988447128179,0.204588607436,1,0.7,10,20,12,2,20,6.20929682978e-05,5.58836714681e-06,6.20929682978e-05,0.000321950044982,0.000299511223197,0.000285507396687,6.20929682978e-05,5.58836714681e-06,6.20929682978e-05,0.279003201332,0.506031832264,0.213798449132
687,0.086911029979,0.0626439359569,0.0960695157187,0.119026319163,0.0565070288166,0.044259163412,0.0492903093286,0.12756963969,0.204879278283,0.103980835907,0.0337092139895,0.0151537297557,1,0.7,10,20,12,2,20,0.000346571350884,3.11914215796e-05,0.000346571350884,0.0242102793301,0.00267706955601,0.00451444069681,0.000346571350884,3.11914215796e-05,0.000346571350884,0.26976948093,0.490249603684,0.207130457557
688,0.0536525565641,0.0589878684329,0.0316140294846,0.0349676828159,0.0240621941438,0.155458971719,0.0126491516819,0.0188405230647,0.339626009512,0.00931855777761,0.0928635297881,0.167958925015,1,0.7,10,20,12,2,20,0.000225665030564,2.03098527508e-05,0.000225665030564,0.00469635129743,0.00140033399107,0.00219609817234,0.000225665030564,2.03098527508e-05,0.000225665030564,0.276785146758,0.501918305767,0.212060484186
689,0.0713164665324,0.0150488767236,0.0416268456659,0.181419411431,0.176009032006,0.0251578627454,0.113472724298,0.0519800878196,0.0660677817582,0.0701392988567,0.0718259903,0.115935621863,1,0.7,10,20,12,2,20,0.000121568918855,1.09412026969e-05,0.000121568918855,0.0082101665509,0.00292677664889,0.000909854669152,0.000121568918855,1.09412026969e-05,0.000121568918855,0.275346457672,0.500596545784,0.211502040594
690,0.0115622435617,0.0606609900777,0.0713098128756,0.152640648447,0.0382844005511,0.0233374176857,0.150856268611,0.0554590804859,0.0392722080124,0.180580951529,0.116900221763,0.0991357563996,1,0.7,10,20,12,2,20,0.000138927191044,1.25034471939e-05,0.000138927191044,0.00601132575683,0.00241606338998,0.000569198259411,0.000138927191044,1.25034471939e-05,0.000138927191044,0.276270948405,0.502039893518,0.212111855012
691,0.0168711530768,0.0306622940124,0.080942276287,0.0442828795739,0.052869156353,0.155183545817,0.0503367612032,0.174453864171,0.0424225060121,0.24801107984,0.0678547037377,0.0361097799158,1,0.7,10,20,12,2,20,5.75451377471e-06,5.17906239724e-07,5.75451377471e-06,3.61298571763e-05,6.86303403609e-05,1.72173671378e-05,5.75451377471e-06,5.17906239724e-07,5.75451377471e-06,0.27842488149,0.50715577299,0.214273314088
692,0.00275941588835,0.0437462293476,0.0357221543717,0.0481225044267,0.0820189324279,0.172917237872,0.012602914726,0.0604059795454,0.0778547941678,0.0634862576032,0.312221505811,0.088142073812,1,0.7,10,20,12,2,20,4.58666590863e-05,4.12799931776e-06,4.58666590863e-05,0.00575788259732,0.000829233455827,0.000741394467408,4.58666590863e-05,4.12799931776e-06,4.58666590863e-05,0.277255035943,0.502794186925,0.212430543976
693,0.0454097752584,0.253033954321,0.0864830481886,0.0344277287434,0.0241797561849,0.0546121092064,0.148951433272,0.0575333482343,0.132434861783,0.0268985676106,0.13528571689,0.000749700306804,1,0.7,10,20,12,2,20,0.000438929202864,3.95036282578e-05,0.000438929202864,0.022782810836,0.00916892625736,0.00263496821234,0.000438929202864,3.95036282578e-05,0.000438929202864,0.26896949235,0.488301636749,0.206307441527
694,0.086955713015,0.0477361791771,0.0223862572446,0.22300213955,0.0229793491602,0.00303500075981,0.152212351715,0.00779858225428,0.0623967132089,0.0125064433673,0.160980223357,0.198011047191,1,0.7,10,20,12,2,20,0.000151335913754,1.36202322378e-05,0.000151335913754,0.00576535172189,0.00273414949493,0.000725932026304,0.000151335913754,1.36202322378e-05,0.000151335913754,0.276660649698,0.501568599606,0.211912733333
695,0.099658901484,0.098617005491,0.0856783438597,0.124425280271,1.70151941449e-05,0.0922714850899,0.025093871097,0.058477378222,0.00703164376946,0.0281798666206,0.291057247975,0.0894919609264,1,0.7,10,20,12,2,20,0.000146712168776,1.32040951898e-05,0.000146712168776,0.0053155202963,0.0011391044249,0.00128169910376,0.000146712168776,1.32040951898e-05,0.000146712168776,0.276953449481,0.502423177384,0.212273792445
696,0.166089996923,0.0856892732203,0.155322339157,0.0338568136777,0.14200295946,0.0715211206186,0.0891430169874,0.012433380913,0.103825633083,0.017239142454,0.081101748603,0.0417745749025,1,0.7,10,20,12,2,20,0.000538696009378,4.84826408441e-05,0.000538696009378,0.00456323086262,0.00761191101891,0.00146281051055,0.000538696009378,4.84826408441e-05,0.000538696009378,0.274737233683,0.498680537508,0.210692527097
697,0.0791147516775,0.0993415228384,0.0183503292064,0.00280195717673,0.218156943157,0.113725951968,0.263070072305,0.01850292516,0.0377587867719,0.00169551351157,0.0591782937894,0.088302952438,1,0.7,10,20,12,2,20,0.000272602395589,2.4534215603e-05,0.000272602395589,0.0234656732607,0.00824428632823,0.00150721891012,0.000272602395589,2.4534215603e-05,0.000272602395589,0.269457695267,0.489409946025,0.206775702195
698,0.144962688615,0.00653714126738,0.0144837146202,0.0471869889359,0.100938501846,0.13812809664,0.246007488191,0.108319458719,0.155232621999,0.0162579275627,0.0126349810681,0.00931039053572,1,0.7,10,20,12,2,20,0.00774154109501,0.000696738698551,0.00774154109501,0.11172173843,0.0351087933584,0.0300112119198,0.00774154109501,0.000696738698551,0.00774154109501,0.2208401131,0.400673814702,0.169284686712
699,0.117101959343,0.0344118215031,0.107818284366,0.0587252316058,0.0465184154073,0.00721042660828,0.0556545116287,0.0821149668191,0.30186699526,0.0138269334703,0.15837542178,0.0163750322091,1,0.7,10,20,12,2,20,0.000203463635397,1.83117271857e-05,0.000203463635397,0.0115234577632,0.00156752763156,0.00159405896276,0.000203463635397,1.83117271857e-05,0.000203463635397,0.274798027882,0.498886783666,0.210779666099
700,0.1257379818,0.00129035474821,0.154278051077,0.104335503229,0.0793992149778,0.00726354798658,0.0023965801094,0.125393984282,0.0957047801281,0.261144264388,0.0243030621025,0.0187526751709,1,0.7,10,20,12,2,20,0.000115076044533,1.0356844008e-05,0.000115076044533,0.00980934599392,0.00131191396282,0.00113538151504,0.000115076044533,1.0356844008e-05,0.000115076044533,0.275293534959,0.500505311566,0.211463494137
701,0.0317612472646,0.0326068445833,0.0569991808744,0.121741684909,0.0818516655593,0.0677693024769,0.100036964955,0.104219644435,0.0676600370567,0.059873153051,0.0424611645317,0.233019110303,1,0.7,10,20,12,2,20,0.000149858153897,1.34872338507e-05,0.000149858153897,0.00228863170441,0.000521627708512,0.000686324405842,0.000149858153897,1.34872338507e-05,0.000149858153897,0.27818243019,0.504530459689,0.213164119219
702,0.0194737992543,0.183940753187,0.0495466056722,0.0247038721871,0.0064958093769,0.0157774398892,0.265936709355,0.0459265203334,0.0200056727551,0.0258454597836,0.261040839487,0.0813065187196,1,0.7,10,20,12,2,20,3.86423583938e-05,3.47781225544e-06,3.86423583938e-05,0.00210017046151,0.000601923973113,0.000987538634147,3.86423583938e-05,3.47781225544e-06,3.86423583938e-05,0.27823092232,0.504687465415,0.213230454138
703,0.0819655415247,0.0690762217836,0.0270412128065,0.18817755037,0.0251411836647,0.200119714663,0.0758530138067,0.026775153589,0.00734448783097,0.161016456139,0.0952424922206,0.0422469716025,1,0.7,10,20,12,2,20,1.00250571081e-06,9.02255139729e-08,1.00250571081e-06,6.94784238172e-06,8.34117170609e-06,2.54683616632e-06,1.00250571081e-06,9.02255139729e-08,1.00250571081e-06,0.279321215771,0.506612835082,0.214043922822
704,0.00576885786093,0.0630249190174,0.263116110665,0.262331509205,0.0847791036926,0.0273842041522,0.122476087437,0.0671899979469,0.00618085756592,0.0182383041971,0.0752093605639,0.00430068769577,1,0.7,10,20,12,2,20,9.25772385301e-06,8.33195146771e-07,9.25772385301e-06,1.86498516914e-05,0.000144669215714,1.05699679349e-05,9.25772385301e-06,8.33195146771e-07,9.25772385301e-06,0.279264897684,0.506518464671,0.214004051324
705,0.202225191176,0.142550013417,0.00217252045667,0.254517801789,0.0433896388814,0.0248274065366,0.013689114136,0.0443644296557,0.0890726296497,0.0907432633576,0.0348907248409,0.0575572661036,1,0.7,10,20,12,2,20,0.000203939961468,1.83545965321e-05,0.000203939961468,0.00981691053227,0.00206149961624,0.000478436856141,0.000203939961468,1.83545965321e-05,0.000203939961468,0.275124041688,0.500292894389,0.211373747879
706,0.0475636082536,0.322725330872,0.0960498887621,0.146434728388,0.0103148400875,0.039677846206,0.0446669399449,0.107663646419,0.0743041240687,0.0218848795375,0.0674763382056,0.0212378292547,1,0.7,10,20,12,2,20,5.71947072378e-06,5.1475236514e-07,5.71947072378e-06,1.38651233565e-05,2.29299086446e-05,4.92670541694e-05,5.71947072378e-06,5.1475236514e-07,5.71947072378e-06,0.279329846435,0.506544944879,0.214015239212
707,0.23336140325,0.0589002290811,0.147996785377,0.0146533958117,0.0541247961833,0.0571411816119,0.2327214223,0.0110988361347,0.00340163824965,0.00547311387966,0.0628531387606,0.118274059361,1,0.7,10,20,12,2,20,0.000340172394039,3.06155154635e-05,0.000340172394039,0.00200073411916,0.00133304768084,0.0030896548241,0.000340172394039,3.06155154635e-05,0.000340172394039,0.277094301337,0.502678623151,0.212381718281
708,0.00812536560496,0.0379216009952,0.0259515548173,0.0296451298962,0.31502648651,0.0549430998103,0.0541242264151,0.00669027111253,0.0701628900986,0.0516680792435,0.144269559767,0.201471735729,1,0.7,10,20,12,2,20,5.10986846899e-05,4.59888162209e-06,5.10986846899e-05,0.0014923247826,0.00142591080421,0.000171596742286,5.10986846899e-05,4.59888162209e-06,5.10986846899e-05,0.278310828248,0.505016342299,0.213369404622
709,0.107982597753,0.133967782325,0.0795811040358,0.0176172404661,0.199218338461,0.100024972055,0.021240785608,0.0633826379806,0.00686581939104,0.0666353294189,0.10240561687,0.101077775636,1,0.7,10,20,12,2,20,0.000287864616899,2.59078155209e-05,0.000287864616899,0.00360322787395,0.000482009293659,0.00193286547825,0.000287864616899,2.59078155209e-05,0.000287864616899,0.277166019491,0.503066856777,0.212545746988
710,0.0645742006446,0.0425216146577,0.0430085534602,0.0982499420078,0.112555832432,0.0500009462308,0.0946760192455,0.0996734139607,0.0968013904695,0.232594055237,0.0338597545335,0.0314842771212,1,0.7,10,20,12,2,20,0.000120002754429,1.08002478986e-05,0.000120002754429,0.00450971239007,0.00271079497203,0.00164940418722,0.000120002754429,1.08002478986e-05,0.000120002754429,0.276232276958,0.50221173988,0.212184460099
711,0.038647543875,0.0273932481956,0.311693247517,2.70677682757e-05,0.166950729005,0.0302795736347,0.0518299468217,0.068952298974,0.0891479079047,0.0466537603981,0.154659741323,0.0137649345836,1,0.7,10,20,12,2,20,1.5960265578e-06,1.43642390202e-07,1.5960265578e-06,1.32512760176e-05,8.64439961288e-06,4.3160142277e-06,1.5960265578e-06,1.43642390202e-07,1.5960265578e-06,0.279090517482,0.506767380975,0.214109218462
712,0.0937512062571,0.0385314958551,0.0655634434883,0.0647313832313,0.139418108882,0.113596914949,0.0338261589222,0.274867205829,0.0105465504159,0.120565476642,0.0190958333783,0.0255062221499,1,0.7,10,20,12,2,20,0.000344169180177,3.09752262159e-05,0.000344169180177,0.0109773014971,0.00288279813046,0.00148488840854,0.000344169180177,3.09752262159e-05,0.000344169180177,0.274483055228,0.498230811643,0.210502517919
713,0.210718816173,0.0173760109278,0.116598176337,0.199556008134,0.0266954385774,0.0722408007154,0.0491783904723,0.0345462365585,0.0126399671375,0.0797339762587,0.00192965719005,0.178786521518,1,0.7,10,20,12,2,20,0.000174579662818,1.57121696536e-05,0.000174579662818,0.00338017692273,0.0032671496171,0.00100055104469,0.000174579662818,1.57121696536e-05,0.000174579662818,0.277069009152,0.502322228663,0.21223114161
714,0.111624572929,0.0296212221736,0.0520677669035,0.0835911494708,0.0614328649222,0.343578353518,0.0301020825267,0.0449967798771,0.0836599864257,0.0966622615625,0.00420420453038,0.0584587551609,1,0.7,10,20,12,2,20,0.000300782656063,2.70704390457e-05,0.000300782656063,0.0105291479267,0.0045704375479,0.00208646845647,0.000300782656063,2.70704390457e-05,0.000300782656063,0.273962489213,0.497430007279,0.210164178075
715,0.000216424346466,0.0199391733728,0.00691264955141,0.0765321094634,0.206141447501,0.110694132719,0.156590624789,0.290870760261,0.0624996791864,0.000406684842833,0.0165681547595,0.0526281592076,1,0.7,10,20,12,2,20,0.000921818088117,8.29636279306e-05,0.000921818088117,0.0258759462779,0.00622719851486,0.00314632179076,0.000921818088117,8.29636279306e-05,0.000921818088117,0.268097459338,0.487029788731,0.205770085739
716,0.0625590518423,0.168671769007,0.0929587093727,0.249314889226,0.0077241074164,0.192089600682,0.00423996465563,0.0643037982651,0.015618827101,0.131098813767,0.000887843734933,0.0105326249301,1,0.7,10,20,12,2,20,1.03974777326e-07,9.35772995933e-09,1.03974777326e-07,1.0148306892e-05,1.38267052672e-06,5.41237738366e-07,1.03974777326e-07,9.35772995933e-09,1.03974777326e-07,0.27905072462,0.506809679122,0.214127089429
717,0.072489674417,0.160916228477,0.0298662423698,0.0799890935589,0.156111840307,0.0191036515322,0.237487375982,0.0304321577618,0.083081052001,0.0425971844298,0.0557212603427,0.032204238821,1,0.7,10,20,12,2,20,0.000828032082336,7.45228874103e-05,0.000828032082336,0.0206127951517,0.0100909520021,0.00582904460287,0.000828032082336,7.45228874103e-05,0.000828032082336,0.268016424442,0.486460182564,0.205529427133
718,0.0321468732691,0.0278107780964,0.0983812880372,0.107752682269,0.044067224575,0.102045415373,0.0467210720779,0.0934251160854,0.113292199605,0.0447718057583,0.0128312401218,0.276754304731,1,0.7,10,20,12,2,20,0.000102801843731,9.2521659358e-06,0.000102801843731,0.00513948099604,0.00146040501951,0.000533667719171,0.000102801843731,9.2521659358e-06,0.000102801843731,0.277159435291,0.50283114184,0.212446157427
719,0.148026387537,0.129826319075,0.0522376261941,0.0606578781155,0.0076179902586,0.0941421305617,0.0585705094882,0.157810266172,0.0255959864371,0.0756410011653,0.113281974982,0.0765919300132,1,0.7,10,20,12,2,20,5.75358934161e-06,5.17823040745e-07,5.75358934161e-06,2.02508671381e-05,0.000161845677109,1.26252683215e-05,5.75358934161e-06,5.17823040745e-07,5.75358934161e-06,0.27926237628,0.506515888861,0.214002963044
720,0.0275591731954,0.141490274672,0.0474015006181,0.143418232337,0.0193320513854,0.0827374399699,0.0423639263283,0.00563159760046,0.187534125454,0.0578062459141,0.171506770373,0.0732186621522,1,0.7,10,20,12,2,20,8.82043782718e-05,7.93839404446e-06,8.82043782718e-05,0.00461946745319,0.00211331945208,0.000415146138324,8.82043782718e-05,7.93839404446e-06,8.82043782718e-05,0.277051847787,0.50293956054,0.212491964328
721,0.032401570423,0.0867953479208,0.00246639830246,0.0679012120122,0.034784914219,0.188794120407,0.00728327528782,0.0313493368786,0.199485151602,0.0236035932503,0.260510878674,0.0646242010219,1,0.7,10,20,12,2,20,6.34802950552e-05,5.71322655496e-06,6.34802950552e-05,0.00146945087158,0.00242225414035,0.000201711011024,6.34802950552e-05,5.71322655496e-06,6.34802950552e-05,0.278092782861,0.504427735313,0.21312071817
722,0.00282971808286,0.251436068352,0.037404650494,0.0880446762441,0.0498415724313,0.00310761838893,0.0273428453488,0.00840671821914,0.22424804712,0.0270481370297,0.061654896564,0.218635051725,1,0.7,10,20,12,2,20,0.000145863667104,1.31277300394e-05,0.000145863667104,0.0016477736567,0.00184428002622,0.000442112478086,0.000145863667104,1.31277300394e-05,0.000145863667104,0.278181754574,0.50423505739,0.213039311747
723,0.0124573231102,0.0501382306163,0.0805208241295,0.186948980702,0.0671656018707,0.212541497631,0.0180665370003,0.202322247117,0.0027172611135,0.0232476660932,0.0731955947952,0.0706782358218,1,0.7,10,20,12,2,20,4.2371047286e-06,3.81339425574e-07,4.2371047286e-06,1.87101293028e-05,3.07410572079e-05,1.35214522838e-05,4.2371047286e-06,3.81339425574e-07,4.2371047286e-06,0.279235609668,0.50663177968,0.214051926915
724,0.113792587454,0.144628163429,0.111600315092,0.022296999286,0.0491976981463,0.117846858269,0.102779485102,0.264938445631,0.00419058133687,0.0529528300664,0.0134800644959,0.00229597169128,1,0.7,10,20,12,2,20,1.58671323312e-06,1.42804190981e-07,1.58671323312e-06,1.78308982169e-05,3.56468971873e-06,1.25752525706e-05,1.58671323312e-06,1.42804190981e-07,1.58671323312e-06,0.279302441721,0.506612973622,0.214043981355
725,0.143705237569,0.0427468080167,0.00698635638436,0.0113345943362,0.262450023658,0.0517963398671,0.110098595287,0.0908136532541,0.0319745919033,0.225292932308,0.0108144438975,0.0119864235192,1,0.7,10,20,12,2,20,0.00023337031841,2.10033286569e-05,0.00023337031841,0.0083225432329,0.00440791365666,0.00163535355978,0.00023337031841,2.10033286569e-05,0.00023337031841,0.27500075294,0.498880807508,0.210777141172
726,0.000105363534961,0.00845531742715,0.0739304502909,0.261029506823,0.0477950572118,0.00375451277861,0.00748199914401,0.0754602702383,0.16465002438,0.240350530962,0.0149760147891,0.10201095242,1,0.7,10,20,12,2,20,0.000136353610905,1.22718249815e-05,0.000136353610905,0.00308471315172,0.00240297285018,0.000627131739072,0.000136353610905,1.22718249815e-05,0.000136353610905,0.277583462607,0.503150623239,0.212581138319
727,0.0982719747614,0.033507646118,0.180704785697,0.0176304052133,0.0426203160828,0.177565850812,0.0343634841196,0.128224854902,0.0195463338587,0.112825231978,0.0289002240002,0.125838892457,1,0.7,10,20,12,2,20,0.000243538042385,2.19184238146e-05,0.000243538042385,0.00292388747681,0.00276871536052,0.000512787117419,0.000243538042385,2.19184238146e-05,0.000243538042385,0.277083648939,0.50312335472,0.212569617369
728,0.0175182965659,0.172292277724,0.0950197892439,0.346614209298,0.00491527388116,0.124203248219,0.100932624507,0.0142490722525,0.0288489198612,0.0580080648354,0.0352627038126,0.00213551979923,1,0.7,10,20,12,2,20,0.000235587871645,2.12029084481e-05,0.000235587871645,0.0196381977987,0.0112127104994,0.00109972644279,0.000235587871645,2.12029084481e-05,0.000235587871645,0.269669363647,0.490260277194,0.207134967114
729,0.0832192747338,0.0150841548703,0.160005269446,0.0242880918617,0.0263020601766,0.17011232978,0.282318762378,0.0435744858338,0.0116271472308,0.0810488175495,0.0291944984464,0.0732251076933,1,0.7,10,20,12,2,20,0.00023030397806,2.07273580254e-05,0.00023030397806,0.0144032450468,0.00225073063373,0.001759417364,0.00023030397806,2.07273580254e-05,0.00023030397806,0.273396199133,0.49717239873,0.210055338464
730,0.11564534879,0.1288774585,0.0303977211053,0.00586707345303,0.0295072985241,0.0425868268384,0.0786599789755,0.0159483096983,0.0944967125556,0.128340895187,0.304657636091,0.0250147402817,1,0.7,10,20,12,2,20,1.03084370661e-06,9.27759335951e-08,1.03084370661e-06,4.50697764249e-06,3.66173851214e-06,2.21307025619e-06,1.03084370661e-06,9.27759335951e-08,1.03084370661e-06,0.279360217656,0.506590574081,0.214034517549
731,0.0255008960779,0.00249820434713,0.382125155215,0.0724955896907,0.0652130527723,0.0238470382111,0.0813244462171,0.0306457686381,0.0303666121684,0.0264363779296,0.246678231497,0.012868627236,1,0.7,10,20,12,2,20,0.00024452887122,2.20075984098e-05,0.00024452887122,0.0172952656261,0.00409752401886,0.00118326783034,0.00024452887122,2.20075984098e-05,0.00024452887122,0.272636465666,0.494738380441,0.209026965736
732,0.026476450349,0.13747330002,0.0666722466152,0.0290007160338,0.115806307255,0.0938782986476,0.111471951328,0.0576131053493,0.0774649933694,0.101290325409,0.092471450087,0.0903808555363,1,0.7,10,20,12,2,20,0.000141168489995,1.27051640996e-05,0.000141168489995,0.00830648238527,0.0010248687625,0.000281989166975,0.000141168489995,1.27051640996e-05,0.000141168489995,0.276356835621,0.501539360124,0.211900379652
733,0.0255142939334,0.264209973297,0.0119022887384,0.0147847617745,0.162345235446,0.0738192075627,0.115650613317,0.0271114272075,0.0590146666134,0.0288036747291,0.185785509688,0.0310583476926,1,0.7,10,20,12,2,20,0.000159946414449,1.43951773004e-05,0.000159946414449,0.0105066782006,0.00135117219779,0.000728139785862,0.000159946414449,1.43951773004e-05,0.000159946414449,0.275482645231,0.500008990209,0.211253798363
734,0.113108953956,0.0190197021167,0.0762492819295,0.089587798566,0.0863106373659,0.123922577129,0.0524576886434,0.118387020082,0.0130872497741,0.167290748476,0.101162195489,0.0394161464715,1,0.7,10,20,12,2,20,0.000120101158157,1.08091042342e-05,0.000120101158157,0.00399531299852,0.000968741646686,0.00350045216676,0.000120101158157,1.08091042342e-05,0.000120101158157,0.276728467287,0.502147629567,0.212157373492
735,0.221054260746,0.112835927024,0.0411101734403,0.0181317948673,0.106382496755,0.0184457883328,0.0247824952719,0.268734327585,0.0281688287194,0.0715887983192,0.0487884792528,0.0399766296863,1,0.7,10,20,12,2,20,0.000357179932122,3.2146193891e-05,0.000357179932122,0.0184493606496,0.00584714804589,0.00149265133679,0.000357179932122,3.2146193891e-05,0.000357179932122,0.27166715913,0.492829995586,0.208220673135
736,0.00751834412912,0.0819885861334,0.0595458624636,0.205912884817,0.0662852153472,0.00984821546985,0.0557617836008,0.266606565368,0.0782813416946,0.0196166212095,0.0257709828278,0.122863596939,1,0.7,10,20,12,2,20,0.000651315501296,5.86183951166e-05,0.000651315501296,0.0217700759431,0.00766150462693,0.00278460030375,0.000651315501296,5.86183951166e-05,0.000651315501296,0.2695612048,0.488928024977,0.206572090553
737,0.00620906913693,0.0425271101,0.0862061941653,0.0702486191722,0.0160198739138,0.122829122199,0.379545571287,0.156891001052,0.00494876214945,0.0261858916565,0.0327244364323,0.0556643487358,1,0.7,10,20,12,2,20,0.00102767173767,9.24904563907e-05,0.00102767173767,0.0248192981173,0.0102810073123,0.00276838876117,0.00102767173767,9.24904563907e-05,0.00102767173767,0.267331542616,0.485415884239,0.205088211091
738,0.192680609897,0.00341518260808,0.128674269585,0.0584700538753,0.00859746071121,0.0556847402344,0.0467881500781,0.227905036064,0.0549515159691,0.0538214999644,0.0175811308904,0.151430350123,1,0.7,10,20,12,2,20,0.000170194008775,1.53174607898e-05,0.000170194008775,0.00914468062793,0.00313302237544,0.000430989553927,0.000170194008775,1.53174607898e-05,0.000170194008775,0.275294186541,0.500025103652,0.211260606293
739,0.0419794110555,0.130507024726,0.0138207845792,0.0704690752717,0.120446144885,0.029924765189,0.0282815249282,0.412191315477,0.0380354182461,0.00959991040508,0.0616837462707,0.0430608789672,1,0.7,10,20,12,2,20,0.00127287906135,0.000114559115522,0.00127287906135,0.0340618768345,0.00858131771011,0.0113328064467,0.00127287906135,0.000114559115522,0.00127287906135,0.262880897778,0.476500855363,0.201321611391
740,0.0512633855777,0.310088002032,0.0504875899173,0.0460937081021,0.010361964997,0.0829440123246,0.155068801628,0.0850104298434,0.135673273394,0.00069265980816,0.0549177817385,0.0173983906377,1,0.7,10,20,12,2,20,1.2986341453e-05,1.16877073077e-06,1.2986341453e-05,3.68207362929e-05,3.31499714204e-05,6.49392650348e-05,1.2986341453e-05,1.16877073077e-06,1.2986341453e-05,0.279222244397,0.506564894709,0.214023668014
741,0.015320902958,0.245577185959,0.289717160822,0.0858653842005,0.00191249815354,0.0189800350636,0.0177174293759,0.0233203333021,0.0470051068752,0.0401416029981,0.131394890896,0.0830474693954,1,0.7,10,20,12,2,20,4.03480129009e-06,3.63132116108e-07,4.03480129009e-06,1.47998311293e-05,3.72552029726e-05,9.2382527558e-06,4.03480129009e-06,3.63132116108e-07,4.03480129009e-06,0.279303499423,0.506585829048,0.214032512773
742,0.166522810214,0.0770513506005,0.199814936761,0.0138686364864,0.17014740447,0.0858214770376,0.0101826847413,0.0699295915263,0.010839937469,0.0150684376154,0.0682467446854,0.112505988394,1,0.7,10,20,12,2,20,0.00021993383333,1.97940449997e-05,0.00021993383333,0.0052613586255,0.00628618675884,0.00031258395552,0.00021993383333,1.97940449997e-05,0.00021993383333,0.275649238716,0.500225875937,0.211345432583
743,0.0774003335015,0.328431643409,0.0307486896715,0.0295374303373,0.12046553699,0.0792051057464,0.0318676225638,0.0269577612366,0.141722729147,0.0464364288591,0.0740196537809,0.0132070647575,1,0.7,10,20,12,2,20,0.000919266763699,8.2734008733e-05,0.000919266763699,0.0662394487196,0.00451789116894,0.0124181778107,0.000919266763699,8.2734008733e-05,0.000919266763699,0.254927644922,0.46260407895,0.195450223356
744,0.0952777308924,0.0438566461863,0.0336986474705,0.00185083964136,0.00876282392603,0.10904532215,0.0578192854899,0.292407835146,0.00531437015241,0.0848818353835,0.0200257902696,0.247058873292,1,0.7,10,20,12,2,20,9.26162620663e-05,8.33546358597e-06,9.26162620663e-05,0.00117013679805,0.000318863647764,0.00105819861903,9.26162620663e-05,8.33546358597e-06,9.26162620663e-05,0.278545655163,0.505110727449,0.213409282347
745,0.00587972880582,0.0910540476944,0.119619269098,0.196314063808,0.103863772365,0.0637429461466,0.178783242118,0.0414433288968,0.064798146507,0.0693182340464,0.024087948576,0.041095271937,1,0.7,10,20,12,2,20,0.0008228425185,7.4055826665e-05,0.0008228425185,0.00888713743757,0.00714197263707,0.00373906458774,0.0008228425185,7.4055826665e-05,0.0008228425185,0.27265810094,0.494997710137,0.209136532533
746,0.237548413183,0.0263468373533,0.021656192388,0.107724799332,0.175975606268,0.000532401092647,0.00374278254249,0.0165035224386,0.0485728921082,0.00113168580867,0.061521653269,0.298743214216,1,0.7,10,20,12,2,20,8.05799630574e-05,7.25219667517e-06,8.05799630574e-05,0.00135008135188,0.00165683853136,0.000598830833433,8.05799630574e-05,7.25219667517e-06,8.05799630574e-05,0.278080098867,0.504729227537,0.213248098634
747,0.0285305696229,0.119678547846,0.0289767558253,0.0908833426808,0.00664875515519,0.0399846562235,0.113680054846,0.00401877872896,0.00296780786445,0.173304197349,0.0469399778015,0.344386556057,1,0.7,10,20,12,2,20,1.38875808636e-06,1.24988227773e-07,1.38875808636e-06,7.72074198354e-06,2.04661956361e-06,2.56079851307e-05,1.38875808636e-06,1.24988227773e-07,1.38875808636e-06,0.279219120059,0.506671142064,0.214068557522
748,0.310814206661,0.200452343977,0.029230596727,0.0401016435681,0.0343433837733,0.0186193885081,0.0406540608833,0.0862554351881,0.109426747084,0.000442697573339,0.103506966526,0.0261525295312,1,0.7,10,20,12,2,20,0.000430455858093,3.87410272284e-05,0.000430455858093,0.0281577065148,0.00556281270572,0.00510384520927,0.000430455858093,3.87410272284e-05,0.000430455858093,0.267781880146,0.486182390114,0.205412059823
749,0.0669021556998,0.0210987916357,0.0312670059221,0.0452428958374,0.0692467657085,0.0747762781388,0.189047738742,0.0097754107228,0.155767204819,0.11430399417,0.0409892201987,0.181582538406,1,0.7,10,20,12,2,20,1.51528489339e-06,1.36375640405e-07,1.51528489339e-06,1.47490094418e-05,1.25630147774e-05,2.48025014576e-06,1.51528489339e-06,1.36375640405e-07,1.51528489339e-06,0.279210544102,0.50668072389,0.214072605843
750,0.0650630527875,0.119751590953,0.126265636974,0.0529808115855,0.00672811528244,0.159025189801,0.0383475693716,0.00915247570065,0.0171756628324,0.0818971098184,0.299324613589,0.0242881713053,1,0.7,10,20,12,2,20,0.000144308739344,1.29877865409e-05,0.000144308739344,0.00272579297424,0.000648133363403,0.00106308062007,0.000144308739344,1.29877865409e-05,0.000144308739344,0.277963439554,0.504039608406,0.212956734552
751,0.0128145951125,0.219991182174,0.0576236329098,0.190789341418,0.00691201412042,0.0297586697636,0.172891448889,0.0270255712786,0.00889882541335,0.0625496986041,0.193194107023,0.0175509132941,1,0.7,10,20,12,2,20,0.000507271912146,4.56544720931e-05,0.000507271912146,0.020208204319,0.00187326430436,0.00281615916635,0.000507271912146,4.56544720931e-05,0.000507271912146,0.271865819613,0.492876032341,0.208240123664
752,0.0989497978677,0.096996440923,0.0867849309588,0.000113945842729,0.10053293424,0.00908483632773,0.0515548236604,0.190843131428,0.195305535991,0.0482214488457,0.00412641402742,0.117485759887,1,0.7,10,20,12,2,20,2.06672852661e-06,1.86005567395e-07,2.06672852661e-06,2.37230729123e-05,3.38281599576e-05,1.67521633806e-05,2.06672852661e-06,1.86005567395e-07,2.06672852661e-06,0.279202360639,0.506653565581,0.214061131458
753,0.00407561923332,0.142556422228,0.124965082749,0.237422039685,0.0135051810329,0.148444001212,0.0495724753076,0.0455921604171,0.141194072023,0.0329119540943,0.0485116765515,0.0112493154657,1,0.7,10,20,12,2,20,0.00220487017745,0.00019843831597,0.00220487017745,0.0500483850184,0.0116205564878,0.0105660480756,0.00220487017745,0.00019843831597,0.00220487017745,0.256616132932,0.465330418379,0.196602101765
754,0.00439522506839,0.179593311556,0.0586041915936,0.0029973075546,0.0182853980555,0.158215225663,0.117232512931,0.0154789079062,0.100603061112,0.215822346903,0.0327794305812,0.0959930810751,1,0.7,10,20,12,2,20,0.000101799222146,9.1619299931e-06,0.000101799222146,0.000812506851175,0.00037250333668,0.000809971689954,0.000101799222146,9.1619299931e-06,0.000101799222146,0.278775134826,0.505310623935,0.213493738613
755,0.0613876782787,0.0312031797314,0.0373387351009,0.148378576617,0.020653171015,0.084394579444,0.0299912872215,0.0326757436277,0.00240407668196,0.298326843175,0.103415769822,0.149830359285,1,0.7,10,20,12,2,20,4.8738412123e-05,4.38645709107e-06,4.8738412123e-05,0.00233056877238,0.000868198527327,0.000196104981239,4.8738412123e-05,4.38645709107e-06,4.8738412123e-05,0.278256214599,0.504847231323,0.213297955234
756,0.0299575411438,0.138658277123,0.0909473459957,0.0741105418561,0.0499136537118,0.0402855689334,0.117721660526,0.0303565267022,0.210753627317,0.136435233295,0.0570668539883,0.0237931694079,1,0.7,10,20,12,2,20,0.000168930341117,1.52037307005e-05,0.000168930341117,0.00332930420214,0.00122570649299,0.00166217632496,0.000168930341117,1.52037307005e-05,0.000168930341117,0.277120636345,0.503308293715,0.212647754094
757,0.0194521171088,0.00547022376116,0.0963131496863,0.0812891681431,0.158251376973,0.179234738781,0.107420870007,0.150389173521,0.159233013035,0.00356149920204,0.0382568247615,0.00112784502077,1,0.7,10,20,12,2,20,0.00434901473077,0.000391411325769,0.00434901473077,0.128648613163,0.0329934438377,0.0346007216998,0.00434901473077,0.000391411325769,0.00434901473077,0.219382292697,0.398028855555,0.168167191472
758,0.062466709322,0.195297605799,0.0188287166007,0.254439134521,0.0532418914488,0.00480892890643,0.154992024015,0.00409380740966,0.11289129127,0.0733101759576,0.0293198591997,0.03630985555,1,0.7,10,20,12,2,20,0.000837730848482,7.53957763634e-05,0.000837730848482,0.0134748659472,0.00439192959082,0.00737029052443,0.000837730848482,7.53957763634e-05,0.000837730848482,0.270767089929,0.492438740993,0.208055368069
759,0.173558900839,0.0627968984891,0.0619762585949,0.0389808642261,0.191317316564,0.0854886303357,0.0807483556408,0.0265317743564,0.121885226803,0.0290577150351,0.0561381002479,0.071519958868,1,0.7,10,20,12,2,20,0.000703522582413,6.33170324172e-05,0.000703522582413,0.0172407699126,0.00850498449177,0.00217748514733,0.000703522582413,6.33170324172e-05,0.000703522582413,0.270485538215,0.491142704983,0.207507792855
760,0.0345196915387,0.0545780170872,0.106603118275,0.0604087818329,0.0709778932519,0.0254779107896,0.197490320419,0.0385379238308,0.163117508084,0.0204230720645,0.108893654254,0.118972108573,1,0.7,10,20,12,2,20,0.00021016834664,1.89151511976e-05,0.00021016834664,0.01148297306,0.00328549535274,0.00434421447233,0.00021016834664,1.89151511976e-05,0.00021016834664,0.273520142537,0.49665284421,0.209835826679
761,0.00958401153792,0.173133356455,0.0378092705689,0.022061816668,0.269058457782,0.00459865300651,0.105724508528,0.0404344489465,0.0961930877143,0.0875270467279,0.0413123027909,0.112563039274,1,0.7,10,20,12,2,20,0.000132160519159,1.18944467243e-05,0.000132160519159,0.00569854384567,0.00317293065323,0.000236434345221,0.000132160519159,1.18944467243e-05,0.000132160519159,0.276437865882,0.501864178772,0.212037615531
762,0.137296932598,0.153432192347,0.0665658667173,0.0509226602111,0.0352069762119,0.102849454861,0.0853529271794,0.0117430836685,0.29692054756,0.0442551788042,0.00674266766371,0.00871151217823,1,0.7,10,20,12,2,20,0.00173091845784,0.000155782661205,0.00173091845784,0.111806481223,0.0479999703129,0.0110155694322,0.00173091845784,0.000155782661205,0.00173091845784,0.229304215309,0.416617591964,0.176020932605
763,0.0160106583007,0.0186621356745,0.223841068938,0.082625384242,0.0985881546801,0.0537304643944,0.099351934404,0.142821895291,0.0187031024472,0.132694639037,0.0526393742121,0.0603311883778,1,0.7,10,20,12,2,20,0.000255361514082,2.29825362674e-05,0.000255361514082,0.0156741195283,0.00392354029413,0.00287454806403,0.000255361514082,2.29825362674e-05,0.000255361514082,0.272754396806,0.494696649687,0.209009334493
764,0.0348283159456,0.0714420851326,0.000768096985828,0.0462320515097,0.0788574642503,0.0662838880878,0.141845185527,0.130439897239,0.224382992159,0.0805206281342,0.0771260425063,0.0472733525227,1,0.7,10,20,12,2,20,0.000491725685734,4.42553117161e-05,0.000491725685734,0.0138780725944,0.00513272602774,0.00239757722517,0.000491725685734,4.42553117161e-05,0.000491725685734,0.272674001718,0.494806473862,0.209055735207
765,0.0211226662301,0.0620649201459,0.0106012381436,0.0239048281276,0.156741039042,0.336723364012,0.211758418783,0.0384493025867,0.0366480423653,0.0927951863578,0.00320873638792,0.00598225781731,1,0.7,10,20,12,2,20,0.00111377849826,0.000100240064844,0.00111377849826,0.068683242554,0.00597476219069,0.0161062437489,0.00111377849826,0.000100240064844,0.00111377849826,0.252785984862,0.458203284725,0.193590887796
766,0.0191170871012,0.240547372429,0.000637888803642,0.0209854158991,0.280837425847,0.0181689567723,0.0866037483197,0.0973652553809,0.0483390503494,0.048818660761,0.0105193290543,0.128059809283,1,0.7,10,20,12,2,20,3.68157293637e-07,3.31341564273e-08,3.68157293637e-07,4.89388429749e-06,1.10273848197e-06,8.6005243044e-07,3.68157293637e-07,3.31341564273e-08,3.68157293637e-07,0.279283046931,0.506649249558,0.214059307938
767,0.0683461850882,0.324130430493,0.0485119408944,0.0335292397396,0.195734389565,0.0251368905494,0.0380989321586,0.0609532077751,0.0541430765998,0.00610866304551,0.103213613655,0.042093430437,1,0.7,10,20,12,2,20,0.00041614100994,3.74526908946e-05,0.00041614100994,0.00910815987734,0.00807928199203,0.00143616911012,0.00041614100994,3.74526908946e-05,0.00041614100994,0.273589509039,0.496342643627,0.209704766933
768,0.0972086554821,0.0811723978167,0.0224674331166,0.0668399292253,0.127611414959,0.047041137609,0.223477579581,0.0793704495729,0.096102740707,0.0190840735054,0.0662922628533,0.0733319255717,1,0.7,10,20,12,2,20,0.000467267444193,4.20540699774e-05,0.000467267444193,0.0208708283099,0.00140438318743,0.00382275912762,0.000467267444193,4.20540699774e-05,0.000467267444193,0.271109583106,0.492681383728,0.208157884625
769,0.043783747955,0.0696545479434,0.0328592451817,0.00333526320192,0.0217713923661,0.00924291203562,0.00764870650153,0.439257895353,0.0576297751977,0.0725599349699,0.152754512664,0.0895020666301,1,0.7,10,20,12,2,20,0.000139145379249,1.25230841324e-05,0.000139145379249,0.00387824879668,0.00145763334948,0.00140555482295,0.000139145379249,1.25230841324e-05,0.000139145379249,0.277180956777,0.502984870699,0.21251110787
770,0.0438294756937,0.00944730495973,0.0963394247716,0.112858216098,0.0722233690207,0.0338405802647,0.012767435346,0.202804106606,0.0650831806117,0.0133324901092,0.253912636642,0.0835617798763,1,0.7,10,20,12,2,20,8.57839021513e-05,7.72055119361e-06,8.57839021513e-05,0.0030800936602,0.00278488753518,0.000245744032907,8.57839021513e-05,7.72055119361e-06,8.57839021513e-05,0.277465069685,0.503385327505,0.212680300871
771,0.0235211693647,0.0931441667727,0.1556390189,0.103155925221,0.0300513264969,0.170339583129,0.104820623512,0.107812517264,0.185992207574,0.00350340795932,0.00457758871148,0.0174424650949,1,0.7,10,20,12,2,20,0.00126985124783,0.000114286612305,0.00126985124783,0.0456649877712,0.00970736323376,0.00273998981123,0.00126985124783,0.000114286612305,0.00126985124783,0.260539833229,0.475247696126,0.200792151613
772,0.110692810305,0.0962052318347,0.0863928645664,0.00961532749672,0.0466857055355,0.00104873336568,0.088541431322,0.142879855683,0.00477009577561,0.0219840900691,0.139418949759,0.251764904287,1,0.7,10,20,12,2,20,5.88027292679e-05,5.29224563411e-06,5.88027292679e-05,0.00179094268086,0.000506678817644,0.000456430844191,5.88027292679e-05,5.29224563411e-06,5.88027292679e-05,0.278197738544,0.505309253923,0.213493159782
773,0.108582091666,0.256894305096,0.0435907486323,0.000353318338155,0.000827749314309,0.0320457761844,0.146043827893,0.0607299754295,0.132111884508,0.013841623507,0.110732368624,0.0942463308068,1,0.7,10,20,12,2,20,4.11329899359e-07,3.70196909423e-08,4.11329899359e-07,1.48538813778e-05,1.62173721801e-06,2.02645324102e-06,4.11329899359e-07,3.70196909423e-08,4.11329899359e-07,0.279152631899,0.506732616288,0.214094530382
774,0.280478407229,0.0518475581792,0.0693881415477,0.0919976888386,0.0259691407298,0.085626603113,0.0466353937775,0.131323428218,0.0555754855849,0.111142924575,0.0443457088132,0.00566951939362,1,0.7,10,20,12,2,20,0.000208474944987,1.87627450488e-05,0.000208474944987,0.00339814407461,0.000777978657568,0.00541371972902,0.000208474944987,1.87627450488e-05,0.000208474944987,0.27620878223,0.501462179289,0.21186777075
775,0.0329246329529,0.063574611767,0.0920152894079,0.0198369248447,0.200251702016,0.0230818431491,0.0140536224025,0.0244190019542,0.0493655106152,0.337525969607,0.126672574249,0.0162783170348,1,0.7,10,20,12,2,20,1.45140975916e-07,1.30626878324e-08,1.45140975916e-07,3.22209103688e-06,5.9797853887e-07,2.28711039797e-07,1.45140975916e-07,1.30626878324e-08,1.45140975916e-07,0.279364118249,0.506594886665,0.214036339616
776,0.0185198583742,0.0484470519085,0.0527845153593,0.0716395462188,0.103372045335,0.206118039286,0.0964863656156,0.135116687905,0.00772693504741,0.134466333381,0.0257346101904,0.0995880113776,1,0.7,10,20,12,2,20,0.000221745500994,1.99570950894e-05,0.000221745500994,0.011537218131,0.003167607062,0.00105093673986,0.000221745500994,1.99570950894e-05,0.000221745500994,0.274534019195,0.498265956188,0.21051736649
777,0.0217921214566,0.0080455913242,0.022979197239,0.00813028117713,0.120924780602,0.217717484378,0.124321071038,0.271807832298,0.0235287463052,0.108540196629,0.0543614369174,0.0178512606359,1,0.7,10,20,12,2,20,0.000665112801949,5.98601521754e-05,0.000665112801949,0.02090287383,0.00697917041712,0.00198310033032,0.000665112801949,5.98601521754e-05,0.000665112801949,0.269988295436,0.490239991898,0.207126396577
778,0.0955217528866,0.0165032022017,0.0236573476605,0.167757848972,0.0482237403502,0.0483010303066,0.090964513875,0.0087684510685,0.0441690010498,0.130788850443,0.0707447827705,0.254599478416,1,0.7,10,20,12,2,20,5.84425528981e-05,5.25982976082e-06,5.84425528981e-05,0.00237490498783,0.00110720141375,0.000154695059613,5.84425528981e-05,5.25982976082e-06,5.84425528981e-05,0.27821160775,0.504680000645,0.213227300273
779,0.0864903371911,0.0957766070625,0.0174489190192,0.0815843223623,0.109558042092,0.080682864777,0.0378191930513,0.0471316936776,0.183870021452,0.0880596380985,0.168518424734,0.00305993648364,1,0.7,10,20,12,2,20,8.96686343652e-05,8.07017709287e-06,8.96686343652e-05,0.000630836939063,0.000700891867496,0.000215941367035,8.96686343652e-05,8.07017709287e-06,8.96686343652e-05,0.278734754302,0.505689111166,0.213653649467
780,0.0277491386849,0.0635214002517,0.129110905771,0.0308888944173,0.215954203218,0.177331529864,0.0369597089715,0.12493002717,0.0375772126759,0.0804466799596,0.0332135650947,0.0423167339214,1,0.7,10,20,12,2,20,0.000247195575168,2.22476017651e-05,0.000247195575168,0.0167264210489,0.00128139968903,0.00180585072171,0.000247195575168,2.22476017651e-05,0.000247195575168,0.273194123529,0.49628044113,0.209678486377
781,0.0973609306334,0.053541692987,0.0425772062716,0.00156531381071,0.019411773048,0.340267092117,0.025836133861,0.00592145805265,0.0532828847618,0.278558501597,0.00406225322024,0.0776147596389,1,0.7,10,20,12,2,20,0.000117749740092,1.05974766083e-05,0.000117749740092,0.00292398443248,0.00130327983382,0.00149298466199,0.000117749740092,1.05974766083e-05,0.000117749740092,0.277326762214,0.503663124741,0.212797670203
782,0.0866693088216,0.0233933084469,0.0986069313673,0.0469990709823,0.13211628676,0.0533562403035,0.0495613778532,0.145319753554,0.0548973539427,0.135269717225,0.00865930064873,0.165151350095,1,0.7,10,20,12,2,20,0.000201615180914,1.81453662823e-05,0.000201615180914,0.00756815829603,0.00323614025206,0.00133523658257,0.000201615180914,1.81453662823e-05,0.000201615180914,0.275476364643,0.500204814601,0.211336534169
783,0.0843570687752,0.00719622337946,0.0859524965172,0.0447359183914,0.00805576283923,0.056104376386,0.158008298068,0.0481582755701,0.0583209749968,0.191901705693,0.0550439684982,0.202164930885,1,0.7,10,20,12,2,20,3.36171922327e-05,3.02554730094e-06,3.36171922327e-05,0.000851617393948,0.00136509075642,0.000140354653986,3.36171922327e-05,3.02554730094e-06,3.36171922327e-05,0.278586879423,0.505388778846,0.213526759063
784,0.0378607177318,0.0680174151063,0.202339074424,0.0549872208749,0.0505415687738,0.0128480340012,0.0132271155983,0.076452660424,0.226740889054,0.00111529670604,0.0849669884126,0.170903018892,1,0.7,10,20,12,2,20,0.000235907069226,2.12316362304e-05,0.000235907069226,0.00569302490648,0.002072475963,0.000613519571614,0.000235907069226,2.12316362304e-05,0.000235907069226,0.276615079348,0.501947141414,0.212072667247
785,0.0406790803473,0.0240617009797,0.0552535122085,0.0105647582218,0.104596285887,0.0260707439718,0.00780559341413,0.0228141676164,0.190362481917,0.110795243049,0.20655073076,0.200445701627,1,0.7,10,20,12,2,20,3.20403327104e-05,2.88362994394e-06,3.20403327104e-05,0.000302406788113,0.000301583652144,3.5044268459e-05,3.20403327104e-05,2.88362994394e-06,3.20403327104e-05,0.279066584812,0.506263938059,0.21389651383
786,0.0220809927458,0.154905222363,0.145027901532,0.0855146227409,0.0847224393612,0.0376838310796,0.071358934914,0.0405198903735,0.0118538867649,0.120565336973,0.0466584428302,0.179108498322,1,0.7,10,20,12,2,20,7.12792056357e-05,6.41512850721e-06,7.12792056357e-05,0.000282594262525,0.000245979292454,0.000733894494065,7.12792056357e-05,6.41512850721e-06,7.12792056357e-05,0.278893144512,0.505832295508,0.213714144852
787,0.192454897066,0.0884938002469,0.0611431778188,0.0415547654347,0.0408593399801,0.171130850514,0.0207731551797,0.161771411941,0.00039988380714,0.0036939989429,0.114382113798,0.10334260527,1,0.7,10,20,12,2,20,0.000361467789828,3.25321010846e-05,0.000361467789828,0.00512874536355,0.0029467258693,0.00201990377647,0.000361467789828,3.25321010846e-05,0.000361467789828,0.27604391184,0.500773130256,0.211576647533
788,0.0506439571687,0.232415310493,0.0368359347549,0.00839939121982,0.152018463105,0.0216063688018,0.0129190704069,0.061663667016,0.087202632692,0.27728377447,0.0394349349183,0.0195764949534,1,0.7,10,20,12,2,20,8.12545187274e-05,7.31290668547e-06,8.12545187274e-05,0.000418434834937,0.000657551347647,0.000158570771952,8.12545187274e-05,7.31290668547e-06,8.12545187274e-05,0.278742636128,0.505928409862,0.213754753167
789,0.0792102528151,0.0366464312434,0.00575115050429,0.0717815280787,0.0705255251174,0.059843370317,0.0168741543838,0.334788390238,0.0307240438596,0.164325865535,0.0657429884729,0.0637862994353,1,0.7,10,20,12,2,20,0.000141733363352,1.27560027017e-05,0.000141733363352,0.00689516256185,0.00167906398738,0.000767417663368,0.000141733363352,1.27560027017e-05,0.000141733363352,0.276378938397,0.501713161288,0.211973810644
790,0.112709222769,0.0597353222507,0.260955534636,0.00892346233937,0.0172072636703,0.0974185485511,0.0611571515339,0.0541197318253,0.00283502538546,0.0345377255494,0.17325185109,0.117149160399,1,0.7,10,20,12,2,20,0.000112346604648,1.01111944183e-05,0.000112346604648,0.00441208107101,0.00178436419344,0.000470619753226,0.000112346604648,1.01111944183e-05,0.000112346604648,0.277111856699,0.503164477663,0.212586991813
791,0.178398705575,0.0621511716179,0.0114685646049,0.210160836958,0.0304351963537,0.0134846134045,0.00295779008227,0.135448620881,0.161285321299,0.00234242055337,0.0910996973799,0.10076706129,1,0.7,10,20,12,2,20,0.000319583092641,2.87624783377e-05,0.000319583092641,0.00646928222872,0.00702429579172,0.00117352455278,0.000319583092641,2.87624783377e-05,0.000319583092641,0.274848382947,0.498522781829,0.210625875323
792,0.0373669449805,0.00448542522062,0.134671581822,0.250825862429,0.0258698063284,0.0103431886348,0.0467980013358,0.00343693390851,0.0215761239214,0.191879973163,0.23892779732,0.0338183609353,1,0.7,10,20,12,2,20,4.43993562085e-05,3.99594205876e-06,4.43993562085e-05,0.00289195154594,0.00140969023621,0.000178169783386,4.43993562085e-05,3.99594205876e-06,4.43993562085e-05,0.277975065499,0.504294926978,0.213064606648
793,0.238331602035,0.0100173516956,0.164682379474,0.059702492507,0.0449717704604,0.0515394842842,0.0452485264212,0.052930738076,0.0187315599508,0.0756213200015,0.223955036368,0.0142677387269,1,0.7,10,20,12,2,20,0.000175449136026,1.57904222423e-05,0.000175449136026,0.00642747414571,0.00135096432927,0.00231737516223,0.000175449136026,1.57904222423e-05,0.000175449136026,0.275981410532,0.501363373246,0.211826025196
794,0.0657581216215,0.283901849977,0.0386390919489,0.0167977449632,0.12940216552,0.00659818598087,0.0430717415164,0.0730418920089,0.18529664341,0.00438190355985,0.0936848123067,0.0594258471863,1,0.7,10,20,12,2,20,0.000655317532638,5.89785779375e-05,0.000655317532638,0.0298709876217,0.00572685321947,0.00957428804043,0.000655317532638,5.89785779375e-05,0.000655317532638,0.26594584027,0.48234994978,0.203792853782
795,0.103685567599,0.00758086564359,0.00229868073605,0.0181101527105,0.0714476699662,0.00885526087487,0.0152474853714,0.270025996676,0.216946173151,0.180508633318,0.0472073500683,0.0580861638854,1,0.7,10,20,12,2,20,0.000100348927603,9.03140348428e-06,0.000100348927603,0.00728073883464,0.00057498899344,0.00263678814473,0.000100348927603,9.03140348428e-06,0.000100348927603,0.276193833558,0.501155846715,0.211738345237
796,0.00951590804145,0.291070495763,0.128600364849,0.0142539625992,0.0137085297233,0.179760966805,0.109365366832,0.0257654034479,0.0664267333279,0.0385262003358,0.0655652617359,0.0574408065397,1,0.7,10,20,12,2,20,0.000481331424612,4.3319828215e-05,0.000481331424612,0.0112655559291,0.0105219341276,0.00182735522721,0.000481331424612,4.3319828215e-05,0.000481331424612,0.271947232571,0.493796806179,0.208629150611
797,0.0282020959151,0.0393510633278,0.0573113796687,0.115751402676,0.0183704675507,0.308837728331,0.0417649295272,0.0790509121065,0.0167105899032,0.0706566704747,0.162023900283,0.0619688602364,1,0.7,10,20,12,2,20,0.000230934274641,2.07840847177e-05,0.000230934274641,0.00417386747302,0.00312556910528,0.000567053350186,0.000230934274641,2.07840847177e-05,0.000230934274641,0.276756071062,0.502222941119,0.212189192623
798,0.0777298176141,0.0814549486895,0.0237798782201,0.123346513195,0.20883594844,0.0564930360376,0.0487959513142,0.00465992978061,0.0391836246017,0.132093181397,0.0238424378162,0.179784732895,1,0.7,10,20,12,2,20,5.55026712934e-05,4.9952404164e-06,5.55026712934e-05,0.0116442905054,0.000389833941771,0.000953754518005,5.55026712934e-05,4.9952404164e-06,5.55026712934e-05,0.275414188219,0.500081498524,0.211284433126
799,0.00687800180068,0.196775099707,0.00576826175956,0.0346472781822,0.0556439732707,0.102608969137,0.0157342105294,0.0667108093733,0.070494203269,0.0915883791384,0.110641814814,0.242508999019,1,0.7,10,20,12,2,20,2.80009104952e-05,2.52008194457e-06,2.80009104952e-05,0.000647907698787,6.45747418258e-05,0.000164600202316,2.80009104952e-05,2.52008194457e-06,2.80009104952e-05,0.279039027264,0.506127835703,0.213839010584
800,0.0336272271167,0.170389318624,0.00692499119695,0.0601788676007,0.0180634272392,0.00540756954581,0.157399408471,0.0728164885652,0.0180051308403,0.365024325247,0.0824164632923,0.00974678226086,1,0.7,10,20,12,2,20,6.12101304118e-05,5.50891173706e-06,6.12101304118e-05,0.00184424203324,0.000681165246713,0.000749511788209,6.12101304118e-05,5.50891173706e-06,6.12101304118e-05,0.278377684441,0.50480951715,0.213282020996
801,0.119207611575,0.104733617757,0.0832535760794,0.0600130492126,0.12160824076,0.00789319860242,0.00716394905724,0.0264838298778,0.00642072472291,0.199822289734,0.238514875077,0.0248850375457,1,0.7,10,20,12,2,20,7.35138297792e-07,6.61624468012e-08,7.35138297792e-07,6.37380877309e-06,6.3808189911e-06,1.40597596358e-06,7.35138297792e-07,6.61624468012e-08,7.35138297792e-07,0.279227347561,0.506682192589,0.214073226369
802,0.0111321429181,0.0585305545919,0.0502359555217,0.0564528001865,0.101007968519,0.272419838738,0.0958197461072,0.00419577685874,0.0559882207984,0.0734104223085,0.0253024732454,0.195504100207,1,0.7,10,20,12,2,20,0.000171422040775,1.54279836697e-05,0.000171422040775,0.000865323942298,0.000492914715731,0.000571739842891,0.000171422040775,1.54279836697e-05,0.000171422040775,0.27863213911,0.505252258881,0.213469079377
803,0.244138754869,0.103288151129,0.0866167696182,0.0204279694814,0.0692946795793,0.131039183428,0.00691043285659,0.152979783336,0.0644062830148,0.100278710389,0.0176760956461,0.00294318665343,1,0.7,10,20,12,2,20,0.000695334306253,6.25800875628e-05,0.000695334306253,0.00369680571277,0.0101631771622,0.000658118687361,0.000695334306253,6.25800875628e-05,0.000695334306253,0.27449759183,0.497769988898,0.210307820309
804,0.0955572905905,0.104651670069,0.0976025485618,0.0259330703065,0.101480101494,0.0127363793982,0.0159273845995,0.169247084019,0.0232776240361,0.177101729751,0.122436348984,0.0540487681903,1,0.7,10,20,12,2,20,7.0512341074e-05,6.34611069666e-06,7.0512341074e-05,0.00112033578782,0.00153031139252,0.000287934560186,7.0512341074e-05,6.34611069666e-06,7.0512341074e-05,0.278398609205,0.505003913862,0.213364153607
805,0.00212658395013,0.0082547576561,0.0963187847291,0.0923923678834,0.0333623346625,0.056580854278,0.152476535557,0.225202503241,0.00143357253582,0.00820432447892,0.202863047073,0.120784333955,1,0.7,10,20,12,2,20,3.68388801527e-07,3.31549921375e-08,3.68388801527e-07,1.62993630041e-05,1.52426024599e-06,7.45026622706e-07,3.68388801527e-07,3.31549921375e-08,3.68388801527e-07,0.278954993564,0.506871632985,0.214153264936
806,0.0721110982736,0.378950249711,0.206836537304,0.0585921399798,0.0538046078209,0.0414283882231,0.000265621288171,0.0627820510099,0.0353360006389,0.00223965886983,0.0287631023487,0.0588905445329,1,0.7,10,20,12,2,20,0.000444475481522,4.0002793337e-05,0.000444475481522,0.0329993698114,0.00545154648478,0.00465845030092,0.000444475481522,4.0002793337e-05,0.000444475481522,0.266169841073,0.484262133439,0.204600751378
807,0.0480810937357,0.0137412356373,0.115491324173,0.156370543138,0.00600592250269,0.0413676608261,0.164162995696,0.102974642961,0.0335320160929,0.154007236459,0.110829099215,0.053436229563,1,0.7,10,20,12,2,20,0.000215561543355,1.94005389019e-05,0.000215561543355,0.00617926584403,0.0027109006423,0.00103492854835,0.000215561543355,1.94005389019e-05,0.000215561543355,0.276390129477,0.501078192082,0.211705536155
808,0.0212927365957,0.0439496785133,0.0554083728816,0.0907674071721,0.0437147908586,0.0112794834311,0.115594467086,0.0169597288147,0.103240910445,0.126520742067,0.259627687819,0.111643994315,1,0.7,10,20,12,2,20,9.77525348658e-05,8.79772813792e-06,9.77525348658e-05,0.00902881155252,0.00133485496065,0.000404325354882,9.77525348658e-05,8.79772813792e-06,9.77525348658e-05,0.275940047954,0.501148228178,0.211735126405
809,0.200135677554,0.073169907297,0.00916503513068,0.201052995988,0.101125657554,0.120632445612,0.0163014452617,0.0604665043465,0.037177630013,0.097329204234,0.000906991331791,0.0825365056779,1,0.7,10,20,12,2,20,0.000355657723732,3.20091951359e-05,0.000355657723732,0.0174930040728,0.0121135408662,0.00138394498264,0.000355657723732,3.20091951359e-05,0.000355657723732,0.270027937727,0.490330350134,0.207164572932
810,0.172152895908,0.10617470207,0.034626722422,0.063736455049,0.0640645515803,0.177962790532,0.0507165413528,0.202262409575,0.011821142013,0.0360561865428,0.073312796684,0.00711280627134,1,0.7,10,20,12,2,20,0.000129191800576,1.16272620518e-05,0.000129191800576,0.00551245153607,0.00079387578572,0.000830601485625,0.000129191800576,1.16272620518e-05,0.000129191800576,0.277083939786,0.50280429503,0.21243481465
811,0.0761254758295,0.014155596161,0.0775233515432,0.131264885426,0.0647895448282,0.00415218367864,0.133862077367,0.182344400149,0.00929098108025,0.0193740284855,0.214508654056,0.0726088213953,1,0.7,10,20,12,2,20,6.71498642642e-05,6.04348778378e-06,6.71498642642e-05,0.00736178307126,0.00120290971147,0.000711255806558,6.71498642642e-05,6.04348778378e-06,6.71498642642e-05,0.276524101865,0.501876459131,0.212042803983
812,0.0785466527655,0.0497238611269,0.00640448423729,0.140046232949,0.0172597872156,0.351799997326,0.136946904984,0.0821477559394,0.0341068733411,0.0219983725227,0.0475250421382,0.0334940354547,1,0.7,10,20,12,2,20,1.45492848073e-06,1.30943563266e-07,1.45492848073e-06,1.08633460192e-05,2.11937318415e-05,1.46380233059e-06,1.45492848073e-06,1.30943563266e-07,1.45492848073e-06,0.279085438382,0.506766227864,0.214108731273
813,0.000319905908555,0.194817212684,0.0287610085262,0.0807191214738,0.0603736384216,0.0426998384343,0.116412645272,0.0265879315473,0.134365204605,0.141510997078,0.0546438715562,0.118788624493,1,0.7,10,20,12,2,20,0.000216498390516,1.94848551464e-05,0.000216498390516,0.00720661294677,0.000993510459374,0.00266406118846,0.000216498390516,1.94848551464e-05,0.000216498390516,0.275795955185,0.500832967977,0.21160192897
814,0.130255368757,0.103749199545,0.134856299989,0.00893279648851,0.0208136820127,0.0186133157749,0.0195628980936,0.263916171316,0.0211746573646,0.0204549071549,0.249250320464,0.00842038303896,1,0.7,10,20,12,2,20,0.000280600996187,2.52540896569e-05,0.000280600996187,0.00350308064764,0.00140057577236,0.000939703298488,0.000280600996187,2.52540896569e-05,0.000280600996187,0.277098111872,0.503258781192,0.212626835054
815,0.00170286320243,0.0726749458916,0.10507214123,0.0620355406423,0.0252001343176,0.0199833910447,0.0387100372431,0.125233138702,0.25385546322,0.0935344210761,0.138254722536,0.063743200894,1,0.7,10,20,12,2,20,0.000112654608086,1.01389147278e-05,0.000112654608086,0.00194295395179,0.00242814949133,0.000353630198654,0.000112654608086,1.01389147278e-05,0.000112654608086,0.277963428028,0.503930363493,0.212910578576
816,0.0133487984402,0.0942335106001,0.0561130825693,0.0173054384125,0.119384819364,0.0442014995576,0.281650564731,0.0630652505606,0.0875861614549,0.0218055013827,0.0492889528607,0.152016420067,1,0.7,10,20,12,2,20,5.59401134187e-06,5.03461020768e-07,5.59401134187e-06,1.73456461413e-05,4.48276967025e-05,1.65335347105e-05,5.59401134187e-06,5.03461020768e-07,5.59401134187e-06,0.279417929018,0.50648856319,0.213991417948
817,0.0536212477621,0.010144138723,0.144117637433,0.224698084492,0.141745731442,0.00364699582925,0.0518955965146,0.246559855275,0.0640204445042,0.00331380384181,0.0445953272792,0.0116411369039,1,0.7,10,20,12,2,20,0.000514403006509,4.62962705859e-05,0.000514403006509,0.0442359996209,0.00920170099459,0.00242344562188,0.000514403006509,4.62962705859e-05,0.000514403006509,0.262247247817,0.477849842797,0.201891558582
818,0.0143849085485,0.0959967298332,0.0156718168308,0.0694471338127,0.101247618495,0.0934570735539,0.18386629594,0.0803498749999,0.088480233621,0.0875057211544,0.166453157827,0.00313943538437,1,0.7,10,20,12,2,20,0.000210962112893,1.89865901604e-05,0.000210962112893,0.00656470048409,0.00117231408936,0.00213600556109,0.000210962112893,1.89865901604e-05,0.000210962112893,0.276330821175,0.501170008477,0.211744328581
819,0.148069643392,0.0136343709626,0.0555152434377,0.0141086303488,0.0520876851422,0.0627265465023,0.0112000060009,0.168558813418,0.187405714312,0.0819409874322,0.119420719107,0.0853316399442,1,0.7,10,20,12,2,20,9.31536316212e-05,8.3838268459e-06,9.31536316212e-05,0.000529215548014,0.000522225720206,0.000495071998062,9.31536316212e-05,8.3838268459e-06,9.31536316212e-05,0.27855356332,0.505807058864,0.21370348237
820,0.19323931545,0.0854592246103,0.141140343003,0.02570456979,0.042229907377,0.0242352661136,0.0874343844113,0.158775962705,0.0237321255864,0.0942857863168,0.102137460055,0.0216256545817,1,0.7,10,20,12,2,20,0.000617843465268,5.56059118741e-05,0.000617843465268,0.0279298198135,0.00406701910156,0.0028434111291,0.000617843465268,5.56059118741e-05,0.000617843465268,0.268776156901,0.487733572843,0.206067434526
821,0.0579506614073,0.0195078981336,0.0411748552431,0.019391639884,0.134171189334,0.0801369998903,0.158682708022,0.213284478753,0.0254302339813,0.0228690482812,0.162122292136,0.0652779949344,1,0.7,10,20,12,2,20,0.000119959350448,1.07963415404e-05,0.000119959350448,0.00299676996896,0.00165660128283,0.000569838939864,0.000119959350448,1.07963415404e-05,0.000119959350448,0.277756666179,0.503703826745,0.2128148668
822,4.81587132347e-05,0.116438655093,0.033955528254,0.0189592665067,0.268779512271,0.0832080660075,0.0410130279783,0.160659031318,0.0499688502263,0.0203633742122,0.00438903209731,0.202217497322,1,0.7,10,20,12,2,20,0.000269134061589,2.4222065543e-05,0.000269134061589,0.0105285027028,0.000752980827601,0.0035305335046,0.000269134061589,2.4222065543e-05,0.000269134061589,0.274574030459,0.498762019071,0.210726953057
823,0.0347343417145,0.048596661509,0.0207475279531,0.00265268084827,0.0780466839484,0.283658897552,0.0255432104395,0.0767115798898,0.0138905816984,0.0404218068954,0.0139553288859,0.361040698666,1,0.7,10,20,12,2,20,8.46726538808e-05,7.62053884927e-06,8.46726538808e-05,0.00597988253581,0.000639076572276,0.000467878037844,8.46726538808e-05,7.62053884927e-06,8.46726538808e-05,0.276968237951,0.503051664822,0.212539328387
824,0.00902780034494,0.0903411799904,0.0456214260738,0.0362074342791,0.0212269532612,0.00331810653651,0.0555327143588,0.130795393982,0.197932712864,0.229595133266,0.0316469290855,0.148754215957,1,0.7,10,20,12,2,20,0.000140708274704,1.26637447233e-05,0.000140708274704,0.00750925209196,0.00158347852071,0.000864561728593,0.000140708274704,1.26637447233e-05,0.000140708274704,0.276331368698,0.501316821352,0.211806357021
825,0.00781699543819,0.153497729602,0.125146086801,0.0698889123073,0.065518634602,0.133716287207,0.0749393500425,0.0524694284327,0.219421862889,0.0166005817399,0.0774055614093,0.0035785695296,1,0.7,10,20,12,2,20,0.00132463514013,0.000119217162612,0.00132463514013,0.0123517950374,0.0143750940092,0.00155833436884,0.00132463514013,0.000119217162612,0.00132463514013,0.269310143104,0.489889390928,0.206978267667
826,0.0300002087239,0.115470639199,0.00253173242839,0.0958000172531,0.111788169751,0.0604844071448,0.0998238580967,0.145483081128,0.0165182535856,0.0189268930838,0.197608756234,0.105563983371,1,0.7,10,20,12,2,20,0.000274144419434,2.46729977491e-05,0.000274144419434,0.0116450174389,0.00327421721358,0.00102804267753,0.000274144419434,2.46729977491e-05,0.000274144419434,0.27463901482,0.497903538964,0.210364245212
827,0.0666254457842,0.0593960115869,0.0157028582303,0.166966558137,0.0458063476892,0.184396917378,0.0803318584932,0.069737850701,0.059926062711,0.0633355317268,0.0315593294487,0.156215228113,1,0.7,10,20,12,2,20,0.000200052837331,1.80047553598e-05,0.000200052837331,0.0103157006208,0.00168695879196,0.00062059468424,0.000200052837331,1.80047553598e-05,0.000200052837331,0.275370561026,0.499943735689,0.211226228328
828,0.0778050781123,0.1660633148,0.0894126556875,0.0234654540511,0.0227673196366,0.129176971091,0.141742660689,0.0235646625141,0.0183944657557,0.232552399484,0.0588882545663,0.0161667636125,1,0.7,10,20,12,2,20,0.000144822409587,1.30340168628e-05,0.000144822409587,0.00262185188007,0.002473137202,0.00028434943104,0.000144822409587,1.30340168628e-05,0.000144822409587,0.27765730732,0.503590858696,0.212767137799
829,0.172667180495,0.0517362466466,0.196779578758,0.013370462586,0.0915627481836,0.104353386071,0.00672580774437,0.0213850200471,0.0400326812718,0.0270214970653,0.12919682918,0.145168561952,1,0.7,10,20,12,2,20,1.72270006723e-06,1.55043006051e-07,1.72270006723e-06,3.03692926867e-05,5.99412146285e-05,3.87055210387e-06,1.72270006723e-06,1.55043006051e-07,1.72270006723e-06,0.279021712434,0.506767596218,0.214109309402
830,0.193853360559,0.000799409943364,0.123856055887,0.221107109132,0.0479522681457,0.0338165075896,0.0278035134966,0.13563279649,0.0151046770744,0.155937092248,0.0241403193689,0.0199968900661,1,0.7,10,20,12,2,20,0.000235234343014,2.11710908713e-05,0.000235234343014,0.0124485105811,0.00272746302488,0.00120678044995,0.000235234343014,2.11710908713e-05,0.000235234343014,0.274350010249,0.497914907656,0.210369048485
831,0.155642615722,0.0627537164777,0.0808614816107,0.0174214760723,0.0307120184594,0.115944854128,0.0462771159253,0.0385775413701,0.00623402398998,0.0460465471764,0.0157431131626,0.383785495905,1,0.7,10,20,12,2,20,7.10520378794e-05,6.39468340914e-06,7.10520378794e-05,0.00246120897292,0.00138673212135,0.000420708315994,7.10520378794e-05,6.39468340914e-06,7.10520378794e-05,0.277987146978,0.504356559644,0.213090646449
832,0.0461915290375,0.00231709858708,0.0242562290508,0.0464736491513,0.280200029614,0.152312454275,0.0104511394141,0.00414025498077,0.0682294364046,0.125022595012,0.130216349169,0.110189235304,1,0.7,10,20,12,2,20,0.000145938822357,1.31344940121e-05,0.000145938822357,0.00404961551854,0.00208535343898,0.00113187540455,0.000145938822357,1.31344940121e-05,0.000145938822357,0.277056389715,0.502683122422,0.212383619223
833,0.160244677491,0.0266581890997,0.0545717702044,0.154129547674,0.152476955778,0.0496600839682,0.10594986562,0.0341391892426,0.0191471532374,0.17649844567,0.00385433343724,0.0626697885774,1,0.7,10,20,12,2,20,0.000219426269769,1.97483642792e-05,0.000219426269769,0.00592668031037,0.00102807655768,0.00185208760241,0.000219426269769,1.97483642792e-05,0.000219426269769,0.276537511095,0.501749344553,0.211989098074
834,0.113298189513,0.0117691456998,0.121036945461,0.0607258541088,0.0703622344162,0.0405588170595,0.0557164540905,0.0104271366105,0.316290640006,0.133045465943,0.0515318158179,0.0152373012738,1,0.7,10,20,12,2,20,0.000147572323521,1.32815091169e-05,0.000147572323521,0.00324681844788,0.00563704734919,0.000161727841514,0.000147572323521,1.32815091169e-05,0.000147572323521,0.276631197042,0.501726788757,0.21197956825
835,0.0056566185537,0.216857259354,0.0713455014584,0.0422954527684,0.04195644908,0.000488169871644,0.0576632790024,0.110910108708,0.146914775757,0.139671797073,0.162447139482,0.00379344889183,1,0.7,10,20,12,2,20,0.000113837754945,1.0245397945e-05,0.000113837754945,0.0051585288655,0.00330268428253,0.000501037586089,0.000113837754945,1.0245397945e-05,0.000113837754945,0.276814030409,0.50175597683,0.211991900211
836,0.131122662588,0.0139132023917,0.0802140399787,0.053051633388,0.0899906515001,0.00553522754743,0.0247591475744,0.0516091435092,0.368322900578,0.120586200544,0.0510025902371,0.00989260016398,1,0.7,10,20,12,2,20,8.6101910821e-06,7.74917197389e-07,8.6101910821e-06,1.90941551712e-05,4.27846972068e-05,0.00013040103252,8.6101910821e-06,7.74917197389e-07,8.6101910821e-06,0.2792216659,0.506537830311,0.214012233306
837,0.00456089000632,0.259603797266,0.0586108038072,0.0837066554461,0.10022030117,0.109793625514,0.0411674047571,0.00511343437405,0.151253131459,0.0471735323159,0.100173283305,0.0386231405799,1,0.7,10,20,12,2,20,0.000227507307439,2.04756576695e-05,0.000227507307439,0.00344650176191,0.00362135578822,0.000704237469237,0.000227507307439,2.04756576695e-05,0.000227507307439,0.27684668736,0.50223566754,0.212194569536
838,0.124657826963,0.208733329609,0.221480143371,0.0280431492021,0.0332810588915,0.0249181969999,0.0443309872396,0.0458496383642,0.150909911736,0.00404181075542,0.0312953988079,0.0824585480603,1,0.7,10,20,12,2,20,0.000911877789277,8.20690010349e-05,0.000911877789277,0.0125037901589,0.0122359909395,0.00207897736708,0.000911877789277,8.20690010349e-05,0.000911877789277,0.270672881243,0.49117519236,0.207521518772
839,0.20664427845,0.00461406986967,0.161340797629,0.0206065835068,0.130097327948,0.15581430669,0.0110912902192,0.0895548540609,0.0841497698496,0.0333849950236,0.102229985779,0.000471740974227,1,0.7,10,20,12,2,20,9.71119830903e-06,8.74007847812e-07,9.71119830903e-06,4.03389598961e-05,5.61417996767e-05,0.0001030556076,9.71119830903e-06,8.74007847812e-07,9.71119830903e-06,0.279105151025,0.506611402319,0.21404331748
840,0.0153245378411,0.128259181793,0.191378514474,0.0569353893136,0.131278236031,0.0292721382755,0.0211137989386,0.0211539017955,0.0903150841731,0.062352611754,0.121507916209,0.131108689402,1,0.7,10,20,12,2,20,9.4493171131e-05,8.50438540179e-06,9.4493171131e-05,0.00192613069706,0.00108676718333,0.000258784060328,9.4493171131e-05,8.50438540179e-06,9.4493171131e-05,0.278280999139,0.504781959554,0.213270377911
841,0.0265463474006,0.0792664377848,0.19336925685,0.176170565164,0.043878714692,0.0917167724932,0.0603918244446,0.00280331822822,0.0762939829896,0.196139442399,0.0498571592598,0.00356617829474,1,0.7,10,20,12,2,20,0.000205113232279,1.84601909052e-05,0.000205113232279,0.004619949869,0.0037524207515,0.00166820364351,0.000205113232279,1.84601909052e-05,0.000205113232279,0.276406072683,0.50101650597,0.211679473772
842,0.185657825338,0.201058991168,0.0179032322318,0.0370299777645,0.10326798785,0.0325496646131,0.0659436798793,0.0135882378139,0.0540367007241,0.0642912355622,0.0970327373403,0.127639729715,1,0.7,10,20,12,2,20,4.15435819233e-07,3.73892237309e-08,4.15435819233e-07,4.35274814355e-06,1.54138962808e-06,3.1290340748e-06,4.15435819233e-07,3.73892237309e-08,4.15435819233e-07,0.279368557586,0.506587474672,0.214033208049
843,0.0140479373813,0.00487483386296,0.0740257475279,0.0973264342627,0.0156159770188,0.0555533482612,0.0488180727642,0.28861347493,0.00399602654867,0.181506809126,0.139590715728,0.0760306225881,1,0.7,10,20,12,2,20,7.31691173693e-05,6.58522056324e-06,7.31691173693e-05,0.0047874730872,0.00135783042084,0.000274652204326,7.31691173693e-05,6.58522056324e-06,7.31691173693e-05,0.277169874986,0.503412528922,0.21269179347
844,0.0041013978827,0.0397833869452,0.0179375124856,0.0264423510604,0.107615577242,0.0651635069121,0.0395714871636,0.0516203769584,0.0965775078478,0.103214776864,0.299378660581,0.148593458056,1,0.7,10,20,12,2,20,3.617897757e-05,3.2561079813e-06,3.617897757e-05,0.00138212822455,0.000793896835309,0.000388141214388,3.617897757e-05,3.2561079813e-06,3.617897757e-05,0.278656436459,0.505186762137,0.213441407003
845,0.0313931016003,0.0247073161749,0.114413845835,0.104162243283,0.0231904081974,0.0297743824448,0.0238335047374,0.126568405672,0.176328359461,0.192841037217,0.13035361743,0.0224337779476,1,0.7,10,20,12,2,20,0.000172073823056,1.5486644075e-05,0.000172073823056,0.00540667736927,0.00151431973064,0.00176681122434,0.000172073823056,1.5486644075e-05,0.000172073823056,0.276737378518,0.501831665784,0.212023878794
846,0.0386491560413,0.0260980823713,0.0544625633555,0.12348301831,0.0107406086901,0.0620485952929,0.0962921188456,0.0103316118065,0.0458301086082,0.132711035558,0.105370452785,0.293982648335,1,0.7,10,20,12,2,20,2.48734259747e-05,2.23860833773e-06,2.48734259747e-05,0.000330251231527,0.000726936083694,9.69606912208e-05,2.48734259747e-05,2.23860833773e-06,2.48734259747e-05,0.279005294054,0.50596596627,0.213770620749
847,0.0498577225571,0.00857273850701,0.0399983669464,0.0187435990743,0.0240110362814,0.171481051418,0.0150144489054,0.280645092777,0.233240790489,0.125542936768,0.00703463878166,0.0258575774955,1,0.7,10,20,12,2,20,0.000502159922978,4.51943930681e-05,0.000502159922978,0.0179256459351,0.00356185975123,0.0084757541792,0.000502159922978,4.51943930681e-05,0.000502159922978,0.270414154074,0.490350479847,0.207173077735
848,0.25511995513,0.099259637735,0.0602077230733,0.0475350973325,0.000649606281118,0.036185897934,0.0396233610622,0.192419484566,0.0150485147725,0.0196228417732,0.188391623168,0.0459362571721,1,0.7,10,20,12,2,20,0.000117492471955,1.05743224759e-05,0.000117492471955,0.00760197458851,0.00187872567448,0.00071170042212,0.000117492471955,1.05743224759e-05,0.000117492471955,0.27607399077,0.501400695966,0.211841794046
849,0.0369238673872,0.0942790341333,0.110561311957,0.183418157,0.0434221993041,0.0601524627359,0.0908330742199,0.0232604722165,0.114281185019,0.10393792729,0.1123337815,0.0265965272375,1,0.7,10,20,12,2,20,0.000345831233158,3.11248109842e-05,0.000345831233158,0.0172171576317,0.00593290112948,0.00181883457875,0.000345831233158,3.11248109842e-05,0.000345831233158,0.27147982882,0.493571671905,0.20853403138
850,0.153503996791,0.0499892664844,0.00181474758242,0.0210702176859,0.111138234003,0.00518642136594,0.259044727409,0.027341785332,0.0358076859215,0.094364334243,0.14465124621,0.0960873369718,1,0.7,10,20,12,2,20,0.000131501939053,1.18351745147e-05,0.000131501939053,0.00318708404996,0.00145155172126,0.00113792656802,0.000131501939053,1.18351745147e-05,0.000131501939053,0.277319270393,0.503588393084,0.212766096078
851,0.0930229947251,0.025845153462,0.153339817755,0.0817175072729,0.0190252257208,0.296816179952,0.00493973074272,0.00238449463442,0.0399697490286,0.0737456753584,0.08085110366,0.128342367688,1,0.7,10,20,12,2,20,0.000163305538568,1.46974984712e-05,0.000163305538568,0.0017583105771,0.00205456377398,0.00106997386565,0.000163305538568,1.46974984712e-05,0.000163305538568,0.277582603937,0.503938088362,0.212913842333
852,0.0429043550215,0.209776514901,0.129872980841,0.0569233311309,0.0395785582272,0.202636946623,0.00573124785095,0.152789958053,0.00124194274079,0.0118979346995,0.121129810331,0.0255164195793,1,0.7,10,20,12,2,20,0.000628775918277,5.65898326449e-05,0.000628775918277,0.00827116627749,0.0033200262842,0.00624005529795,0.000628775918277,5.65898326449e-05,0.000628775918277,0.273512956369,0.496328655489,0.209698856944
853,0.0525649057095,0.0255666951017,0.298325966963,0.0422190730856,0.0240537454427,0.0298664291191,0.0546088328178,0.0603167300181,0.0874766326634,0.195990992042,0.0881125658593,0.0408974311777,1,0.7,10,20,12,2,20,0.000101962735793,9.17664622135e-06,0.000101962735793,0.00118494206798,0.000561633226673,0.000552746633952,0.000101962735793,9.17664622135e-06,0.000101962735793,0.27859584524,0.505222234514,0.213456394082
854,0.0170132201224,0.0370371738538,0.0738789802565,0.0191385792034,0.0695275110418,0.0972471315665,0.0160268146833,0.0922237739798,0.0258577239296,0.348185807522,0.151046258568,0.0528170252723,1,0.7,10,20,12,2,20,1.34751099108e-06,1.21275989198e-07,1.34751099108e-06,1.05512607894e-05,4.07183269206e-05,1.1031965651e-06,1.34751099108e-06,1.21275989198e-07,1.34751099108e-06,0.279353424264,0.506564900075,0.214023670282
855,0.0768994765179,0.00772770598624,0.0134385706444,0.155311167284,0.174725661484,0.163333562871,0.0339713254323,0.103291751733,0.0582163382442,0.171606253432,0.0136579328541,0.0278202535167,1,0.7,10,20,12,2,20,0.000229662256586,2.06696030927e-05,0.000229662256586,0.00237853733757,0.00403094482657,0.000964741976724,0.000229662256586,2.06696030927e-05,0.000229662256586,0.277037109465,0.502375169182,0.21225350898
856,0.0130505149489,0.0401571134557,0.0287207760054,0.0662610861782,0.0184473509746,0.118772774067,0.0632706863337,0.271303652437,0.134961814341,0.190680123823,0.0354796129413,0.018894494495,1,0.7,10,20,12,2,20,0.000377555873716,3.39800286345e-05,0.000377555873716,0.00430615529615,0.000776190140315,0.00159790842465,0.000377555873716,3.39800286345e-05,0.000377555873716,0.276978910342,0.502469351314,0.21229330093
857,0.022791439845,0.0896797294833,0.0921401526777,0.0454775162341,0.0856480343395,0.0550645467386,0.0124926178286,0.214169343212,0.031093776314,0.127621837667,0.0930344551452,0.130786550515,1,0.7,10,20,12,2,20,0.000211634749498,1.90471274548e-05,0.000211634749498,0.00411272661312,0.00125629784522,0.00114933624695,0.000211634749498,1.90471274548e-05,0.000211634749498,0.277158624326,0.502944380819,0.212494000896
858,0.212095701192,0.0640767508241,0.00904515888458,0.103175651809,0.162327566321,0.0357580445993,0.0318095531567,0.0242285518047,0.0591517204497,0.0509222924536,0.195721467965,0.0516875405407,1,0.7,10,20,12,2,20,0.000139449397278,1.2550445755e-05,0.000139449397278,0.00461103029604,0.00327581131952,0.00120290304031,0.000139449397278,1.2550445755e-05,0.000139449397278,0.276304446874,0.501949321609,0.21207358838
859,0.0509435679196,0.0427850661263,0.157969240128,0.160838744809,0.0677842881722,0.110702099009,0.0241788213761,0.0592134677846,0.0623633670319,0.139611505376,0.0665587712405,0.0570510610264,1,0.7,10,20,12,2,20,0.000254675391135,2.29207852022e-05,0.000254675391135,0.0051788606045,0.00280735917468,0.00150588183092,0.000254675391135,2.29207852022e-05,0.000254675391135,0.276057427074,0.501501531234,0.211884396947
860,0.137473804506,0.173820106815,0.140189267425,0.0171933418587,0.00379813264697,0.15836510676,0.0291085749377,0.069330935113,0.0257267947481,0.0790974993643,0.124380496284,0.0415159395419,1,0.7,10,20,12,2,20,1.92485861021e-07,1.73237274919e-08,1.92485861021e-07,9.55896424984e-06,1.09272099023e-06,8.42258503427e-07,1.92485861021e-07,1.73237274919e-08,1.92485861021e-07,0.279094564992,0.506779006308,0.214114130165
861,0.0213846166714,0.0373345937727,0.00412332288181,0.0100352074814,0.0871044463542,0.335001129726,0.0447314520943,0.113071048322,0.0270133548531,0.1601079502,0.134395710705,0.0256971669383,1,0.7,10,20,12,2,20,8.29311506269e-07,7.46380355642e-08,8.29311506269e-07,7.95959043578e-06,8.44213319592e-06,1.3438207722e-06,8.29311506269e-07,7.46380355642e-08,8.29311506269e-07,0.279277481898,0.50664415187,0.214057154165
862,0.0413573967384,0.192833747518,0.0136850045946,0.250817974279,0.0187440185365,0.160985657729,0.0201428497921,0.0186247557339,0.106786079144,0.0125905166885,0.00624763793921,0.157184361307,1,0.7,10,20,12,2,20,0.000191553602896,1.72398242606e-05,0.000191553602896,0.000896577934812,0.00476281379384,0.000267764159446,0.000191553602896,1.72398242606e-05,0.000191553602896,0.277301625391,0.503318470763,0.212652053897
863,0.0109449686058,0.139842496273,0.00147310659163,0.0935382812629,0.021436480435,0.087163223726,0.367023311256,0.0260032409122,0.0786063369028,0.00967392456271,0.0325199487004,0.131774680772,1,0.7,10,20,12,2,20,4.12007090068e-06,3.70806381061e-07,4.12007090068e-06,1.38237099576e-05,8.43389845321e-05,4.55632484264e-06,4.12007090068e-06,3.70806381061e-07,4.12007090068e-06,0.279381615851,0.506501541816,0.213996901417
864,0.00898119673486,0.0194732489449,0.135096947631,0.0261830993313,0.0283846256635,0.0926790778875,0.100013586165,0.0390367042071,0.0107212524893,0.0327821807145,0.18951708728,0.31713099295,1,0.7,10,20,12,2,20,3.82416428453e-07,3.44174785607e-08,3.82416428453e-07,6.12768208114e-06,3.73973637062e-06,4.92848417739e-07,3.82416428453e-07,3.44174785607e-08,3.82416428453e-07,0.279271801157,0.506654650317,0.214061589759
865,0.0826678197822,0.00929472874086,0.0350988940146,0.0692070852383,0.195784140159,0.129958484738,0.0400043169964,0.146208448598,0.16459992432,0.109169592135,0.00584399631908,0.0121625689592,1,0.7,10,20,12,2,20,0.000528467240284,4.75620516255e-05,0.000528467240284,0.00170579042865,0.00537100904753,0.00161923080483,0.000528467240284,4.75620516255e-05,0.000528467240284,0.276180813838,0.501169885987,0.21174427683
866,0.160969196769,0.000308979841734,0.10905470022,0.0241077573057,0.0814165544563,0.0345274969601,0.00821028110048,0.0657251407541,0.0203755145684,0.137365555018,0.168114619852,0.189824203154,1,0.7,10,20,12,2,20,1.97462505477e-05,1.77716254929e-06,1.97462505477e-05,0.00022222015567,0.000628236983751,6.86820168223e-05,1.97462505477e-05,1.77716254929e-06,1.97462505477e-05,0.278946060285,0.506187881357,0.213864379874
867,0.00223438738251,0.0911113157984,0.0304334387807,0.18574354668,0.0745171283148,0.0318024349975,0.0339228346702,0.0795935885233,0.0524218262748,0.0713144110044,0.145910462055,0.200994625518,1,0.7,10,20,12,2,20,0.000126686553245,1.14017897921e-05,0.000126686553245,0.00345595289109,0.00175941805361,0.00079317104266,0.000126686553245,1.14017897921e-05,0.000126686553245,0.277154962165,0.503554970865,0.21275197519
868,0.0833400344978,0.0339413175375,0.134889188475,0.0953018968681,0.0554603784659,0.0326295193135,0.084537882022,0.13667126762,0.0907061168436,0.148189012444,0.00981963434785,0.0945137515651,1,0.7,10,20,12,2,20,1.06833086085e-06,9.61497774766e-08,1.06833086085e-06,9.92000623304e-06,3.8348493081e-06,2.39219274466e-05,1.06833086085e-06,9.61497774766e-08,1.06833086085e-06,0.279220400462,0.506669565647,0.214067891486
869,0.0181528446982,0.174289450997,0.163032889386,0.00393714130103,0.188275454816,0.0940285699841,0.0473112706517,0.0139406172495,0.213632914336,0.00559924797534,0.0213622515664,0.0564373470383,1,0.7,10,20,12,2,20,0.00106838253912,9.61544285207e-05,0.00106838253912,0.020457841875,0.00450950621417,0.00875564027757,0.00106838253912,9.61544285207e-05,0.00106838253912,0.268318415896,0.487516876432,0.205975880292
870,0.113652387701,0.00343118670573,0.0153958859891,0.204164838943,0.116381395443,0.0619014508186,0.116193108245,0.0179629083671,0.19880588927,0.0934249837785,0.0509628225601,0.00772314217777,1,0.7,10,20,12,2,20,0.000181455474526,1.63309927073e-05,0.000181455474526,0.0248549706961,0.00320458185541,0.000816388240446,0.000181455474526,1.63309927073e-05,0.000181455474526,0.270631734328,0.491904281895,0.207829559101
871,0.0528105781846,0.0275371995601,0.060949520639,0.000885242151832,0.0420597558189,0.0813222919648,0.00499097845271,0.151147011368,0.171683176985,0.0696964558664,0.20811703496,0.128800754048,1,0.7,10,20,12,2,20,6.42890424554e-05,5.78601382099e-06,6.42890424554e-05,0.00691329672346,0.000674190776818,0.000630750696254,6.42890424554e-05,5.78601382099e-06,6.42890424554e-05,0.276925130008,0.502346505166,0.212241398432
872,0.00187263708634,0.026882511478,0.00295011584712,0.0171544645788,0.167923870488,0.257554251099,0.015441615994,0.0168085667932,0.167631400162,0.0491433111526,0.151722095217,0.124915160104,1,0.7,10,20,12,2,20,0.000155721676165,1.40149508548e-05,0.000155721676165,0.00905717670942,0.00232020006727,0.0014036858002,0.000155721676165,1.40149508548e-05,0.000155721676165,0.275500964993,0.499871392495,0.211195663329
873,0.0159013674438,0.0565339277404,0.0420537272503,0.242201187427,0.0088340527788,0.0370724705226,0.0914104322589,0.170832394279,0.125745145882,0.10118571308,0.0588515381622,0.0493780431747,1,0.7,10,20,12,2,20,0.000506163945549,4.55547550994e-05,0.000506163945549,0.0148646109958,0.00439563829757,0.00406579375489,0.000506163945549,4.55547550994e-05,0.000506163945549,0.271998868482,0.493890561109,0.208668762069
874,0.0122548476716,0.0410345467746,0.0427369811568,0.0159611165104,0.0885087342329,0.0404621309277,0.0132879468529,0.19146887047,0.28631061106,0.204754764767,0.0238279357608,0.0393915138164,1,0.7,10,20,12,2,20,0.000151493033024,1.36343729721e-05,0.000151493033024,0.000850266515699,0.00114902394271,0.000426347407246,0.000151493033024,1.36343729721e-05,0.000151493033024,0.27820249782,0.505264410149,0.213474213288
875,0.0884960571553,0.0792447021832,0.0313727114549,0.0690495617729,0.286402243997,0.0437642040626,0.0196705738879,0.126423372018,0.0100175389066,0.17093602595,0.0105389342605,0.0640840743508,1,0.7,10,20,12,2,20,0.00015205792074,1.36852128666e-05,0.00015205792074,0.000732606134252,0.0019919716649,8.02976236787e-05,0.00015205792074,1.36852128666e-05,0.00015205792074,0.278244082516,0.504966917366,0.213348522587
876,0.18450644267,0.0391846443553,0.0189483028636,0.0919751877117,0.0559859567953,0.0673201595709,0.0414346967494,0.0738718053965,0.0674633663599,0.0408139772754,0.0922299507349,0.226265509517,1,0.7,10,20,12,2,20,1.6031606183e-06,1.44284455647e-07,1.6031606183e-06,1.4772783513e-05,1.6494036106e-05,4.94424796163e-06,1.6031606183e-06,1.44284455647e-07,1.6031606183e-06,0.279121078673,0.506738846431,0.214097162617
877,0.132291515623,0.00361654227943,0.149002452645,0.0374211220096,0.0438164299867,0.136724261295,0.042217444495,0.0262884761062,0.0104205123859,0.0292833477611,0.297607631726,0.0913102636869,1,0.7,10,20,12,2,20,8.11046145781e-05,7.29941531203e-06,8.11046145781e-05,0.00959674775917,0.000917492821915,0.000435680853481,8.11046145781e-05,7.29941531203e-06,8.11046145781e-05,0.27608942004,0.500964246915,0.211657394322
878,0.123185482717,0.0505871008879,0.0812525572222,0.214289642753,0.0645587466581,0.0134851720504,0.117222619108,0.0358302643722,0.0678419512063,0.0069311549266,0.167172765786,0.0576425423129,1,0.7,10,20,12,2,20,0.000127876452677,1.15088807409e-05,0.000127876452677,0.000381794431106,0.00239461137064,0.000111938873533,0.000127876452677,1.15088807409e-05,0.000127876452677,0.278270001898,0.504961075469,0.213346054386
879,0.0200589517486,0.128606731832,0.0834497514703,0.159761890286,0.0134716097677,0.133559798154,0.0387047864018,0.107834194863,0.0550803775756,0.00637944165012,0.032889280924,0.220203185328,1,0.7,10,20,12,2,20,0.000167521991514,1.50769792362e-05,0.000167521991514,0.00429942126229,0.00123942237803,0.00380092433478,0.000167521991514,1.50769792362e-05,0.000167521991514,0.276422310946,0.501608210302,0.211929468853
880,0.0348064789104,0.0757176097567,0.0244168495195,0.0751583881177,0.074673330273,0.157764041774,0.202508425585,0.016336644913,0.053654170169,0.105018830303,0.0634315608903,0.116513669789,1,0.7,10,20,12,2,20,0.000146461132031,1.31815018828e-05,0.000146461132031,0.00872074025163,0.00104233150995,0.00133908524576,0.000146461132031,1.31815018828e-05,0.000146461132031,0.276066609535,0.500681213305,0.211537812621
881,0.0396437843189,0.0656757367782,0.0309326665506,0.0252835747702,0.0227627396381,0.044028445193,0.065654575836,0.258868276095,0.124480404849,0.0821347104207,0.0400564520272,0.200478633523,1,0.7,10,20,12,2,20,0.000107296203132,9.65665828188e-06,0.000107296203132,0.0117263870352,0.000856873386969,0.000908977207604,0.000107296203132,9.65665828188e-06,0.000107296203132,0.27516886896,0.499747202306,0.211143192974
882,0.115532863831,0.184360526973,0.0573094701072,0.0524673956952,0.0437116431667,0.0856267824337,0.0348822246439,0.110242939172,0.00260305244241,0.0375767487276,0.254932044646,0.0207543081609,1,0.7,10,20,12,2,20,7.07534803658e-05,6.36781323292e-06,7.07534803658e-05,0.00416501434775,0.00174083239928,0.0001034593744,7.07534803658e-05,6.36781323292e-06,7.07534803658e-05,0.277268939251,0.503638667895,0.212787337185
883,0.0044627618705,0.140325982972,0.0341653440682,0.173172490837,0.269851443751,0.159818701385,0.0259174873978,0.03246798947,0.00638723554321,0.0283824001919,0.12100723159,0.00404093092322,1,0.7,10,20,12,2,20,0.000661473273924,5.95325946532e-05,0.000661473273924,0.0116919364631,0.0103466636163,0.00138074549798,0.000661473273924,5.95325946532e-05,0.000661473273924,0.272050367002,0.493332393066,0.20843293607
884,0.104079093115,0.00603116893711,0.209760964505,0.126303331918,0.00473307160134,0.00294806754885,0.114784165557,0.0187755733397,0.263207673107,0.0969449996825,0.0250935048264,0.0273383858626,1,0.7,10,20,12,2,20,0.000514810251295,4.63329226165e-05,0.000514810251295,0.0085510529781,0.00290397969729,0.00071773653999,0.000514810251295,4.63329226165e-05,0.000514810251295,0.275087675146,0.499534375246,0.211053273542
885,0.194777112577,0.0256364200346,0.0315166946421,0.0334549185504,0.0230106459371,0.0271473301331,0.0307497203203,0.226189741871,0.18103952809,0.0136356779324,0.175761091461,0.0370811184515,1,0.7,10,20,12,2,20,0.000222653238242,2.00387914418e-05,0.000222653238242,0.00140849806192,0.00265030931387,0.000189992494923,0.000222653238242,2.00387914418e-05,0.000222653238242,0.277659943094,0.504155055536,0.213005510964
886,0.0979116501625,0.0827325524851,0.0282164548279,0.0675077267998,0.376458204689,0.0172848581825,0.0988631172117,0.120802547106,0.0153582422658,0.0468506161102,0.0344223371449,0.0135916930138,1,0.7,10,20,12,2,20,0.000901641113124,8.11477001812e-05,0.000901641113124,0.00661590357927,0.0042630193965,0.0169957902255,0.000901641113124,8.11477001812e-05,0.000901641113124,0.270331906454,0.49070265061,0.207321869883
887,0.0100857432965,0.400375489443,0.0407691720607,0.0270586815941,0.0362487664883,0.0782997914247,0.0333694075858,0.0225681647973,0.0341245984516,0.0893661327397,0.209081035695,0.0186530164231,1,0.7,10,20,12,2,20,8.64868824396e-05,7.78381941956e-06,8.64868824396e-05,0.00681058192522,0.000718714153319,0.000638907648054,8.64868824396e-05,7.78381941956e-06,8.64868824396e-05,0.276681885774,0.502487448387,0.212300946944
888,0.0436572150117,0.0696691017287,0.155309658027,0.0967455207159,0.0517029248249,0.00393256676415,0.2120486189,0.0447432140836,0.152490309311,0.0326920565192,0.0391076699058,0.0979011442076,1,0.7,10,20,12,2,20,2.56012474838e-06,2.30411227354e-07,2.56012474838e-06,1.29792224635e-05,1.67175898483e-05,1.35092270039e-05,2.56012474838e-06,2.30411227354e-07,2.56012474838e-06,0.279266471429,0.506628907705,0.214050713505
889,0.276039034773,0.00118098716249,0.103472656965,0.052270776114,0.0127500709658,0.0686911276532,0.0242499197575,0.011306134083,0.00608157246513,0.283428546387,0.116347146916,0.0441820267577,1,0.7,10,20,12,2,20,4.58948150144e-05,4.1305333513e-06,4.58948150144e-05,0.00209055199486,0.000719947908988,0.000342463343614,4.58948150144e-05,4.1305333513e-06,4.58948150144e-05,0.278329079465,0.504974423171,0.21335169379
890,0.0131538147478,0.0275480030795,0.0794527332368,0.013061276102,0.0127126391671,0.138040240065,0.109096770554,0.23111913732,0.162752051892,0.0427519221471,0.0112071736552,0.159104238033,1,0.7,10,20,12,2,20,0.000352228153381,3.17005338043e-05,0.000352228153381,0.010858643982,0.00419394765496,0.00288254269287,0.000352228153381,3.17005338043e-05,0.000352228153381,0.273943609755,0.496765512994,0.20988342924
891,0.0135706143937,0.0752637470553,0.23234031783,0.0573719307878,0.141419393708,0.0978166215647,0.0435842310435,0.0373852709125,0.0936672938507,0.0295280705813,0.0184781145509,0.159574393722,1,0.7,10,20,12,2,20,0.000327204824406,2.94484341966e-05,0.000327204824406,0.00308594881147,0.00230278452113,0.0017676468122,0.000327204824406,2.94484341966e-05,0.000327204824406,0.276845613966,0.50237630209,0.212253987633
892,0.299011738437,0.0936060567039,0.065029227697,0.036399928898,0.0162443737272,0.141948771411,0.0972250442283,0.0202955826197,0.0486534728173,0.0528599677549,0.112498681308,0.0162271543971,1,0.7,10,20,12,2,20,0.000315159949314,2.83643954383e-05,0.000315159949314,0.00783050856517,0.00468580398841,0.000860508782013,0.000315159949314,2.83643954383e-05,0.000315159949314,0.274998248538,0.499337477356,0.210970084183
893,0.0849489163889,0.0496328378836,0.0788202876167,0.171768044114,0.0220082089586,0.0148981165855,0.000661348757772,0.127461963939,0.0359508356361,0.167256221845,0.0884122214005,0.158180996875,1,0.7,10,20,12,2,20,8.71498281154e-08,7.84348453039e-09,8.71498281154e-08,5.00280521622e-06,2.01199853682e-06,2.05043154344e-07,8.71498281154e-08,7.84348453039e-09,8.71498281154e-08,0.279325896591,0.506619697207,0.21404682207
894,0.0251217015872,0.0356887732963,0.104768020154,0.120528183791,0.177894831211,0.0943651326419,0.0638565384683,0.291429914139,0.00941861893706,0.030823459597,0.0367127013266,0.009392124851,1,0.7,10,20,12,2,20,0.00163116631911,0.00014680496872,0.00163116631911,0.0386423639082,0.0166587769584,0.017199945019,0.00163116631911,0.00014680496872,0.00163116631911,0.257172615306,0.466437977923,0.197070045672
895,0.0687150330799,0.117588269998,0.0368492791095,0.0348471061257,0.0224590376303,0.0996995887772,0.185717531679,0.125225797109,0.02512130005,0.237804023408,0.0117856599055,0.0341873731288,1,0.7,10,20,12,2,20,0.000158305739682,1.42475165714e-05,0.000158305739682,0.00116380580148,0.00122155271022,0.000337238822598,0.000158305739682,1.42475165714e-05,0.000158305739682,0.278419947362,0.504882767882,0.21331296943
896,0.0429254742497,0.125918399001,0.090029936442,0.390471294641,0.0334445087274,0.0791858768642,0.0453497537948,0.0507914070865,0.00542883022449,0.0701510608679,0.0217089694406,0.0445944886604,1,0.7,10,20,12,2,20,0.000382738111905,3.44464300714e-05,0.000382738111905,0.016735512812,0.00257006953779,0.00127066341838,0.000382738111905,3.44464300714e-05,0.000382738111905,0.272804806067,0.495619755963,0.209399346894
897,0.134390367706,0.0917639937729,0.0678715579091,0.0275050912611,0.37354794855,0.0198598338139,0.0679149210546,0.00251983128511,0.106231406433,0.00901382287952,0.0335551621306,0.0658260632044,1,0.7,10,20,12,2,20,0.000795072528028,7.15565275225e-05,0.000795072528028,0.0246344399122,0.00632422393992,0.00519525324976,0.000795072528028,7.15565275225e-05,0.000795072528028,0.267886718032,0.486914560069,0.205721401629
898,0.149372690442,0.0339836030529,0.283633799359,0.057596455046,0.015559303046,0.0268499556475,0.000265125917414,0.0329457460015,0.114104610831,0.0128661053207,0.221379415125,0.0514431902107,1,0.7,10,20,12,2,20,0.000119392752093,1.07453476884e-05,0.000119392752093,0.00610615605866,0.00158788081402,0.000825657962781,0.000119392752093,1.07453476884e-05,0.000119392752093,0.276337988506,0.502385416488,0.212257838466
899,0.204321035924,0.00648621536207,0.0329906105202,0.0170220010686,0.0325662400913,0.0361210778957,0.20897647242,0.018598336447,0.132335009931,0.1100928328,0.146694529385,0.0537956381555,1,0.7,10,20,12,2,20,0.000113986949667,1.025882547e-05,0.000113986949667,0.00130887726706,0.00161163534839,0.000365361326509,0.000113986949667,1.025882547e-05,0.000113986949667,0.278363905776,0.50465641816,0.213217336673
900,0.0189459908963,0.0181882339548,0.13958938156,0.070027169345,0.0630408597746,0.00745372991423,0.184287237944,0.15604060813,0.121665364417,0.12582240168,0.0121476592599,0.0827913631249,1,0.7,10,20,12,2,20,5.66302003784e-05,5.09671803406e-06,5.66302003784e-05,0.000454745259809,0.000753450924622,0.000377766928608,5.66302003784e-05,5.09671803406e-06,5.66302003784e-05,0.278752431519,0.505746847895,0.213678043236
901,0.0279347951424,0.150847058634,0.100312903038,0.191875389365,0.0123319072302,0.00396434015498,0.0181885231347,0.279445047126,0.032468537887,0.0336665372788,0.131228468375,0.0177364926338,1,0.7,10,20,12,2,20,0.000653123472201,5.87811124981e-05,0.000653123472201,0.0245373592195,0.0075253125418,0.00213147476618,0.000653123472201,5.87811124981e-05,0.000653123472201,0.26895665953,0.487957214642,0.206161923186
902,0.041395742592,0.0563460763244,0.0505680073393,0.115365221873,0.0245928940655,0.0455591222709,0.192964548745,0.222278212479,0.0349249711625,0.0989403963604,0.0432916538499,0.0737731529375,1,0.7,10,20,12,2,20,8.46534176967e-05,7.6188075927e-06,8.46534176967e-05,0.00608141069672,0.00188288540416,0.00143918995345,8.46534176967e-05,7.6188075927e-06,8.46534176967e-05,0.276484397977,0.501763279214,0.211994985468
903,0.161981656589,0.0638358639088,0.0213123759411,0.24781864284,0.0448427699945,0.0219988661593,0.140110170345,0.00247754752387,0.0122364981666,0.0765822499099,0.176689112238,0.0301142463835,1,0.7,10,20,12,2,20,0.000222237529964,2.00013776968e-05,0.000222237529964,0.00429838104343,0.00121431544712,0.000922262524358,0.000222237529964,2.00013776968e-05,0.000222237529964,0.27712623597,0.502994623648,0.212515228491
904,0.107334623048,0.194990241654,0.0189847555655,0.0733786091577,0.192041593413,0.0751493507514,0.0486704938094,0.0239342193963,0.0218765949296,0.124427235576,0.0675948578481,0.0516174248507,1,0.7,10,20,12,2,20,0.000233775775116,2.10398197604e-05,0.000233775775116,0.0118686542821,0.00118894805704,0.00232562040558,0.000233775775116,2.10398197604e-05,0.000233775775116,0.274527453929,0.498497111133,0.210615029454
905,0.0399714311193,0.0914032539004,0.0490231714678,0.0134199562883,0.0986093379753,0.0540960477654,0.145130152422,0.0119594081665,0.045298706393,0.167144088639,0.0783138040015,0.205630641862,1,0.7,10,20,12,2,20,5.72655740787e-05,5.15390166708e-06,5.72655740787e-05,0.00153281639245,0.000524866818965,8.89090002946e-05,5.72655740787e-05,5.15390166708e-06,5.72655740787e-05,0.278565336647,0.50548239089,0.213566310151
906,0.0906738818257,0.100203370507,0.00722175173037,0.0125170274467,0.0513942973779,0.0690303273094,0.203678698169,0.00434031576359,0.454181269507,5.25444229017e-05,0.00429456307983,0.0024119528612,1,0.7,10,20,12,2,20,6.92384286578e-05,6.23145857921e-06,6.92384286578e-05,0.000542223682396,0.0042512788592,0.000256268431694,6.92384286578e-05,6.23145857921e-06,6.92384286578e-05,0.277595119434,0.504088360605,0.212977332356
907,0.0512269068352,0.301114778206,0.0703075191411,0.0333095854743,0.0360838277827,0.0157550598574,0.129228119547,0.0247619986229,0.133653122231,0.0859355664529,0.0688134270236,0.0498100888261,1,0.7,10,20,12,2,20,0.000282567906415,2.54311115774e-05,0.000282567906415,0.0135360420549,0.000973990006258,0.0029406084781,0.000282567906415,2.54311115774e-05,0.000282567906415,0.273704625828,0.497478804769,0.210184795015
908,0.0629192047806,0.127148426983,0.00215069877413,0.0330672272694,0.0192898646702,0.287323141452,0.105155298111,0.0203148208765,0.0613866344433,0.0420639468807,0.185922239957,0.0532584958029,1,0.7,10,20,12,2,20,0.000115921252986,1.04329127687e-05,0.000115921252986,0.00641855524688,0.00219403346453,0.000587093719002,0.000115921252986,1.04329127687e-05,0.000115921252986,0.276575027464,0.501750959064,0.211989780205
909,0.162711330429,0.0101343950389,0.0328054142045,0.0231517278934,0.122379704735,0.0520695417494,0.335688723099,0.102303029837,0.116996440608,0.000523814273346,0.029336863865,0.0118990142667,1,0.7,10,20,12,2,20,0.00105163176059,9.46468584528e-05,0.00105163176059,0.0861351997049,0.0100308386727,0.00436602536738,0.00105163176059,9.46468584528e-05,0.00105163176059,0.248741496935,0.454362473505,0.191968145056
910,0.0706032046034,0.0156583806151,0.0163555639016,0.210194251521,0.145475215947,0.0443865476449,0.117998197381,0.0125927386827,0.24503098944,0.106700794895,0.0096404356153,0.00536367975334,1,0.7,10,20,12,2,20,0.000773674061125,6.96306655013e-05,0.000773674061125,0.027096247247,0.017889423317,0.0026359857298,0.000773674061125,6.96306655013e-05,0.000773674061125,0.265163762996,0.48082996354,0.203150659596
911,0.0969544831494,0.236989609125,0.0694295647934,0.0595858855131,0.0463763955689,0.0186319609046,0.240334174348,0.0104165927048,0.0123997424146,0.0336989172542,0.140610592636,0.0345720815877,1,0.7,10,20,12,2,20,0.000203004996397,1.82704496757e-05,0.000203004996397,0.00863774786176,0.00278868913558,0.00217015506943,0.000203004996397,1.82704496757e-05,0.000203004996397,0.27501198626,0.499502889833,0.211039970955
912,0.367139810515,0.0401964429277,0.0235646744534,0.0393640607786,0.0354173136785,0.0126798610276,0.0182528970194,0.052016094784,0.200149166096,0.0738846180267,0.124046297602,0.0132887630922,1,0.7,10,20,12,2,20,0.000203428339675,1.83085505708e-05,0.000203428339675,0.0200100011534,0.00206298367343,0.00210642478417,0.000203428339675,1.83085505708e-05,0.000203428339675,0.272096392725,0.49411168169,0.208762185514
913,0.00800876785697,0.124706819429,0.0290451223573,0.0232141819118,0.341101589985,0.0464875610005,0.0573959520549,0.0892407996402,0.04075692083,0.0659824773274,0.0680754565249,0.105984351082,1,0.7,10,20,12,2,20,0.000333516490935,3.00164841842e-05,0.000333516490935,0.0105224284675,0.00320513937808,0.00322417150681,0.000333516490935,3.00164841842e-05,0.000333516490935,0.274060243585,0.497429819424,0.210164098706
914,0.150798475467,0.159216672845,0.00620251143946,0.00502647577746,0.0604883528296,0.0113595966949,0.371991678944,0.0385254590624,0.080591991459,0.0124133139453,0.018217147209,0.085168324327,1,0.7,10,20,12,2,20,0.00104502937607,9.40526438466e-05,0.00104502937607,0.0138061325053,0.0133645590672,0.00347688911491,0.00104502937607,9.40526438466e-05,0.00104502937607,0.269537716966,0.488890319546,0.206556160008
915,0.00729801240012,0.0904585066154,0.0599529457157,0.0239289832704,0.0220468177985,0.137178654969,0.00388481052521,0.036057998537,0.313287662127,0.0314542503677,0.211132276793,0.0633190808809,1,0.7,10,20,12,2,20,5.36166548696e-07,4.82549893826e-08,5.36166548696e-07,4.45318766282e-06,2.76396198947e-06,1.14600447952e-06,5.36166548696e-07,4.82549893826e-08,5.36166548696e-07,0.279447523982,0.506532071485,0.214009800203
916,0.0858325699325,0.153635082803,0.101765863086,0.141455646233,0.00586333903321,0.100157826026,0.0399193448685,0.0349390436697,0.0882612856852,0.0311030220906,0.0879541846338,0.129112791939,1,0.7,10,20,12,2,20,5.5306454335e-08,4.97758089015e-09,5.5306454335e-08,3.28113440954e-06,9.66439797279e-07,1.54725287174e-07,5.5306454335e-08,4.97758089015e-09,5.5306454335e-08,0.279369510942,0.506591111127,0.214034744451
917,0.0956206040168,0.0582717835269,0.0920157402869,0.0226987412672,0.0815277831699,0.000756660220865,0.0317096868412,0.0838849688491,0.229786164492,0.153847395146,0.0202282973327,0.129652174851,1,0.7,10,20,12,2,20,9.47127697528e-05,8.52414927775e-06,9.47127697528e-05,0.00362536432718,0.00169805828396,0.000141671308364,9.47127697528e-05,8.52414927775e-06,9.47127697528e-05,0.277588677079,0.50372606652,0.212824263105
918,0.210676316614,0.0206505827241,0.00539060416384,0.11243329581,0.0198074577764,0.0691375497639,0.00437798017039,0.0787491760084,0.0199262121051,0.125507468392,0.0738895664263,0.259453790046,1,0.7,10,20,12,2,20,9.60531574315e-08,8.64478416884e-09,9.60531574315e-08,5.02435224306e-06,9.27339562921e-07,4.10637869338e-07,9.60531574315e-08,8.64478416884e-09,9.60531574315e-08,0.279259313079,0.506667081258,0.214066841831
919,0.113085770389,0.0293288127591,0.0601955889798,0.111697507125,0.111820311759,0.0227866542217,0.0309555371126,0.0562816533997,0.0848253969537,0.0488110905674,0.31173187474,0.0184798019927,1,0.7,10,20,12,2,20,9.48513127518e-05,8.53661814766e-06,9.48513127518e-05,0.00336777180417,0.00103945744206,0.00215792214139,9.48513127518e-05,8.53661814766e-06,9.48513127518e-05,0.277260947406,0.503182722474,0.212594700245
920,0.097627109552,0.0582261755535,0.0018382877284,0.085115729577,0.135093883687,0.0279823247366,0.0776957757129,0.305287888432,0.0791965789806,0.0809848257429,0.0383298234092,0.0126215968881,1,0.7,10,20,12,2,20,0.000467870899457,4.21083809511e-05,0.000467870899457,0.0173868164516,0.00800130694131,0.000916748239412,0.000467870899457,4.21083809511e-05,0.000467870899457,0.271364588301,0.492354896103,0.208019943604
921,0.0265007014994,0.0137605265495,0.015754926502,0.0584637566062,0.225032116007,0.0488095561101,0.0907391950018,0.0277206432583,0.0326157180724,0.144959166492,0.263170273334,0.0524734205667,1,0.7,10,20,12,2,20,2.59792609999e-05,2.33813348999e-06,2.59792609999e-05,5.03801443707e-05,0.000333890587144,2.96293212655e-05,2.59792609999e-05,2.33813348999e-06,2.59792609999e-05,0.279269166321,0.506297603033,0.213910737282
922,0.237812436733,0.135999319301,0.0113900290143,0.0709083066463,0.00784147335959,0.0458153547393,0.059762627818,0.0164846318722,0.0746768157607,0.0413748757917,0.214069598733,0.0838645302303,1,0.7,10,20,12,2,20,0.000138084752083,1.24276276875e-05,0.000138084752083,0.00256966490335,0.00148959817061,0.000891875493038,0.000138084752083,1.24276276875e-05,0.000138084752083,0.277784793431,0.503822055352,0.212864818386
923,0.156207758485,0.0187162112494,0.218557021256,0.0312082087853,0.0750117810174,0.0957430792513,0.140948577818,0.0569158787921,0.0798418615393,0.0650973589203,0.0213351801062,0.0404170827803,1,0.7,10,20,12,2,20,0.000788381011586,7.09542910427e-05,0.000788381011586,0.0178694373285,0.00689766495072,0.00770134895507,0.000788381011586,7.09542910427e-05,0.000788381011586,0.26945713874,0.488421073741,0.206357903656
924,0.151831892784,0.0106063652291,0.117721099682,0.0451383048133,0.0142528222734,0.0155189393113,0.22022280499,0.0298382924287,0.100903399837,0.100332981054,0.0717555021644,0.121877595433,1,0.7,10,20,12,2,20,0.000132445615499,1.19201053949e-05,0.000132445615499,0.0080364030507,0.00124486601129,0.00123150838429,0.000132445615499,1.19201053949e-05,0.000132445615499,0.275244053328,0.501714971215,0.211974575338
925,0.00667740901316,0.00233171059606,0.0190543933666,0.196126326613,0.0927720572279,0.206641242858,0.150930724612,0.0765530181851,0.0189114787782,0.123860041962,0.00214706747602,0.103994529312,1,0.7,10,20,12,2,20,0.000361441660861,3.25297494775e-05,0.000361441660861,0.00938615385199,0.0030607109071,0.00339843415297,0.000361441660861,3.25297494775e-05,0.000361441660861,0.274438043611,0.497859986878,0.210345844456
926,0.116013962497,0.0257736719649,0.296159692046,0.0156735260221,0.00438261127767,0.0418052583833,0.0813910732844,0.0687941203768,0.251044293528,0.0290540806482,0.0443479351643,0.0255597748075,1,0.7,10,20,12,2,20,0.00107955238181,9.71597143632e-05,0.00107955238181,0.012213091007,0.0127991835043,0.00172402157487,0.00107955238181,9.71597143632e-05,0.00107955238181,0.270336233192,0.490977111962,0.207437829804
927,0.0487649618643,0.0373048898507,0.0122580016996,0.155307978046,0.0567419189364,0.00523240812653,0.102560464278,0.111959558468,0.05440304896,0.0162984214459,0.308693226402,0.0904751219225,1,0.7,10,20,12,2,20,0.000103411557359,9.30704016228e-06,0.000103411557359,0.00198178508425,0.0014675843209,0.00041445595565,0.000103411557359,9.30704016228e-06,0.000103411557359,0.277913115157,0.504598101351,0.213192697821
928,0.0650819225429,0.0520008274627,0.0311812527161,0.122526661555,0.143950904888,0.0237440983628,0.268436232063,0.0430081390854,0.125981398862,0.0676307398654,0.0322711431286,0.0241866794682,1,0.7,10,20,12,2,20,2.43765124958e-07,2.19388612462e-08,2.43765124958e-07,6.23462441293e-06,1.3967063977e-06,1.71593782852e-07,2.43765124958e-07,2.19388612462e-08,2.43765124958e-07,0.279281671885,0.506649916522,0.214059589731
929,0.01611649792,0.0941700293324,0.0196639354989,0.0899970795369,0.0229381573939,0.0437283317478,0.459025562245,0.0281634421995,0.0939863035459,0.0461892721949,0.0634514167178,0.0225699716673,1,0.7,10,20,12,2,20,1.67929375523e-05,1.51136437971e-06,1.67929375523e-05,2.86832653117e-05,0.000124607845099,2.52010367687e-05,1.67929375523e-05,1.51136437971e-06,1.67929375523e-05,0.279149382799,0.506574292144,0.214027638431
930,0.0496437884169,0.0506001995956,0.111760108447,0.00096128470025,0.321886192386,0.0600667473022,0.0223814812349,0.0420326281771,0.0910051687216,0.0404958709505,0.0288996506501,0.180266879418,1,0.7,10,20,12,2,20,0.000183740271775,1.65366244597e-05,0.000183740271775,0.00341196873705,0.00335822306423,0.00130930528605,0.000183740271775,1.65366244597e-05,0.000183740271775,0.276899786611,0.502110848482,0.212141833484
931,0.0564356449172,0.239212471371,0.0374086664945,0.0247030351667,0.0313098190559,0.0446366887946,0.0159291609625,0.0584044905764,0.112524424597,0.368850555652,0.00453168770588,0.00605335470711,1,0.7,10,20,12,2,20,0.000112054118297,1.00848706467e-05,0.000112054118297,0.00295268541866,0.00102861302062,0.000881077183068,0.000112054118297,1.00848706467e-05,0.000112054118297,0.277292089613,0.504307310053,0.213069838497
932,0.0720397627393,0.0101770593984,0.138291224349,0.132256145026,0.0132265283573,0.0412898223131,0.411241749194,0.00283797479924,0.0328807712386,0.0645074987544,0.0186783315953,0.0625731322359,1,0.7,10,20,12,2,20,0.000315299262752,2.83769336477e-05,0.000315299262752,0.0111647522524,0.00737817796021,0.000970804726462,0.000315299262752,2.83769336477e-05,0.000315299262752,0.273254191129,0.496248944122,0.209665178892
933,0.142241055779,0.185441337763,0.0845830145661,0.156028649977,0.04640865658,0.0496172571939,0.0753413381306,0.0931876094422,0.0439261825919,0.00372353623808,0.000736244918162,0.11876511682,1,0.7,10,20,12,2,20,5.52186058808e-06,4.96967452927e-07,5.52186058808e-06,1.67799478389e-05,1.43717263758e-05,6.5653156597e-05,5.52186058808e-06,4.96967452927e-07,5.52186058808e-06,0.279333908161,0.506535118194,0.214011087437
934,0.0577736352627,0.0421940683633,0.0224350874108,0.0600065988718,0.216417361926,0.0312285383545,0.028126411222,0.0642868890444,0.0994631294134,0.0562558361846,0.226069862281,0.095742581666,1,0.7,10,20,12,2,20,4.94121902838e-05,4.44709712554e-06,4.94121902838e-05,0.00190108325354,0.00226962841748,0.000530088473127,4.94121902838e-05,4.44709712554e-06,4.94121902838e-05,0.27756747676,0.504411374439,0.213113805701
935,0.0149609797665,0.0436090923397,0.0329637416536,0.0807955384938,0.215080391195,0.209442377312,0.0322929723605,0.148227607387,0.0888986120669,0.00175449331968,0.036777427341,0.095196766765,1,0.7,10,20,12,2,20,0.000867633752102,7.80870376892e-05,0.000867633752102,0.00894798133098,0.00582955462837,0.00275167037063,0.000867633752102,7.80870376892e-05,0.000867633752102,0.273455156172,0.49587973878,0.209509189634
936,0.0983130740106,0.0987348878447,0.0508979814271,0.0156711702511,0.0668445690362,0.0635164672757,0.214451731758,0.0289341651973,0.0886414187305,0.0207318063051,0.0360755067765,0.217187221387,1,0.7,10,20,12,2,20,0.000138884077387,1.24995669648e-05,0.000138884077387,0.00329248309063,0.000704315743028,0.000797062834151,0.000138884077387,1.24995669648e-05,0.000138884077387,0.277809504725,0.503912898533,0.21290319963
937,0.0312196982767,0.0543042231994,0.0269071657719,0.0350828598085,0.187513212662,0.0101188078077,0.038335884785,0.0568804415196,0.492377350233,0.0139126285222,0.0041450305436,0.0492026968702,1,0.7,10,20,12,2,20,0.00225859960661,0.000203273964594,0.00225859960661,0.0947483856025,0.0280160858054,0.00875392925087,0.00225859960661,0.000203273964594,0.00225859960661,0.239860135161,0.435276286696,0.183904231129
938,0.0494567897673,0.0134659622806,0.0104112820454,0.458267098615,0.0969454685061,0.0241869284967,0.011216830788,0.175717316895,0.0372883577325,0.012588583821,0.0991022692883,0.0113531117648,1,0.7,10,20,12,2,20,0.000306739464643,2.76065518179e-05,0.000306739464643,0.0159261391302,0.00319752822742,0.00103740690211,0.000306739464643,2.76065518179e-05,0.000306739464643,0.272950197329,0.496032729314,0.209573828135
939,0.00549904850379,0.328479952572,0.0253711805071,0.00177610717043,0.0341103925757,0.165236112784,0.0562961852237,0.0506485099206,0.0370589329033,0.000928880828505,0.142098602197,0.152496094813,1,0.7,10,20,12,2,20,0.000114822198795,1.03339978916e-05,0.000114822198795,0.000994881152874,0.00129755075012,0.00023848905884,0.000114822198795,1.03339978916e-05,0.000114822198795,0.278162820541,0.505326046893,0.213500254812
940,0.0884576652875,0.0280144252677,0.265310399153,0.0485382867337,0.0737504077357,0.2547793464,0.0342732219904,0.0229308506022,0.088408843319,0.0013518010018,0.0194711069415,0.0747136455679,1,0.7,10,20,12,2,20,0.00124136865298,0.000111723178768,0.00124136865298,0.0212948686376,0.00175928264103,0.0178036507686,0.00124136865298,0.000111723178768,0.00124136865298,0.266355334507,0.483372894535,0.204225047941
941,0.154098067794,0.090584190636,0.18086726732,0.0254631971892,0.0236956165787,0.0447778701089,0.0100803694654,0.0834557055627,0.0752284801625,0.160364956633,0.121497665257,0.0298866132931,1,0.7,10,20,12,2,20,5.59045143259e-05,5.03140628933e-06,5.59045143259e-05,0.00662525113282,0.000595989392719,0.00179303991178,5.59045143259e-05,5.03140628933e-06,5.59045143259e-05,0.276780381334,0.50191329164,0.212058365718
942,0.106493393332,0.0177795116556,0.028112680238,0.0574928700711,0.0412659409701,0.340720355473,0.0624159165689,0.0126061552514,0.156921575751,0.0529422311845,0.017113908139,0.106135461365,1,0.7,10,20,12,2,20,0.00051792496564,4.66132469076e-05,0.00051792496564,0.00620180621496,0.00480439803444,0.00236924231522,0.00051792496564,4.66132469076e-05,0.00051792496564,0.275072909787,0.498690135179,0.210696582113
943,0.171409353519,0.000595921737476,0.043354562987,0.0256617821885,0.0133219488866,0.178241885147,0.224286038966,0.0189403668164,0.0221355694253,0.221821442228,0.0436939402859,0.0365371878121,1,0.7,10,20,12,2,20,0.000123006269272,1.10705642345e-05,0.000123006269272,0.00340182470716,0.000539990541911,0.00142578775902,0.000123006269272,1.10705642345e-05,0.000123006269272,0.277568055428,0.503725958073,0.212824217286
944,0.0805470659999,0.0432759914355,0.0415955836693,0.000504712049072,0.101680198956,0.254889989408,0.0457491285505,0.0856750206228,0.0904927566066,0.0696813742256,0.172541312248,0.0133668662281,1,0.7,10,20,12,2,20,0.000138844269468,1.24959842521e-05,0.000138844269468,0.00475564033219,0.00573993704979,0.00037868926336,0.000138844269468,1.24959842521e-05,0.000138844269468,0.276125768831,0.500822211232,0.211597384246
945,0.00251989969354,0.452189599441,0.123355641004,0.0691718136233,0.0247572353807,0.0105382695325,0.00287351190858,0.0605184724397,0.0687496246467,0.12145208729,0.0591590574408,0.0047147875994,1,0.7,10,20,12,2,20,0.000503403333412,4.5306300007e-05,0.000503403333412,0.00684768661268,0.00320895812979,0.00112896516503,0.000503403333412,4.5306300007e-05,0.000503403333412,0.275347435826,0.500079246631,0.211283481702
946,0.0239630723613,0.00956752559212,0.106262542361,0.0452640998605,0.332010280992,0.0117393697549,0.0259222168255,0.120926777519,0.0830908251749,0.00384198076724,0.154539026676,0.0828722821143,1,0.7,10,20,12,2,20,0.000159028293797,1.43125464417e-05,0.000159028293797,0.00403216946339,0.00214950791235,0.000351517608064,0.000159028293797,1.43125464417e-05,0.000159028293797,0.277148341486,0.503095764684,0.212557960579
947,0.0175470127957,0.034485880144,0.1835809958,0.128492639102,0.00101132146046,0.0141214563662,0.24608862109,0.0402681931944,0.201845382196,0.0940112734358,0.0256757124178,0.0128715119971,1,0.7,10,20,12,2,20,7.0294615451e-05,6.32651539059e-06,7.0294615451e-05,0.00129872002049,0.000266905996526,0.00125882086906,7.0294615451e-05,6.32651539059e-06,7.0294615451e-05,0.27813180388,0.505272349906,0.213477567835
948,0.0726720516105,0.0139164600642,0.0137570055099,0.025763517159,0.0104948810526,0.00944033387324,0.100963401681,0.11371000215,0.270383611675,0.250765598984,0.0261151389466,0.0920179972941,1,0.7,10,20,12,2,20,0.000132973257206,1.19675931486e-05,0.000132973257206,0.00205219193368,0.00121378476054,0.000469482944098,0.000132973257206,1.19675931486e-05,0.000132973257206,0.278053556291,0.504502745768,0.213152410087
949,0.100617540828,0.0626720049355,0.0505207837561,0.0241911222614,0.139917856144,0.0244561133396,0.115692134655,0.086069371439,0.0428042049198,0.0459026451582,0.146946530046,0.160209692517,1,0.7,10,20,12,2,20,5.29973734741e-05,4.76976361267e-06,5.29973734741e-05,0.00535884528374,0.000478795701452,0.000325580002,5.29973734741e-05,4.76976361267e-06,5.29973734741e-05,0.277335170294,0.503536084146,0.212743995552
950,0.0219656410947,0.00333954123155,0.0195853291229,0.147120094302,0.101803208293,0.164414961279,0.0239486206004,0.177323935207,0.0677236522161,0.064143612747,0.0329597210575,0.175671682849,1,0.7,10,20,12,2,20,0.000272962141619,2.45665927457e-05,0.000272962141619,0.0119345465214,0.0049180495716,0.000628132830642,0.000272962141619,2.45665927457e-05,0.000272962141619,0.274093437488,0.497212549621,0.210072302215
951,0.00613563272822,0.460252912865,0.0462468132986,0.0707773570189,0.0488016029522,0.0102622034476,0.0625651472687,0.110338683183,0.120454944689,0.0271966296196,0.00983730987869,0.0271307630516,1,0.7,10,20,12,2,20,0.00305755445824,0.000275179901242,0.00305755445824,0.0995447012469,0.0306083278941,0.00929487237422,0.00305755445824,0.000275179901242,0.00305755445824,0.236803519362,0.429502988744,0.181465012744
952,0.262221235422,0.0326242680921,0.125521989982,0.0551069947845,0.0758835454014,0.109255828203,0.00253804699993,0.0408925226859,0.191051781908,0.0063776057466,0.0418273619036,0.0566988188719,1,0.7,10,20,12,2,20,0.000421187183557,3.79068465202e-05,0.000421187183557,0.0249647968966,0.0060395498007,0.00128407156587,0.000421187183557,3.79068465202e-05,0.000421187183557,0.269305396615,0.489733302422,0.206912320273
953,0.127478280115,0.0965914427196,0.0175387661344,0.124508909795,0.0310793775437,0.0554332177367,0.149385854375,0.0140458017416,0.0186916302488,0.0870047868084,0.251032090962,0.0272098418195,1,0.7,10,20,12,2,20,1.80292100827e-07,1.62262890744e-08,1.80292100827e-07,6.29614962246e-06,1.22066520948e-06,4.21747551357e-07,1.80292100827e-07,1.62262890744e-08,1.80292100827e-07,0.279273030536,0.506656082447,0.214062194834
954,0.135908393545,0.0126236908239,0.126359788243,0.20206621842,0.0341848254451,0.110814141671,0.108399300158,0.0666429346329,0.0404902470502,0.0624598069256,0.0305433264211,0.0695073266637,1,0.7,10,20,12,2,20,0.000631185289677,5.68066760709e-05,0.000631185289677,0.0267790762719,0.0107449652325,0.00371226525867,0.000631185289677,5.68066760709e-05,0.000631185289677,0.26703170694,0.484424345719,0.204669286066
955,0.115173256346,0.139694403779,0.00352960717135,0.000670830676829,0.0848290130015,0.0471718379058,0.119910240012,0.079238775609,0.292723422259,0.0156771250119,0.0634530321945,0.0379284560323,1,0.7,10,20,12,2,20,0.00038330672359,3.44976051231e-05,0.00038330672359,0.0474365714889,0.00317145496363,0.00222422540106,0.00038330672359,3.44976051231e-05,0.00038330672359,0.263418844851,0.479540724915,0.202605956276
956,0.171411631984,0.0174467526093,0.156051000402,0.00786558757675,0.0335877629568,0.086096747897,0.0100466772903,0.0120902026881,0.0686254644797,0.212428574222,0.0486828872471,0.175666710646,1,0.7,10,20,12,2,20,1.57331740741e-06,1.41598566667e-07,1.57331740741e-06,1.03599565919e-05,6.22020844629e-06,2.49036058411e-05,1.57331740741e-06,1.41598566667e-07,1.57331740741e-06,0.279159064024,0.506708524245,0.214084351493
957,0.0516795083577,0.0665261049858,0.0788673113522,0.0289894344852,0.0622567826381,0.144180845238,0.181702556567,0.212235880351,0.048602958845,0.0537818421156,0.0645785284442,0.00659824662012,1,0.7,10,20,12,2,20,0.000340918504704,3.06826654234e-05,0.000340918504704,0.0269282564224,0.0041550624528,0.00262748719158,0.000340918504704,3.06826654234e-05,0.000340918504704,0.269049076755,0.489149439598,0.20666563823
958,0.0441313921271,0.00953736823784,0.0935718786572,0.00616013565714,0.0256255509398,0.171495459283,0.126021434965,0.0392677993814,0.0525501123184,0.0458221158204,0.323745261656,0.0620714909565,1,0.7,10,20,12,2,20,6.97526950299e-05,6.27774255269e-06,6.97526950299e-05,0.00142884106581,0.000212054384732,0.000764452896198,6.97526950299e-05,6.27774255269e-06,6.97526950299e-05,0.278562906233,0.505265503799,0.213474675355
959,0.139160164503,0.161889825477,0.147068232739,0.0548551427235,0.0450174548345,0.236521814738,0.0335773531047,0.0787276356569,0.02821116098,0.0473822518946,0.0177092102925,0.00987975305656,1,0.7,10,20,12,2,20,3.85358921789e-06,3.4682302961e-07,3.85358921789e-06,1.23602121799e-05,6.89086333139e-06,2.49202082744e-05,3.85358921789e-06,3.4682302961e-07,3.85358921789e-06,0.279245257766,0.506639341264,0.214055121684
960,0.252906145297,0.0288036253146,0.032799957476,0.0148128459055,0.0856243695217,0.028398076222,0.0519888339566,0.0130813654425,0.0702245629093,0.00739692384643,0.327523202139,0.0864400919693,1,0.7,10,20,12,2,20,1.33774405347e-05,1.20396964813e-06,1.33774405347e-05,0.00494468698527,0.00028447893714,0.000299278349091,1.33774405347e-05,1.20396964813e-06,1.33774405347e-05,0.277693647567,0.503846741975,0.212875248484
961,0.0389526134555,0.229108445376,0.24044937088,0.000267007810299,0.175959382903,0.0816656396016,0.0152406789761,0.0366448344394,0.0174525839044,0.117409334946,0.0400672200129,0.00678288769489,1,0.7,10,20,12,2,20,0.000807986310725,7.27187679653e-05,0.000807986310725,0.0187990619241,0.00742803115231,0.00251526761388,0.000807986310725,7.27187679653e-05,0.000807986310725,0.270282356367,0.490402741767,0.207195158397
962,0.227485170684,0.0190470194228,0.0671897161685,0.00705892461687,0.00774923097734,0.0474872420139,0.0556405193491,0.0739972182463,0.029655386132,0.154023839365,0.22532625641,0.0853394766146,1,0.7,10,20,12,2,20,4.05365843024e-05,3.64829258721e-06,4.05365843024e-05,0.00167178258105,0.000545838047454,0.000137376742394,4.05365843024e-05,3.64829258721e-06,4.05365843024e-05,0.278489275412,0.505438512685,0.213547771609
963,0.0237498059637,0.138364549891,0.125314991617,0.00323985608516,0.0673377391922,0.0313199721714,0.000279778059484,0.178308694054,0.0527013862517,0.0530106002302,0.155093318694,0.171279307791,1,0.7,10,20,12,2,20,4.33062968792e-05,3.89756671912e-06,4.33062968792e-05,0.00600080631176,0.000999243421866,0.000141419459077,4.33062968792e-05,3.89756671912e-06,4.33062968792e-05,0.277037195336,0.50308633754,0.212553977611
964,0.0391229740088,0.0308787351498,0.317989546464,0.076628382282,0.0461606523268,0.0462108281963,0.00245679355748,0.0339681526347,0.0223966725204,0.0626615729314,0.0193764149187,0.30214927501,1,0.7,10,20,12,2,20,7.33382098623e-05,6.60043888761e-06,7.33382098623e-05,0.00552956446948,0.00110452919076,0.000590508259238,7.33382098623e-05,6.60043888761e-06,7.33382098623e-05,0.277161399716,0.502852333672,0.212455110976
965,0.132993300526,0.0225871345237,0.183163905668,0.167579115627,0.0126130253969,0.123907570663,0.0197910942201,0.0797642943758,0.0204143770813,0.156507433839,0.0577411654617,0.0229375826174,1,0.7,10,20,12,2,20,0.000487755022427,4.38979520184e-05,0.000487755022427,0.0118014702748,0.0039827293078,0.0021334064621,0.000487755022427,4.38979520184e-05,0.000487755022427,0.273689035515,0.496558553566,0.209795988881
966,0.032492672406,0.0281378796107,0.134005476528,0.0434386799658,0.0250692171365,0.0237122336769,0.00475063557519,0.0400304874264,0.141409167764,0.265542159576,0.0287292149092,0.232682175426,1,0.7,10,20,12,2,20,2.64446315428e-05,2.38001683885e-06,2.64446315428e-05,0.00017527276933,0.000247197819657,9.5214298037e-05,2.64446315428e-05,2.38001683885e-06,2.64446315428e-05,0.278924379751,0.506465656803,0.213981739999
967,0.040411154063,0.166125453171,0.0282870885299,0.252682165806,0.031556433728,0.0799255787498,0.0119532825704,0.0664457348763,0.0237070043279,0.0655199806238,0.123396360194,0.10998976336,1,0.7,10,20,12,2,20,8.15026201797e-05,7.33523581618e-06,8.15026201797e-05,0.0085543102635,0.00364769405993,0.000489618211257,8.15026201797e-05,7.33523581618e-06,8.15026201797e-05,0.275539600248,0.500125199483,0.211302896782
968,0.12273785699,0.176643795359,0.0703338761798,0.017742231548,0.17205394504,0.0967156246326,0.0205716902786,0.124509738832,0.0210312476785,0.00774068563194,0.106078152491,0.0638411553395,1,0.7,10,20,12,2,20,0.000482576372565,4.34318735309e-05,0.000482576372565,0.00859531938688,0.00759320719882,0.000875428350759,0.000482576372565,4.34318735309e-05,0.000482576372565,0.274034782093,0.496930821605,0.209953272128
969,0.424201386687,0.0655784997058,0.0906936422743,0.028646406562,0.0765986634846,0.0217435820829,0.0184568933596,0.0244099332389,0.11937460065,0.0444485768218,0.0818023537763,0.00404546135647,1,0.7,10,20,12,2,20,0.000641903187213,5.77712868491e-05,0.000641903187213,0.0303856775335,0.0169879314628,0.005363473053,0.000641903187213,5.77712868491e-05,0.000641903187213,0.263848418004,0.47854576072,0.202185583904
970,0.13383488968,0.0806864436494,0.00241382651803,0.0433593169261,0.0436337055268,0.0406404227347,0.0202797017676,0.0732473207906,0.165001103149,0.0392356249173,0.33638136837,0.0212862759705,1,0.7,10,20,12,2,20,8.18982528178e-05,7.3708427536e-06,8.18982528178e-05,0.00197418740264,0.00117817646801,0.000471187146253,8.18982528178e-05,7.3708427536e-06,8.18982528178e-05,0.27807490007,0.504716495056,0.213242719161
971,0.0385431925254,0.119785665079,0.0348751224488,0.0350056166335,0.064807500752,0.0211244847933,0.109201381884,0.234128156538,0.170018264892,0.102670405053,0.0617391225477,0.00810108685375,1,0.7,10,20,12,2,20,0.000429041369517,3.86137232565e-05,0.000429041369517,0.0155627232398,0.00729106488791,0.00367767219899,0.000429041369517,3.86137232565e-05,0.000429041369517,0.271536041497,0.492189177681,0.20794992757
972,0.0418548114854,0.0557870245754,0.137767139251,0.00367501985951,0.0747158901061,0.0346389437483,0.0176160879021,0.0884233856817,0.097278763661,0.0925730550647,0.210353956493,0.145315922171,1,0.7,10,20,12,2,20,6.4272857328e-05,5.78455715952e-06,6.4272857328e-05,0.00343078051105,0.00184182013936,0.000206981240884,6.4272857328e-05,5.78455715952e-06,6.4272857328e-05,0.27745082076,0.503902240285,0.21289869652
973,0.0464504420594,0.0381924413208,0.0124792290794,0.16545888771,0.0252323936005,0.118619486311,0.0162306079755,0.324859972896,0.0410772937737,0.0136197849411,0.134942578299,0.0628368820335,1,0.7,10,20,12,2,20,3.91077402137e-07,3.51969661923e-08,3.91077402137e-07,1.033278291e-05,7.06280705572e-06,5.65037113332e-07,3.91077402137e-07,3.51969661923e-08,3.91077402137e-07,0.279254667838,0.506661326419,0.214064410412
974,0.108775754712,0.0749886605556,0.0314781008645,0.0165141729596,0.053633412702,0.0959146290287,0.020605624253,0.0497670739608,0.293174389622,0.00308047648013,0.0145858946077,0.237481810254,1,0.7,10,20,12,2,20,0.000248482760907,2.23634484816e-05,0.000248482760907,0.00367548288889,0.00206054669374,0.0013679015628,0.000248482760907,2.23634484816e-05,0.000248482760907,0.277090640106,0.502472246614,0.212294524194
975,0.0362697467921,0.24912651779,0.0994299777606,0.0382368666954,0.0240884914922,0.251755050757,0.0815864234019,0.0517903445803,0.103998638887,0.0318424029411,0.0193747200059,0.0125008188956,1,0.7,10,20,12,2,20,0.00305071505323,0.00027456435479,0.00305071505323,0.100223607625,0.0259255407756,0.0135608365251,0.00305071505323,0.00027456435479,0.00305071505323,0.236659558944,0.429440047247,0.181438419962
976,0.0148825680801,0.017407536165,0.0183346947005,0.112427123841,0.145652030448,0.288270372052,0.0621086632728,0.00580123043994,0.159856748102,0.0705088772582,0.018403828703,0.0863463269383,1,0.7,10,20,12,2,20,1.67574844925e-07,1.50817360433e-08,1.67574844925e-07,7.51196964966e-06,6.36707138729e-07,5.22873141801e-07,1.67574844925e-07,1.50817360433e-08,1.67574844925e-07,0.27940754511,0.506561042444,0.214022040433
977,0.0713226356934,0.0859702692442,0.0145994246041,0.313628386755,0.144033691218,0.0411559979665,0.00109556976801,0.00464686196277,0.0739447618884,0.002316159145,0.0035066196837,0.243779622072,1,0.7,10,20,12,2,20,0.000506227811733,4.5560503056e-05,0.000506227811733,0.0183232411444,0.00269485665734,0.00402831620187,0.000506227811733,4.5560503056e-05,0.000506227811733,0.271523265711,0.493015316719,0.208298971314
978,0.0189392448956,0.000732474102101,0.00336820717733,0.0725232983468,0.0769287645952,0.0597499090053,0.144465626063,0.0639583478303,0.076582936999,0.0485146758939,0.431665794991,0.00257072010055,1,0.7,10,20,12,2,20,5.87517638075e-05,5.28765874268e-06,5.87517638075e-05,0.00115859657349,0.000705229003031,0.00047430732974,5.87517638075e-05,5.28765874268e-06,5.87517638075e-05,0.278648074044,0.505285209615,0.213483001062
979,0.175055773401,0.174402035196,0.0685910500443,0.0107161854881,0.0980222601938,0.0102268917736,0.0895137462089,0.0572126507355,0.188704848825,0.066072294274,0.0546115472381,0.00687071662239,1,0.7,10,20,12,2,20,0.000116766684232,1.05090015809e-05,0.000116766684232,0.0322163494007,0.00317990238665,0.000536949847939,0.000116766684232,1.05090015809e-05,0.000116766684232,0.268602327237,0.488559849833,0.206416536555
980,0.0230627194878,0.0414256187326,0.434249712086,0.0288654986094,0.0169267799619,0.168247060849,0.0881790877012,0.0315353455193,0.110249277011,0.00817690062657,0.000405038746048,0.0486769606692,1,0.7,10,20,12,2,20,0.0026747026514,0.000240723238626,0.0026747026514,0.0405108881807,0.0535647893583,0.00544774670541,0.0026747026514,0.000240723238626,0.0026747026514,0.248482728955,0.4504840701,0.190329519617
981,0.12403760069,0.00610889969026,0.128679848925,0.0184837394374,0.0895379508345,0.0700841707715,0.112129993835,0.0593412847122,0.0764661946915,0.152437169367,0.160753850863,0.00193929618303,1,0.7,10,20,12,2,20,7.66892486059e-05,6.90203237453e-06,7.66892486059e-05,0.00282315405799,0.00163324667377,0.000563544305467,7.66892486059e-05,6.90203237453e-06,7.66892486059e-05,0.277689298906,0.504021226712,0.212948968286
982,0.148215807422,0.0426613752729,0.0349919930491,0.0797143628727,0.157393020583,0.020329381746,0.0527322232472,0.00153625403513,0.0660332038293,0.286880771977,0.0961306883047,0.0133809176609,1,0.7,10,20,12,2,20,1.1697185031e-06,1.05274665279e-07,1.1697185031e-06,1.03187427408e-05,5.53234530764e-06,9.27005955359e-07,1.1697185031e-06,1.05274665279e-07,1.1697185031e-06,0.278972826857,0.50685800044,0.214147505186
983,0.0206435102236,0.0471239365052,0.171372280452,0.00364126713705,0.0927363387533,0.0277199356378,0.0350921098657,0.347363199742,0.0636332512114,0.00107778167651,0.0762090911639,0.113387297632,1,0.7,10,20,12,2,20,3.30131184569e-05,2.97118066112e-06,3.30131184569e-05,0.00179792042473,0.000406586169886,0.000304961823869,3.30131184569e-05,2.97118066112e-06,3.30131184569e-05,0.278443068816,0.505384511726,0.213524956204
984,0.0836678967667,0.0493442866319,0.0822805508731,0.0271825069011,0.103916849862,0.0491212465259,0.0187064287321,0.255895331831,0.163316899821,0.00297108397117,0.125560170335,0.0380367477493,1,0.7,10,20,12,2,20,0.000256373715786,2.30736344208e-05,0.000256373715786,0.0232005735904,0.00321749447692,0.00233920672451,0.000256373715786,2.30736344208e-05,0.000256373715786,0.270759812955,0.491677518539,0.207733751583
985,0.0660791348187,0.0907085308805,0.0356412791938,0.209811049223,0.113900097351,0.0300625616392,0.109134142251,0.0923473563081,0.0425126466876,0.0552069078658,0.0684366043951,0.0861596893859,1,0.7,10,20,12,2,20,0.000404333362304,3.63900026074e-05,0.000404333362304,0.00455046199084,0.00348235914153,0.00136781329023,0.000404333362304,3.63900026074e-05,0.000404333362304,0.276222498088,0.501010020411,0.211676733624
986,0.139767239326,0.00817082421321,0.111311364062,0.0888477360858,0.11716327081,0.0646059274628,0.000608264137642,0.0403782587442,0.0380107566588,0.0276699941331,0.191324140222,0.172142224144,1,0.7,10,20,12,2,20,5.08254703492e-05,4.57429233143e-06,5.08254703492e-05,0.00225766245453,0.0011166083053,0.000185792702189,5.08254703492e-05,4.57429233143e-06,5.08254703492e-05,0.278014218206,0.504895091646,0.21331817622
987,0.20103648841,0.0186693896969,0.150079938291,0.285938585087,0.0297485816861,0.0664127612756,0.0118827516576,0.00433073322163,0.0181136756618,0.0311371934333,0.0530015864307,0.129648315148,1,0.7,10,20,12,2,20,9.94430376041e-08,8.94987338437e-09,9.94430376041e-08,3.60636341515e-06,7.29272738025e-07,7.91186493068e-07,9.94430376041e-08,8.94987338437e-09,9.94430376041e-08,0.279363038398,0.50659502222,0.214036396888
988,0.0969332405384,0.392596490815,0.00704889545875,0.025339066806,0.0355051083618,0.0783745825524,0.00125434955263,0.259982598966,0.0400902624347,0.0140906214187,0.0423356532587,0.00644912983699,1,0.7,10,20,12,2,20,0.00077716921269,6.99452291421e-05,0.00077716921269,0.057955608585,0.0164028088468,0.00313034484072,0.00077716921269,6.99452291421e-05,0.00077716921269,0.255820156267,0.46639192559,0.197050588562
989,0.0681714156315,0.195632328271,0.095456144939,0.110755219068,0.0300000688354,0.163392633831,0.00337383631097,0.0374522535682,0.0590990511691,0.106255072301,0.103764689855,0.0266472862201,1,0.7,10,20,12,2,20,6.5650059307e-07,5.90850533763e-08,6.5650059307e-07,1.28084281368e-05,2.76975139468e-06,1.47640160193e-06,6.5650059307e-07,5.90850533763e-08,6.5650059307e-07,0.27897083196,0.506860716546,0.214148652741
990,0.167150189209,0.100190335797,0.0075867023846,0.0788318383758,0.0627125570557,0.191448914966,0.138189429944,0.0243057256795,0.0217505178338,0.0732521818948,0.106774995289,0.0278066115712,1,0.7,10,20,12,2,20,0.00022218172319,1.99963550871e-05,0.00022218172319,0.00137238824091,0.0024366568087,0.00145054234083,0.00022218172319,1.99963550871e-05,0.00022218172319,0.277053826928,0.503871962094,0.212885903985
991,0.101070602117,0.0397639000873,0.0465380309226,0.0088495381992,0.26644283455,0.00403027132362,0.199025452924,0.0932039912852,0.133969498257,0.0505399748068,0.0482798351617,0.00828607036716,1,0.7,10,20,12,2,20,3.63045813713e-05,3.26741232341e-06,3.63045813713e-05,2.70769449268e-05,0.000157496815077,2.9084952034e-05,3.63045813713e-05,3.26741232341e-06,3.63045813713e-05,0.279313015044,0.506377204284,0.21394436881
992,0.0258197503006,0.160344602723,0.0820592825541,0.0341244101984,0.0430544337358,0.255389406628,0.0835228550155,0.00405320722106,0.0338975730832,0.127554620895,0.0664323089623,0.0837475486825,1,0.7,10,20,12,2,20,9.91449749855e-07,8.92304774869e-08,9.91449749855e-07,1.18111080358e-05,1.19463207428e-05,2.76489843587e-06,9.91449749855e-07,8.92304774869e-08,9.91449749855e-07,0.279403800999,0.506548704685,0.214016827729
993,0.109207188415,0.0292136677795,0.180330578982,0.181003521244,0.0121016891795,0.0492379254475,0.0237682594233,0.11484855768,0.0376161181964,0.070171476267,0.0116987770478,0.180802240338,1,0.7,10,20,12,2,20,0.000393049847252,3.53744862527e-05,0.000393049847252,0.00949120501681,0.00344850369812,0.00124273261524,0.000393049847252,3.53744862527e-05,0.000393049847252,0.274842683227,0.498651618335,0.210680308747
994,0.131214512956,0.221896659828,0.10330641643,0.210516269665,0.0373042347066,0.00738573237953,0.0174794884464,0.0241107349024,0.066211820632,0.117307786631,0.0593717852444,0.00389455817904,1,0.7,10,20,12,2,20,0.000280183442861,2.52165098575e-05,0.000280183442861,0.00519915520067,0.00154222423961,0.00294289325552,0.000280183442861,2.52165098575e-05,0.000280183442861,0.276132704617,0.50123856302,0.211773292876
995,0.106541187335,0.00368941223573,0.0977241030633,0.00426864710568,0.01252674482,0.0602213772916,0.0180227256469,0.405811713372,0.0582400286651,0.0199643141768,0.173249961467,0.0397397848205,1,0.7,10,20,12,2,20,2.49799003978e-07,2.2481910358e-08,2.49799003978e-07,8.50600809562e-06,7.76093410535e-07,6.20669840205e-07,2.49799003978e-07,2.2481910358e-08,2.49799003978e-07,0.279057620933,0.506805927687,0.214125504448
996,0.00708082969682,0.16560260032,0.0473833429173,0.0900538753757,0.0489486053487,0.0301027835034,0.164332562263,0.0649408864211,0.265487853915,0.0231042993626,0.0119340095232,0.0810283513539,1,0.7,10,20,12,2,20,0.000638258562306,5.74432706076e-05,0.000638258562306,0.00656385906469,0.00262833120169,0.0106499015055,0.000638258562306,5.74432706076e-05,0.000638258562306,0.273057516415,0.495207361,0.209225110023
997,0.00295418066947,0.0259213837235,0.0959161698107,0.255340626031,0.00069391789766,0.0148684090533,0.0201644977618,0.034110748253,0.0785131500256,0.196176564159,0.250204578382,0.0251357742325,1,0.7,10,20,12,2,20,0.000116036698556,1.044330287e-05,0.000116036698556,0.00368061734038,0.00194904688989,0.000432428722483,0.000116036698556,1.044330287e-05,0.000116036698556,0.277354264028,0.503408512913,0.212690096706
998,0.146544141081,0.0608132654782,0.0594498959691,0.205539884523,0.0604656566543,0.0240872093696,0.0767770915555,0.242772031564,0.0611699375089,0.0190608300095,0.0161455062448,0.0271745500426,1,0.7,10,20,12,2,20,0.00208814818113,0.000187933336301,0.00208814818113,0.0735332281506,0.0279658538635,0.0233798776549,0.00208814818113,0.000187933336301,0.00208814818113,0.241970497476,0.438961042852,0.185461040605
999,0.118123702706,0.047686223781,0.0108739943065,0.0323623860354,0.0108980783156,0.0201434572829,0.0302127762113,0.0981721360658,0.104571014684,0.272959050964,0.143190403944,0.110806775703,1,0.7,10,20,12,2,20,3.88048979516e-05,3.49244081564e-06,3.88048979516e-05,0.00195391705454,0.000439972713292,0.000209264444469,3.88048979516e-05,3.49244081564e-06,3.88048979516e-05,0.277906163149,0.505679070767,0.213649407399
