run_ID,t1_initial,t2_initial,t3_initial,t4_initial,t5_initial,t6_initial,t7_initial,t8_initial,t9_initial,t10_initial,t11_initial,t12_initial,alpha,prior_cost_c,lambda,k,sample_amount,learning_parameter,generations,t1_final,t2_final,t3_final,t4_final,t5_final,t6_final,t7_final,t8_final,t9_final,t10_final,t11_final,t12_final
0,0.083911692613,0.136249788417,0.0452100326231,0.0452562437645,0.172911780884,0.0738129221989,0.184677732956,0.0933662835396,0.122532140846,0.0216404653058,0.0190667007849,0.00136421606752,1,0.9,30,20,15,10,20,0.000917621699915,9.17621699915e-14,0.000917621699915,0.107076337959,0.0822003226096,0.0150348838954,0.000917621699915,9.17621699915e-14,0.000917621699915,0.00199615330952,0.788025784239,0.00199603118773
1,0.0532827331909,0.00283892658685,0.163640939232,0.0197253112164,0.0667678923452,0.103100624065,0.0542928873555,0.239218238098,0.124391353844,0.0554517914436,0.113184499267,0.00410480335552,1,0.9,30,20,15,10,20,0.000129888714315,1.29888714315e-14,0.000129888714315,0.0653244321885,0.00411436745218,0.003188888188,0.000129888714315,1.29888714315e-14,0.000129888714315,0.00233598260644,0.922180935013,0.00233583969437
2,0.0642563501061,0.180560442942,0.164254277085,0.0216110869853,0.0426754438415,0.157321267143,0.149585209313,0.0840704268485,0.00185845786505,0.0178626122445,0.01310198744,0.102842438185,1,0.9,30,20,15,10,20,2.35327752159e-05,2.35327752159e-15,2.35327752159e-05,0.137591759459,0.00268317634012,0.00140560600256,2.35327752159e-05,2.35327752159e-15,2.35327752159e-05,0.00216301825795,0.853899422912,0.0021628859276
3,0.0152589142213,0.0920533317943,0.151485316966,0.0519382582573,0.026834169111,0.00678479743691,0.0925547914951,0.0577225764344,0.103021844097,0.0614831761947,0.0812363375093,0.259626486483,1,0.9,30,20,15,10,20,2.3935222828e-05,2.3935222828e-15,2.3935222828e-05,0.000333685114967,0.000849642513066,0.000168387277405,2.3935222828e-05,2.3935222828e-15,2.3935222828e-05,0.00251669033346,0.993519317504,0.00251653636596
4,0.183153737813,0.0320254403666,0.0367622433428,0.0108620638956,0.0425087585589,0.0681001886905,0.0933437301307,0.00692242546954,0.136636291659,0.270424902829,0.000828741683688,0.118431475561,1,0.9,30,20,15,10,20,6.46598115827e-05,6.46598115827e-15,6.46598115827e-05,0.00473575023535,0.000995067952488,0.00143452658855,6.46598115827e-05,6.46598115827e-15,6.46598115827e-05,0.0025016274598,0.987572914104,0.00250147441382
5,0.000834549453545,0.363000214077,0.0965302136152,0.0198821294448,0.0581259485616,0.116441339349,5.46569424613e-05,0.0644567571189,0.0884540789626,0.117113958869,0.0302302969248,0.0448758566815,1,0.9,30,20,15,10,20,9.18208162841e-05,9.18208162841e-15,9.18208162841e-05,0.0131911959123,0.0097175174187,0.00174129641351,9.18208162841e-05,9.18208162841e-15,9.18208162841e-05,0.00245728636737,0.970068284589,0.00245713603412
6,0.0843907601495,0.189375763442,0.0109124865275,0.0421110418537,0.118429460922,0.0288013942795,0.182303936036,0.0328736616343,0.060732647737,0.0935145762249,0.00438556533072,0.152168705862,1,0.9,30,20,15,10,20,0.000151174296901,1.51174296901e-14,0.000151174296901,0.00371434464177,0.0033678296859,0.000468406631753,0.000151174296901,1.51174296901e-14,0.000151174296901,0.00249978435113,0.986845306084,0.00249963141791
7,0.240774392527,0.0436999148737,0.0807059260144,0.0368094060362,0.121483862361,0.04379126825,0.0221938102827,0.0361903115493,0.0404618658253,0.00825274096674,0.0910006596214,0.234635841693,1,0.9,30,20,15,10,20,3.56680897016e-05,3.56680897016e-15,3.56680897016e-05,0.0215682634589,0.0025470126724,0.000596490831655,3.56680897016e-05,3.56680897016e-15,3.56680897016e-05,0.00245769681377,0.970230317409,0.00245754645541
8,0.0523737067816,0.154559663309,0.0184694132895,0.0603429615242,0.0412354170483,0.0736897460642,0.0335531908689,0.170578812247,0.184098964542,0.0211294317744,0.0730412539638,0.116927438587,1,0.9,30,20,15,10,20,5.58325891027e-05,5.58325891027e-15,5.58325891027e-05,0.00398628867544,0.00721451131316,0.000496008865823,5.58325891027e-05,5.58325891027e-15,5.58325891027e-05,0.00249029562717,0.983099421888,0.00249014327446
9,0.0695016737449,0.0215425240607,0.0501017686379,0.0393007068308,0.217682112923,0.150744825804,0.0904173305765,0.004419888804,0.0576593089532,0.188868712302,0.108988587252,0.000772560111597,1,0.9,30,20,15,10,20,1.66773618427e-06,1.66773618427e-16,1.66773618427e-06,9.28759459497e-06,0.00045840226594,1.33946077355e-06,1.66773618427e-06,1.66773618427e-16,1.66773618427e-06,0.00251913948625,0.994486174879,0.00251898536891
10,0.0649789452363,0.135506505375,0.180098648762,0.094262182825,0.0960680400451,0.0276671412298,0.0526113313063,0.110389772782,0.0805280250088,0.0237862447548,0.0058301336831,0.128273028992,1,0.9,30,20,15,10,20,7.73266308925e-05,7.73266308925e-15,7.73266308925e-05,0.0668978279199,0.00647184936038,0.000813547617342,7.73266308925e-05,7.73266308925e-15,7.73266308925e-05,0.00233259202356,0.920842427236,0.00233244931893
11,0.0423545175869,0.025555255869,0.0413855714948,0.108294892547,0.0313099028559,0.0674030929073,0.369686793086,0.204102386817,0.0160137607352,0.0164586090116,0.0323912207668,0.045043996322,1,0.9,30,20,15,10,20,0.000271192748617,2.71192748617e-14,0.000271192748617,0.148139853953,0.00748576189616,0.00933056090193,0.000271192748617,2.71192748617e-14,0.000271192748617,0.00210185903335,0.829755462776,0.00210173044463
12,0.046753690863,0.0966544771834,0.162315199063,0.0172195191257,0.110117391817,0.146733578832,0.0296094417727,0.0195599378481,0.0742299806455,0.0554007612346,0.0347069037893,0.206699117825,1,0.9,30,20,15,10,20,6.71227248451e-05,6.71227248451e-15,6.71227248451e-05,0.0092159714027,0.00279132481741,0.00114613611981,6.71227248451e-05,6.71227248451e-15,6.71227248451e-05,0.0024865106232,0.981605207635,0.00248635850205
13,0.160304166574,0.11461935851,0.0249586427106,0.119654465666,0.0428490481186,0.197873018197,0.267721812103,0.0157894098131,0.00473037613365,0.0145618841144,0.036508213193,0.000429604865315,1,0.9,30,20,15,10,20,0.000292459258461,2.92459258461e-14,0.000292459258461,0.190942243053,0.0234266237053,0.00341507714588,0.000292459258461,2.92459258461e-14,0.000292459258461,0.00196850078737,0.777109337917,0.00196838035732
14,0.00750965878835,0.285716649705,0.0174907797979,0.00570659262301,0.0242183990653,0.185906974465,0.089910382628,0.00644696912473,0.133561344825,0.211040754015,0.000893774278108,0.0315977206843,1,0.9,30,20,15,10,20,0.00011012282407,1.1012282407e-14,0.00011012282407,0.0257089321515,0.0058556996455,0.000465099598588,0.00011012282407,1.1012282407e-14,0.00011012282407,0.00243850246241,0.962652921567,0.00243835327833
15,0.112645402404,0.12812039162,0.0104691121102,0.0826182779861,0.0233225119449,0.21425908324,0.0632952544657,0.00579929998038,0.00162238537161,0.00905126367249,0.297027813335,0.0517692038697,1,0.9,30,20,15,10,20,1.2204793194e-07,1.2204793194e-17,1.2204793194e-07,1.76066720589e-06,4.00774062537e-06,2.72259621907e-07,1.2204793194e-07,1.2204793194e-17,1.2204793194e-07,0.00252032195697,0.994952981417,0.00252016776729
16,0.0597394955417,0.0583808822833,0.266965513255,0.0138097835055,0.0709743993752,0.0515366117171,0.0115369460145,0.166169393082,0.0420253818238,0.0216851520943,0.060450723167,0.176725718141,1,0.9,30,20,15,10,20,0.000119114873984,1.19114873984e-14,0.000119114873984,0.00783024758267,0.00550877067953,0.000824677366362,0.000119114873984,1.19114873984e-14,0.000119114873984,0.00248344026659,0.980393116276,0.00248328833328
17,0.00908490175488,0.141333898707,0.103818040382,0.0558690737386,0.00904589366821,0.345020276009,0.0484544077735,0.0502410747614,0.00383380333283,0.0300788007849,0.0246519754683,0.178567853619,1,0.9,30,20,15,10,20,6.03329291722e-05,6.03329291722e-15,6.03329291722e-05,0.0551200645653,0.00461586428144,0.00163304139875,6.03329291722e-05,6.03329291722e-15,6.03329291722e-05,0.0023650596013,0.933659723526,0.00236491491035
18,0.297597889955,0.275897999893,0.011557609271,0.185105842999,0.00799985759832,0.0236655103818,0.0604065328706,0.0359263878331,0.0254237251661,0.0202973783501,0.00924817329678,0.0468730923858,1,0.9,30,20,15,10,20,0.000234408567404,2.34408567404e-14,0.000234408567404,0.0450265117693,0.0452123485603,0.0018282395535,0.000234408567404,2.34408567404e-14,0.000234408567404,0.00228593500793,0.902423535682,0.00228579515771
19,0.00750640654533,0.0996516211048,0.119902141212,0.120529656283,0.0239235069868,0.139794521069,0.047568503028,0.0602580302121,0.211035388213,0.00301242073833,0.146509381684,0.0203084229225,1,0.9,30,20,15,10,20,2.83456232438e-07,2.83456232438e-17,2.83456232438e-07,8.71206449616e-06,1.40970765132e-05,9.23784329868e-07,2.83456232438e-07,2.83456232438e-17,2.83456232438e-07,0.00252027573928,0.994934735958,0.00252012155242
20,0.0462813485044,0.153965353682,0.0850365998615,0.00733527866009,0.03300707182,0.0418816930011,0.0996181394137,0.367048113218,0.0119161915088,0.00582645369318,0.134411575624,0.0136721810136,1,0.9,30,20,15,10,20,0.000261202757659,2.61202757659e-14,0.000261202757659,0.0655119957983,0.00234990892864,0.00811626585918,0.000261202757659,2.61202757659e-14,0.000261202757659,0.00232621443273,0.918324731832,0.00232607211827
21,0.0322948352037,0.155786278601,0.023846630461,0.0452983431275,0.00314911205285,0.327999109208,0.0195146401252,0.105975082628,0.0607978007162,0.010119244855,0.170867800318,0.0443511227044,1,0.9,30,20,15,10,20,7.3696587131e-05,7.3696587131e-15,7.3696587131e-05,0.037727811931,0.00790933024323,0.00057845483669,7.3696587131e-05,7.3696587131e-15,7.3696587131e-05,0.00240311650617,0.948683530647,0.00240296948695
22,0.15222685889,0.119391481436,0.0901329148698,0.0238320575558,0.0545889535906,0.151606579497,0.0108010707211,0.0366658382783,0.23324476567,0.0964804369779,0.0258714871793,0.00515755533345,1,0.9,30,20,15,10,20,0.000177881829713,1.77881829713e-14,0.000177881829713,0.0535534907671,0.0205684124098,0.0032074923176,0.000177881829713,1.77881829713e-14,0.000177881829713,0.00232364887644,0.917311921591,0.00232350671893
23,0.0521587529902,0.0723054777989,0.00518837134587,0.0678497118444,0.0361008947163,0.0746689865192,0.188985472817,0.211035829649,0.0893402753369,0.0957833390643,0.000839020614577,0.105743867303,1,0.9,30,20,15,10,20,0.000189865598011,1.89865598011e-14,0.000189865598011,0.00984673790498,0.00587577781994,0.00321388942691,0.000189865598011,1.89865598011e-14,0.000189865598011,0.00247069816038,0.975362887289,0.00247054700661
24,0.0303134887023,0.0371095729627,0.087729162253,0.0245185961719,0.0797623953899,0.06237664618,0.134555140805,0.0263213064577,0.157903506897,0.15624027814,0.133527574645,0.0696423313961,1,0.9,30,20,15,10,20,6.67807005498e-05,6.67807005498e-15,6.67807005498e-05,0.00973488082023,0.00238848602631,0.000698612912154,6.67807005498e-05,6.67807005498e-15,6.67807005498e-05,0.00248734944394,0.981936350724,0.00248719727147
25,0.11258395715,0.0942601927726,0.0705643742656,0.32651811952,0.0877786000672,0.0161004260901,0.0210085922017,0.0517133813444,0.077363570257,0.073773795135,0.0431423100082,0.0251926811887,1,0.9,30,20,15,10,20,4.53831931208e-05,4.53831931208e-15,4.53831931208e-05,0.00329844924381,0.0126374287177,0.000756779610908,4.53831931208e-05,4.53831931208e-15,4.53831931208e-05,0.00247780974181,0.97817034176,0.00247765815296
26,0.0487752119227,0.0130808257129,0.123943998856,0.363075990635,0.00269946465313,0.00860322100206,0.0811718411803,0.0386446362731,0.0363995083264,0.0435625535636,0.117721609595,0.122321138279,1,0.9,30,20,15,10,20,8.62577992913e-05,8.62577992913e-15,8.62577992913e-05,0.00384703567264,0.00508887213436,0.000342878997802,8.62577992913e-05,8.62577992913e-15,8.62577992913e-05,0.00249608313372,0.985384168437,0.00249593042694
27,0.0706300554743,0.239166418302,0.200456269747,0.0348139253365,0.0501172435358,0.0547177446,0.128831829169,0.0640796568292,0.0429984122626,0.0195451147803,0.0256120892556,0.069031240708,1,0.9,30,20,15,10,20,8.5238320338e-05,8.5238320338e-15,8.5238320338e-05,0.131139523162,0.00349892830153,0.00165095803405,8.5238320338e-05,8.5238320338e-15,8.5238320338e-05,0.00217598366036,0.859017803024,0.0021758505368
28,0.120972408259,0.020894585446,0.0554603590742,0.238074793221,0.0438885862322,0.146784571925,0.0322452194102,0.00706288280213,0.123434824609,0.139551864348,0.0633543240955,0.00827558057684,1,0.9,30,20,15,10,20,6.50360465008e-05,6.50360465008e-15,6.50360465008e-05,0.00624527271018,0.0106023782049,0.000100720115674,6.50360465008e-05,6.50360465008e-15,6.50360465008e-05,0.00247696712999,0.977837702061,0.0024768155927
29,0.249870497581,0.00576499461873,0.0131629587087,0.0301938976155,0.122185089543,0.0846454388964,0.268774168591,0.0762036498518,0.00521996292503,0.0651907187257,0.00307038119384,0.0757182417491,1,0.9,30,20,15,10,20,0.000203450097596,2.03450097596e-14,0.000203450097596,0.120171396852,0.00375712435084,0.00080234092874,0.000203450097596,2.03450097596e-14,0.000203450097596,0.00220392337654,0.870047625558,0.00220378854367
30,0.115691427893,0.0943100756657,0.0741453606436,0.0112712342335,0.0322659335457,0.0695540209746,0.210292941572,0.26261932833,0.0313624547614,0.0325909844619,0.0166140179927,0.0492822199267,1,0.9,30,20,15,10,20,0.000559627505726,5.59627505726e-14,0.000559627505726,0.090014477632,0.0109231933336,0.00459808893241,0.000559627505726,5.59627505726e-14,0.000559627505726,0.00224871077961,0.887728446093,0.00224857320671
31,0.0118630525693,0.156210045954,0.0683627418878,0.101764357236,0.036203836738,0.0897984631966,0.293123341544,0.133839478651,0.0494456043917,0.00221622082457,0.000460963610139,0.0567118933969,1,0.9,30,20,15,10,20,0.000808620386744,8.08620386744e-14,0.000808620386744,0.0249295227547,0.0326064686687,0.0263371042271,0.000808620386744,8.08620386744e-14,0.000808620386744,0.00230079783912,0.908290967884,0.00230065707961
32,0.0704807500123,0.0113313061313,0.130512757014,0.0806930230257,0.0791858455857,0.178806912513,0.151743934455,0.155693177066,0.012469826562,0.00639529778426,0.00811126471348,0.114575905138,1,0.9,30,20,15,10,20,5.30669363725e-05,5.30669363725e-15,5.30669363725e-05,0.150129033499,0.00228573718983,0.00265099115182,5.30669363725e-05,5.30669363725e-15,5.30669363725e-05,0.00212898522941,0.840464130203,0.00212885498115
33,0.315186169403,0.0120202518603,0.0315556673196,0.0452476692282,0.0349823268219,0.0114338363244,0.0259256008579,0.0877730353656,0.138053243807,0.00220629887565,0.020563816087,0.27505208405,1,0.9,30,20,15,10,20,4.78458061708e-05,4.78458061708e-15,4.78458061708e-05,0.0190210897842,0.00133394556762,0.00408191663357,4.78458061708e-05,4.78458061708e-15,4.78458061708e-05,0.00245826667265,0.970455281838,0.00245811627942
34,0.204383733882,0.0608324307913,0.224908212955,0.0972873085144,0.0189486485768,0.0716378436087,0.0348687041786,0.0888376867119,0.00318000214491,0.0467033466228,0.105480786036,0.0429312959776,1,0.9,30,20,15,10,20,6.74664230444e-05,6.74664230444e-15,6.74664230444e-05,0.0538841038663,0.00418463236018,0.00166993040747,6.74664230444e-05,6.74664230444e-15,6.74664230444e-05,0.00236909660284,0.935253419406,0.00236895166491
35,0.22171505141,0.00226273860593,0.138600131683,0.124897214524,0.0297823643384,0.0234701522756,0.0860771552384,0.00943833097399,0.0792239903528,0.00876977249297,0.0967700530209,0.178993045084,1,0.9,30,20,15,10,20,0.000112452410867,1.12452410867e-14,0.000112452410867,0.0212901695219,0.00552446739237,0.000521475487533,0.000112452410867,1.12452410867e-14,0.000112452410867,0.00245030848526,0.967313610891,0.00245015857891
36,0.0392551428863,0.00605391037495,0.0274500156108,0.244408145529,0.00693841300182,0.0776243412138,0.063630791358,0.00314045647366,0.195754791276,0.129945957289,0.0119607180381,0.193837316949,1,0.9,30,20,15,10,20,3.45415212747e-05,3.45415212747e-15,3.45415212747e-05,0.0034230233568,0.00491444777026,0.000142619283984,3.45415212747e-05,3.45415212747e-15,3.45415212747e-05,0.00249861748901,0.986384661388,0.00249846462718
37,0.00655922293387,0.0869310123245,0.053115968,0.0729161433235,0.275079586905,0.214613047358,0.105935386934,0.0863308054953,0.0434465845738,0.0128630413892,0.0386973341241,0.00351186663903,1,0.9,30,20,15,10,20,0.000226300790595,2.26300790595e-14,0.000226300790595,0.248662071388,0.0302677385953,0.000931877510077,0.000226300790595,2.26300790595e-14,0.000226300790595,0.00181271083259,0.715607798578,0.00181259993354
38,0.0095954811418,0.184470886741,0.237132721496,0.0722088186585,0.0232492673002,0.0949534125153,0.222502426773,0.0269952982779,0.0567870004112,0.0343411269774,0.0253514542633,0.0124121054442,1,0.9,30,20,15,10,20,0.000260379063181,2.60379063181e-14,0.000260379063181,0.174282187032,0.0276053345781,0.00331494649451,0.000260379063181,2.60379063181e-14,0.000260379063181,0.0020005337759,0.789755070481,0.00200041138612
39,0.0334768495203,0.167044809477,0.0304823937064,0.0711193751484,0.0716112953995,0.0958740926683,0.123516156672,0.0767624447259,0.0388704071193,0.12966812231,0.0279475556845,0.133626497568,1,0.9,30,20,15,10,20,7.43415217433e-06,7.43415217433e-16,7.43415217433e-06,0.0492530687198,0.00180553051254,0.000402918166693,7.43415217433e-06,7.43415217433e-16,7.43415217433e-06,0.00239056302655,0.94372776619,0.00239041677534
40,0.255324956831,0.0919996555784,0.0781566403313,0.144006553473,0.0342437328069,0.256666153675,0.0374548605596,0.0295987449932,0.0179572166379,0.0233778698521,0.00964870209651,0.0215649131652,1,0.9,30,20,15,10,20,0.000432341631252,4.32341631252e-14,0.000432341631252,0.172862741774,0.041596762095,0.00148510148809,0.000432341631252,4.32341631252e-14,0.000432341631252,0.0019717263393,0.778382696066,0.00197160571191
41,0.0473928909088,0.0991471036568,0.0174456284598,0.106128718924,0.0888491922735,0.14861361501,0.190647923787,0.0525258463835,0.168047192243,0.0126752908263,0.0423778078058,0.0261487897213,1,0.9,30,20,15,10,20,0.000948374194416,9.48374194416e-14,0.000948374194416,0.067817971092,0.0312605597125,0.00355352999502,0.000948374194416,9.48374194416e-14,0.000948374194416,0.00225210999113,0.889070360221,0.00225197221028
42,0.0644570590618,0.00579870329041,0.0084570882073,0.0204129351135,0.0564020294637,0.0649798496245,0.011689686252,0.0299609765734,0.181075763736,0.0383094137122,0.0858544879063,0.432602007059,1,0.9,30,20,15,10,20,4.7593295864e-06,4.7593295864e-16,4.7593295864e-06,0.00221716065858,0.00101921553296,0.000367365635784,4.7593295864e-06,4.7593295864e-16,4.7593295864e-06,0.00251120778246,0.991354958921,0.00251105415038
43,0.0184050080341,0.252620168608,0.0521030992175,0.00887455701885,0.211549905362,0.0433582180953,0.148300242799,0.00383541351824,0.075589235384,0.0539753328318,0.0409621293404,0.0904266897904,1,0.9,30,20,15,10,20,4.88489104464e-05,4.88489104464e-15,4.88489104464e-05,0.0242696095698,0.00414864982285,0.000518362083932,4.88489104464e-05,4.88489104464e-15,4.88489104464e-05,0.00244691587014,0.96597430084,0.00244676617134
44,0.138052287558,0.0317354045189,0.0105852885553,0.177758913123,0.255408499097,0.0293228323957,0.0768947412401,0.0249187232288,0.0521825760976,0.048880726685,0.0847964111057,0.0694635963953,1,0.9,30,20,15,10,20,0.000108242889731,1.08242889731e-14,0.000108242889731,0.00208555118815,0.00656017439863,0.000151638065401,0.000108242889731,1.08242889731e-14,0.000108242889731,0.00249707484352,0.985775667869,0.00249692207606
45,0.0423359788909,0.0468231161599,0.124172316767,0.164350140693,0.0114141990795,0.201477973835,0.0392412515952,0.0315456936044,0.0797862006183,0.037432854322,0.197110021133,0.0243102533019,1,0.9,30,20,15,10,20,3.29739260114e-06,3.29739260114e-16,3.29739260114e-06,1.48382624543e-05,0.000119954884383,0.000144730574174,3.29739260114e-06,3.29739260114e-16,3.29739260114e-06,0.00251960067535,0.994668239503,0.0025194465298
46,0.098083120517,0.0960672096673,0.00931068887263,0.084479140046,0.104313086022,0.2297637663,0.0141622740476,0.234795835529,0.0375355757553,0.059059431317,0.00729035890305,0.0251395130229,1,0.9,30,20,15,10,20,0.00014048973045,1.4048973045e-14,0.00014048973045,0.159769670447,0.0155453649513,0.000740860142625,0.00014048973045,1.4048973045e-14,0.00014048973045,0.00207520164907,0.819231869197,0.00207507469121
47,0.213236583272,0.00475414169734,0.00220145037801,0.0509160437261,0.0766866500589,0.0456777594813,0.439469444896,0.109519603843,0.0156559736862,0.00855793755074,0.0317857103257,0.00153870108408,1,0.9,30,20,15,10,20,0.000406189380336,4.06189380336e-14,0.000406189380336,0.297089433146,0.0190257663712,0.00968763350611,0.000406189380336,4.06189380336e-14,0.000406189380336,0.00169511007834,0.669182293003,0.00169500637394
48,0.103953105295,0.0439562040846,0.045892236595,0.141229334598,0.203736301951,0.0462232022022,0.0951919363765,0.171296700232,0.0672794850127,0.0762894418711,0.00186978462841,0.00308226715312,1,0.9,30,20,15,10,20,8.87150071656e-05,8.87150071656e-15,8.87150071656e-05,0.0820111576133,0.0322004844257,0.00767235170986,8.87150071656e-05,8.87150071656e-15,8.87150071656e-05,0.0022122551333,0.873336771298,0.00221211979071
49,0.0335686747585,0.113032138819,0.0015295984791,0.173641428063,0.162280123894,0.161503357002,0.0253907068101,0.156257056406,0.00241247100368,0.0776471343578,0.0112533130707,0.0814839973347,1,0.9,30,20,15,10,20,0.000116005539543,1.16005539543e-14,0.000116005539543,0.11474564193,0.00151044763422,0.00344541721219,0.000116005539543,1.16005539543e-14,0.000116005539543,0.00221748061354,0.875399645501,0.00221734495126
50,0.116073502308,0.133372469455,0.213961551523,0.103858980133,0.0515097503309,0.0890025222055,0.0163266355999,0.03494502347,0.0152249550274,0.0225817007758,0.0674364571396,0.135706452032,1,0.9,30,20,15,10,20,0.000160050774553,1.60050774553e-14,0.000160050774553,0.0271072032237,0.00936719260431,0.00166170668872,0.000160050774553,1.60050774553e-14,0.000160050774553,0.00242260899939,0.956378624598,0.00242246078765
51,0.0062310749915,0.276097005568,0.0632934684862,0.0471315320369,0.0741854590995,0.132598074188,0.101599458703,0.0758598894909,0.00332491968176,0.0573642891593,0.0285965068239,0.133718321772,1,0.9,30,20,15,10,20,5.61895708238e-05,5.61895708238e-15,5.61895708238e-05,0.051583464894,0.00486481433594,0.00208575268267,5.61895708238e-05,5.61895708238e-15,5.61895708238e-05,0.00237224637593,0.936496862183,0.00237210124531
52,0.029424527905,0.0373264995487,0.207833355857,0.0735602658585,0.0123967620844,0.0858439828405,0.00876383163068,0.229634296672,0.108941856611,0.0827892065094,0.0222518660824,0.101233548401,1,0.9,30,20,15,10,20,0.000252869303797,2.52869303797e-14,0.000252869303797,0.0557816950444,0.00496277685904,0.000878929484173,0.000252869303797,2.52869303797e-14,0.000252869303797,0.00236247732143,0.932640311287,0.00236233278846
53,0.0852572033157,0.00659388041979,0.458928554284,0.0613087907787,0.00128546387126,0.0510187507811,0.181843789778,0.000486159931377,0.0930233419119,0.0342706911815,0.00190648510274,0.0240768886444,1,0.9,30,20,15,10,20,0.000382092753206,3.82092753206e-14,0.000382092753206,0.156084239728,0.024927378207,0.0231239362773,0.000382092753206,3.82092753206e-14,0.000382092753206,0.00200199572121,0.790332205812,0.00200187324199
54,0.0406890287774,0.0144397454992,0.0137769299454,0.0729030162158,0.0273649233041,0.179613134046,0.415448662857,0.0124129589548,0.028316865461,0.108060208631,0.0821114182513,0.00486310805687,1,0.9,30,20,15,10,20,0.000222867228296,2.22867228296e-14,0.000222867228296,0.0394438259831,0.00587666926952,0.00311371320766,0.000222867228296,2.22867228296e-14,0.000222867228296,0.00239602101252,0.945882427187,0.0023958744274
55,0.0309329377479,0.295067467579,0.0551616445474,0.0519110708063,0.0505121961046,0.072125354533,0.0401713804913,0.0165280938547,0.0574867858487,0.229395410477,0.0569625222773,0.0437451357335,1,0.9,30,20,15,10,20,2.68401190408e-05,2.68401190408e-15,2.68401190408e-05,0.00125057509431,0.00173942410113,0.00123451477476,2.68401190408e-05,2.68401190408e-15,2.68401190408e-05,0.00250942062234,0.990649437832,0.00250926709959
56,0.0152582111288,0.122096503117,0.02666637037,0.00644302755958,0.299954846141,0.0334539523581,0.0551910066559,0.0732949359124,0.0475571990246,0.0702297954135,0.0952550498029,0.154599102517,1,0.9,30,20,15,10,20,2.92791451867e-05,2.92791451867e-15,2.92791451867e-05,0.0256119459031,0.00395241904728,0.000441063628256,2.92791451867e-05,2.92791451867e-15,2.92791451867e-05,0.00244441940427,0.964988765578,0.0024442698582
57,0.022189207468,0.147465921604,0.0674602574051,0.116619469696,0.128100027918,0.0610863873494,0.121742016266,0.0313557335736,0.0683937789144,0.0724390649258,0.0486376730892,0.114510461791,1,0.9,30,20,15,10,20,7.44664148962e-05,7.44664148962e-15,7.44664148962e-05,0.0471186230825,0.00572442466366,0.000875374985262,7.44664148962e-05,7.44664148962e-15,7.44664148962e-05,0.0023841990854,0.9412154593,0.00238405322352
58,0.175303514183,0.233014599569,0.00810326336323,0.0334143701934,0.0236290909116,0.160587579721,0.0659975499287,0.0556230857248,0.082075987681,0.0503757530742,0.0396817263375,0.0721934793121,1,0.9,30,20,15,10,20,7.2876320991e-05,7.2876320991e-15,7.2876320991e-05,0.0836392265351,0.0127728027853,0.000560192078145,7.2876320991e-05,7.2876320991e-15,7.2876320991e-05,0.00227520090546,0.8981860107,0.00227506171193
59,0.0380101286862,0.0224281496591,0.15198777689,0.0128593485136,0.273726831151,0.149679236617,0.181510351754,0.0147563759394,0.0176363717377,0.0189900369049,0.0748162407854,0.0435991513611,1,0.9,30,20,15,10,20,4.81181393865e-05,4.81181393865e-15,4.81181393865e-05,0.00174928354645,0.0133000556983,0.000134656368131,4.81181393865e-05,4.81181393865e-15,4.81181393865e-05,0.00248158450853,0.979660514632,0.00248143268875
60,0.0500465763636,0.297221204392,0.00534509105921,0.137444808412,0.0394312845886,0.058227586797,0.0552682393502,0.0819361053428,0.0592377767265,0.000132626293782,0.144606827443,0.0711018732311,1,0.9,30,20,15,10,20,0.000157370385798,1.57370385798e-14,0.000157370385798,0.0215916520758,0.00573505450328,0.00190862465179,0.000157370385798,1.57370385798e-14,0.000157370385798,0.0024450689771,0.965245198858,0.00244491939129
61,0.0292530409332,0.207832614317,0.00501494605242,0.0409960796551,0.0333909033311,0.127262257163,0.274775488354,0.0353783430692,0.0406128294435,0.00553316904148,0.168435620581,0.0315147080588,1,0.9,30,20,15,10,20,3.91039024704e-05,3.91039024704e-15,3.91039024704e-05,0.027325762201,0.00630675918884,0.000347533055977,3.91039024704e-05,3.91039024704e-15,3.91039024704e-05,0.00243430295517,0.960995072961,0.00243415402801
62,0.2398616882,0.0857963779937,0.141157927831,0.0350274794343,0.17497879096,0.0529180316552,0.00156061457554,0.0891850764885,0.0728013884512,0.0819739006085,0.00178850860411,0.0229502151973,1,0.9,30,20,15,10,20,0.000284350372566,2.84350372566e-14,0.000284350372566,0.0170686236601,0.0228027249883,0.00354114959155,0.000284350372566,2.84350372566e-14,0.000284350372566,0.00240805758837,0.950634132414,0.00240791026686
63,0.147103451202,0.0664452803516,0.0208046675839,0.10658946234,0.114864163069,0.0931680646242,0.0626515070485,0.0560126734689,0.134076419715,0.0292563629248,0.0375849912742,0.131442956398,1,0.9,30,20,15,10,20,8.68086752973e-05,8.68086752973e-15,8.68086752973e-05,0.0654276937791,0.00244213044496,0.00455740827881,8.68086752973e-05,8.68086752973e-15,8.68086752973e-05,0.0023369221268,0.922551831512,0.00233677915726
64,0.00987647569233,0.0102657895173,0.0867257307684,0.0272188775327,0.348759684948,0.0675390557644,0.145008194105,0.0869987652074,0.0475990757627,0.0629691783293,0.0435199684128,0.0635192039595,1,0.9,30,20,15,10,20,6.92764800204e-05,6.92764800204e-15,6.92764800204e-05,0.00777295843612,0.0104199619237,0.000629018825157,6.92764800204e-05,6.92764800204e-15,6.92764800204e-05,0.00247220235489,0.975956701431,0.0024720511091
65,0.123500321879,0.0293394683871,0.172145690093,0.0178279108608,0.074607822376,0.248536545547,0.129896140235,0.0194078421719,0.0206589243251,0.0124303499251,0.147089013809,0.00455997039066,1,0.9,30,20,15,10,20,4.38285177621e-05,4.38285177621e-15,4.38285177621e-05,0.00442851572953,0.0090122086023,0.00128921814423,4.38285177621e-05,4.38285177621e-15,4.38285177621e-05,0.00248277212129,0.980129351103,0.00248262022885
66,0.019152534323,0.0254498640069,0.0816174665638,0.0352233286804,0.192469134955,0.0406476526998,0.0112075412236,0.0124374399695,0.17683843857,0.0531909291269,0.350644100631,0.00112156924983,1,0.9,30,20,15,10,20,4.87047576209e-05,4.87047576209e-15,4.87047576209e-05,0.00788106448793,0.00104248538929,0.000619982889824,4.87047576209e-05,4.87047576209e-15,4.87047576209e-05,0.0024957944698,0.985270211952,0.00249564178068
67,0.0119012214551,0.0511268847074,0.00724651502796,0.0378041929485,0.240663706855,0.0968795317253,0.145138256672,0.0452948698944,0.151659006626,0.0298963942535,0.0393437817212,0.143045638113,1,0.9,30,20,15,10,20,0.000294020340144,2.94020340144e-14,0.000294020340144,0.0229205046835,0.00459672574886,0.00478716415193,0.000294020340144,2.94020340144e-14,0.000294020340144,0.00243595628233,0.961647760519,0.00243580725402
68,0.0145141350161,0.285641962591,0.0784802370856,0.0369171258075,0.0170322959611,0.0751838481411,0.0745065905738,0.00232078683769,0.0006675436304,0.221569267686,0.0537928847182,0.139373321951,1,0.9,30,20,15,10,20,2.77555460954e-05,2.77555460954e-15,2.77555460954e-05,0.00962300341613,0.00186093606523,0.000212505239619,2.77555460954e-05,2.77555460954e-15,2.77555460954e-05,0.00249057959951,0.983211526266,0.00249042722943
69,0.0925558669453,0.0515486027183,0.0066790972597,0.199703546999,0.147275379057,0.0115989816804,0.325861376358,0.0971299062172,0.0225276622835,0.00592493542123,0.0155861851396,0.0236084599207,1,0.9,30,20,15,10,20,0.00281306397631,2.81306397631e-13,0.00281306397631,0.0204271838064,0.04321627304,0.0143003573858,0.00281306397631,2.81306397631e-13,0.00281306397631,0.00229553413014,0.906213002039,0.00229539369266
70,0.209938594817,0.000382228087032,0.0131271441664,0.0450698026707,0.0390007660138,0.0426497659002,0.160910152871,0.294892654422,0.0614689588925,0.0696828925854,0.0304258628001,0.0324511767741,1,0.9,30,20,15,10,20,0.000351028900929,3.51028900929e-14,0.000351028900929,0.0219407721052,0.019595888175,0.000747795942245,0.000351028900929,3.51028900929e-14,0.000351028900929,0.00241022842617,0.951491118776,0.00241008097185
71,0.0920808002862,0.142538530785,0.100072166422,0.0719117656927,0.108188804949,0.0250286022608,0.0344306010846,0.0609991170345,0.00485730087106,0.0690262118277,0.258968891049,0.0318972077362,1,0.9,30,20,15,10,20,7.23139322063e-05,7.23139322063e-15,7.23139322063e-05,0.00888703092754,0.00160778412452,0.000727400647512,7.23139322063e-05,7.23139322063e-15,7.23139322063e-05,0.00249132560828,0.983506029771,0.00249117319256
72,0.0524583061024,0.0124295492096,0.175576864399,0.129363183456,0.0259097327321,0.131870115822,0.0152270497831,0.207593302049,0.0689952023746,0.0804914589216,0.0433113602195,0.0567738749302,1,0.9,30,20,15,10,20,0.000135283263586,1.35283263586e-14,0.000135283263586,0.0568648504892,0.00804740376876,0.000998815459767,0.000135283263586,1.35283263586e-14,0.000135283263586,0.0023528563727,0.928842228427,0.00235271242832
73,0.104407432861,0.0231555735577,0.207573197672,0.0208985773913,0.0477146420145,0.206919909531,0.0382539679821,0.297709301209,0.0175966343559,0.0146000929072,0.0201478568461,0.00102281367148,1,0.9,30,20,15,10,20,0.00169777327567,1.69777327567e-13,0.00169777327567,0.0797849492953,0.116500070505,0.00439776792927,0.00169777327567,1.69777327567e-13,0.00169777327567,0.00199743402057,0.788531373326,0.00199731182043
74,0.0841974726218,0.158116823367,0.00566553525764,0.112497678279,0.0245815039196,0.0782244560579,0.0716061231692,0.215739044237,0.014563082506,0.187983237006,0.0305774715721,0.0162475720075,1,0.9,30,20,15,10,20,4.23750779866e-05,4.23750779866e-15,4.23750779866e-05,0.0421484195139,0.00199941724425,0.000518630810754,4.23750779866e-05,4.23750779866e-15,4.23750779866e-05,0.00240733659982,0.950349506197,0.00240718932242
75,0.00516845905161,0.163268178604,0.0520006938134,0.0153254659309,0.186523880621,0.156165040814,0.065239691179,0.0107683560692,0.256227079562,0.00804563387761,0.0509148733222,0.0303526471543,1,0.9,30,20,15,10,20,0.00027196883227,2.7196883227e-14,0.00027196883227,0.039537221524,0.0166051914015,0.00515894441592,0.00027196883227,2.7196883227e-14,0.00027196883227,0.00236309643231,0.932884719036,0.00236295186147
76,0.0239578535081,0.0955046246477,0.294203707403,0.0276923824398,0.0877416474799,0.013115452233,0.0239680555341,0.313112453552,0.0148337714226,0.0144610623432,0.0702114948089,0.021197494628,1,0.9,30,20,15,10,20,0.000299146205301,2.99146205301e-14,0.000299146205301,0.0680114630781,0.0190353586501,0.00244814768674,0.000299146205301,2.99146205301e-14,0.000299146205301,0.00229176500413,0.904725055963,0.00229162479723
77,0.0606791351245,0.0383451770506,0.0890996375226,0.0307565322244,0.00337476618182,0.10182440551,0.17938585263,0.0278858383031,0.0410749805724,0.0198065730187,0.0396935286924,0.36807357317,1,0.9,30,20,15,10,20,2.74227901637e-05,2.74227901637e-15,2.74227901637e-05,0.0174080040762,0.000885562332348,0.000875919029729,2.74227901637e-05,2.74227901637e-15,2.74227901637e-05,0.00247174836257,0.975777477894,0.00247159714455
78,0.00769777763803,0.153960997092,0.0939154011263,0.0114415863148,0.0725228050873,0.00795576497577,0.0325924203356,0.0386517382911,0.226403503948,0.150337097767,0.149539484878,0.0549814225468,1,0.9,30,20,15,10,20,8.74392132937e-05,8.74392132937e-15,8.74392132937e-05,0.0121018160276,0.00289244578598,0.00124126215469,8.74392132937e-05,8.74392132937e-15,8.74392132937e-05,0.00247853789158,0.978457795029,0.00247838625819
79,5.22135038191e-06,0.355434120523,0.0211819153357,0.154718535069,0.0298024065103,0.059182523547,0.0153703829914,0.0716978743584,0.110783210006,0.00170767567368,0.0385910884149,0.14152504622,1,0.9,30,20,15,10,20,5.14093421022e-05,5.14093421022e-15,5.14093421022e-05,0.0726354627432,0.00147486513057,0.00209366762754,5.14093421022e-05,5.14093421022e-15,5.14093421022e-05,0.00232776027914,0.918934988981,0.00232761787011
80,0.120995403807,0.138053446516,0.00710493174409,0.0136834981585,0.110762907393,0.00450985189065,0.178423765525,0.145785936834,0.00427371977477,0.113653768473,0.14889434597,0.0138584239155,1,0.9,30,20,15,10,20,4.19855510038e-05,4.19855510038e-15,4.19855510038e-05,0.017724217486,0.00254434736577,0.00226598502258,4.19855510038e-05,4.19855510038e-15,4.19855510038e-05,0.00246312044907,0.972371417714,0.0024629697589
81,0.000730867951735,0.211242603865,0.144598058038,0.0906328396189,0.0403401986654,0.00697516675728,0.0146167555382,0.0281641294099,0.170881440611,0.143805172308,0.0462523456544,0.101760421581,1,0.9,30,20,15,10,20,3.30691894408e-05,3.30691894408e-15,3.30691894408e-05,0.0147470544719,0.00575003280378,0.00059540983814,3.30691894408e-05,3.30691894408e-15,3.30691894408e-05,0.00246684479903,0.973841687448,0.00246669388101
82,0.0305023006951,0.221726881478,0.0296406281122,0.329227957009,0.0116879218022,0.0566312854364,0.107449406216,0.00438950099934,0.0555257978117,0.0867736062806,0.0304875143083,0.0359571998519,1,0.9,30,20,15,10,20,0.000172728811663,1.72728811663e-14,0.000172728811663,0.0173880465385,0.0164870745804,0.00105247417475,0.000172728811663,1.72728811663e-14,0.000172728811663,0.00243056771161,0.959520502735,0.00243041901297
83,0.157359092349,0.0612546261837,0.0208523305934,0.014044223053,0.025114061815,0.184804559708,0.220118521785,0.131410636005,0.0228596346074,0.041032485273,0.0745555537141,0.0465942749132,1,0.9,30,20,15,10,20,0.000111514403162,1.11514403162e-14,0.000111514403162,0.00649606523334,0.00695819111699,0.00246144225265,0.000111514403162,1.11514403162e-14,0.000111514403162,0.00247910124923,0.978680192954,0.00247894958137
84,0.053347117469,0.0855710672586,0.0273534566669,0.0942695985851,0.289955799703,0.0701204478519,0.0141969268378,0.0922833470702,0.00716908766832,0.0205120906296,0.0499605186067,0.195260541653,1,0.9,30,20,15,10,20,4.7773922651e-05,4.7773922651e-15,4.7773922651e-05,0.00138719799299,0.00162063677131,0.0025550112147,4.7773922651e-05,4.7773922651e-15,4.7773922651e-05,0.00250583653169,0.98923453857,0.00250568322821
85,0.261693933508,0.0547477028798,0.0876219482722,0.122446031791,0.151747156599,0.050791961787,0.029105124221,0.0911647628844,0.0202884135834,0.0665452322003,0.0500907836005,0.013756948673,1,0.9,30,20,15,10,20,0.000312918781504,3.12918781504e-14,0.000312918781504,0.0722134642008,0.0165491189919,0.000182357328338,0.000312918781504,3.12918781504e-14,0.000312918781504,0.00229301241686,0.905217499802,0.00229287213366
86,0.244806331127,0.00166120732843,0.0658919143251,0.0239480515108,0.0206605096919,0.0725117417918,0.0809123493477,0.144876889729,0.00781797063267,0.0662160888571,0.192529897112,0.0781670485463,1,0.9,30,20,15,10,20,2.2442211074e-05,2.2442211074e-15,2.2442211074e-05,0.0130688996993,0.0019659949865,0.000751570777632,2.2442211074e-05,2.2442211074e-15,2.2442211074e-05,0.00248032492874,0.979163267578,0.00248017318602
87,0.0731079913906,0.00458759788124,0.0375275130742,0.110989837967,0.0969677795062,0.0254602993519,0.0446019485619,0.285324844306,0.0960954981586,0.0740156384679,0.058092628282,0.0932284230519,1,0.9,30,20,15,10,20,9.21703239368e-05,9.21703239368e-15,9.21703239368e-05,0.0304788612861,0.00577482860435,0.00277143194608,9.21703239368e-05,9.21703239368e-15,9.21703239368e-05,0.00242105269668,0.955764239591,0.00242090458015
88,0.00234357927851,0.0584379691945,0.185096972196,0.0349259953641,0.0450956257371,0.076770269731,0.132047785673,0.206969531356,0.131529327421,0.00781568181478,0.061241411608,0.0577258506268,1,0.9,30,20,15,10,20,0.00042291679394,4.2291679394e-14,0.00042291679394,0.0254742129119,0.0167060324576,0.00459718826661,0.00042291679394,4.2291679394e-14,0.00042291679394,0.00239817987534,0.946734686155,0.00239803315813
89,0.352764910605,0.0479765532433,0.0498111553639,0.0418079410036,0.142176508065,0.00745081711802,0.123711047857,0.014143378567,0.0259103752325,0.0598838011488,0.00548921010129,0.128874301695,1,0.9,30,20,15,10,20,0.000123878768279,1.23878768279e-14,0.000123878768279,0.0129595460232,0.00217764123004,0.00961435047628,0.000123878768279,1.23878768279e-14,0.000123878768279,0.00245670729494,0.969839682905,0.00245655699711
90,0.0699092689384,0.0271703944063,0.0497278183568,0.0129139554934,0.00632313429542,0.184591861624,0.102552853727,0.225115079137,0.125619668523,0.0710476803394,0.015353502952,0.109674782206,1,0.9,30,20,15,10,20,9.32777235439e-05,9.32777235439e-15,9.32777235439e-05,0.0384257207137,0.00185689067485,0.00133702916662,9.32777235439e-05,9.32777235439e-15,9.32777235439e-05,0.0024145024674,0.953178391332,0.00241435475161
91,0.120992484433,0.0945712934859,0.163907542685,0.0028184405276,0.108206688527,0.00490575993215,0.0121470776452,0.0630964159813,0.0160393463091,0.23215346961,0.167763076118,0.0133984047457,1,0.9,30,20,15,10,20,4.80348125393e-05,4.80348125393e-15,4.80348125393e-05,0.0127245120948,0.000326105029708,0.00173806901453,4.80348125393e-05,4.80348125393e-15,4.80348125393e-05,0.00248258166223,0.980054163167,0.00248242978145
92,0.0513249316159,0.00245154005191,0.0329547703338,0.308367424166,0.146359817007,0.0328427355359,0.0204525978637,0.0997060065051,0.0834637000117,0.0158776827359,0.0920751906914,0.114123603482,1,0.9,30,20,15,10,20,6.18365841395e-05,6.18365841395e-15,6.18365841395e-05,0.00858432327395,0.0100252597313,3.60701079273e-05,6.18365841395e-05,6.18365841395e-15,6.18365841395e-05,0.00247272165967,0.976161708508,0.00247257038211
93,0.103656391817,0.078105850239,0.0786718528471,0.0450998931638,0.114577089118,0.0498860548066,0.0338225159469,0.113109826119,0.126464975261,0.0904736173403,0.0949774221801,0.071154511162,1,0.9,30,20,15,10,20,9.48947791644e-05,9.48947791644e-15,9.48947791644e-05,0.00684604369995,0.00446699977519,0.00134239715265,9.48947791644e-05,9.48947791644e-15,9.48947791644e-05,0.00248748575094,0.981990160934,0.00248733357013
